Date,Open,High,Low,Close,Volume,Dividends,Stock Splits,daily_return,cum_return,middle_band,upper_band,lower_band,Conversion,Baseline,SpanA,SpanB,Lagging
2017-02-21,1.809999942779541,1.8200000524520876,1.7300000190734863,1.7599999904632568,70500,0,0,,,,,,,,,,1.440000057220459
2017-02-22,1.75,1.7699999809265137,1.649999976158142,1.7699999809265137,143500,0,0,0.005681812794001706,1.0056818127940017,,,,,,,,1.4299999475479126
2017-02-23,1.7000000476837158,1.7699999809265137,1.7000000476837158,1.7400000095367432,43600,0,0,-0.01694913656104502,0.9886363744119968,,,,,,,,1.399999976158142
2017-02-24,1.7200000286102295,1.7400000095367432,1.7000000476837158,1.7000000476837158,20500,0,0,-0.022988483697581663,0.9659091232359904,,,,,,,,1.340000033378601
2017-02-27,1.7400000095367432,1.7400000095367432,1.7000000476837158,1.7200000286102295,14100,0,0,0.01176469433266436,0.9772727488239937,,,,,,,,1.2899999618530271
2017-02-28,1.7000000476837158,1.7400000095367432,1.6799999475479126,1.6799999475479126,30000,0,0,-0.023255860695907793,0.954545429915436,,,,,,,,1.2899999618530271
2017-03-01,1.690000057220459,1.7100000381469729,1.659999966621399,1.659999966621399,69500,0,0,-0.011904750923180218,0.9431818043274328,,,,,,,,1.309999942779541
2017-03-02,1.659999966621399,1.690000057220459,1.590000033378601,1.600000023841858,122200,0,0,-0.0361445445698767,0.9090909275634232,,,,,,,,1.2699999809265137
2017-03-03,1.5800000429153442,1.6299999952316284,1.5800000429153442,1.6100000143051147,32000,0,0,0.006249993946403354,0.9147727403574248,,,,1.7000000476837158,,,,1.2300000190734863
2017-03-06,1.6299999952316284,1.6299999952316284,1.5299999713897705,1.5700000524520874,133200,0,0,-0.024844696582373316,0.8920454891814185,,,,1.649999976158142,,,,1.3799999952316284
2017-03-07,1.5800000429153442,1.600000023841858,1.5399999618530271,1.5499999523162842,67700,0,0,-0.01273891685835693,0.880681795860864,,,,1.649999976158142,,,,1.3700000047683716
2017-03-08,1.5800000429153442,1.600000023841858,1.5099999904632568,1.5099999904632568,67700,0,0,-0.02580642779585396,0.8579545446848577,,,,1.625,,,,1.3799999952316284
2017-03-09,1.5099999904632568,1.7100000381469729,1.5099999904632568,1.600000023841858,60100,0,0,0.0596026714880904,0.9090909275634234,,,,1.625,,,,1.2899999618530271
2017-03-10,1.6299999952316284,1.7100000381469729,1.5700000524520874,1.600000023841858,42200,0,0,0.0,0.9090909275634234,,,,1.625,,,,1.2999999523162842
2017-03-13,1.6299999952316284,1.6299999952316284,1.5,1.5800000429153442,69700,0,0,-0.012499987892806708,0.8977273019754202,,,,1.6050000190734863,,,,1.309999942779541
2017-03-14,1.5,1.5700000524520874,1.399999976158142,1.4199999570846558,106700,0,0,-0.10126587435748646,0.806818161806292,,,,1.5550000071525574,,,,1.2999999523162842
2017-03-15,1.4199999570846558,1.4500000476837158,1.399999976158142,1.4299999475479126,37100,0,0,0.00704224701794165,0.8124999746002934,,,,1.5550000071525574,,,,1.3799999952316284
2017-03-16,1.4199999570846558,1.5099999904632568,1.4199999570846558,1.5,12800,0,0,0.04895108742634546,0.8522727318908558,,,,1.5550000071525574,,,,1.3700000047683716
2017-03-17,1.5,1.5099999904632568,1.4500000476837158,1.4600000381469729,35000,0,0,-0.02666664123535145,0.8295454807148495,,,,1.5550000071525574,,,,1.3899999856948853
2017-03-20,1.440000057220459,1.4900000095367432,1.399999976158142,1.399999976158142,65400,0,0,-0.04109593179530502,0.7954545362182885,1.5930000007152558,1.8180162097887504,1.3679837916417612,1.5550000071525574,,,,1.340000033378601
2017-03-21,1.399999976158142,1.440000057220459,1.2599999904632568,1.2899999618530271,84800,0,0,-0.07857144012743145,0.7329545277517195,1.5694999992847443,1.8171349482499,1.3218650503195886,1.4850000143051147,,,,1.309999942779541
2017-03-22,1.2899999618530271,1.3200000524520874,1.25,1.2999999523162842,63100,0,0,0.0077519308209068605,0.7386363405457214,1.5459999978542327,1.8022165004041448,1.2897834953043206,1.4800000190734863,,,,1.2599999904632568
2017-03-23,1.3300000429153442,1.409999966621399,1.3200000524520874,1.350000023841858,19900,0,0,0.03846159489197354,0.7670454722482807,1.5264999985694885,1.7800092689277822,1.2729907282111947,1.4399999976158142,,,,1.2100000381469729
2017-03-24,1.3799999952316284,1.5,1.3799999952316284,1.440000057220459,21900,0,0,0.06666669021418015,0.8181818551268463,1.5134999990463256,1.7564197767396168,1.2705802213530344,1.4100000262260437,,,,1.1699999570846558
2017-03-27,1.4600000381469729,1.4800000190734863,1.409999966621399,1.4700000286102295,12100,0,0,0.020833312637276835,0.835227293508851,1.5009999990463256,1.7249172879007333,1.277082710191918,1.3799999952316284,,,,1.2000000476837158
2017-03-28,1.4900000095367432,1.5,1.440000057220459,1.4700000286102295,47200,0,0,0.0,0.835227293508851,1.4905000030994415,1.6988484595793603,1.2821515466195228,1.3799999952316284,1.5350000262260437,,,1.2000000476837158
2017-03-29,1.4600000381469729,1.5,1.409999966621399,1.440000057220459,19800,0,0,-0.020408143405366563,0.8181818551268463,1.4795000076293945,1.6734754240312417,1.2855245912275473,1.3799999952316284,1.5099999904632568,,,1.409999966621399
2017-03-30,1.4500000476837158,1.5,1.3899999856948853,1.4299999475479126,52600,0,0,-0.006944520329984494,0.8124999746002934,1.4710000038146973,1.6577990176820903,1.2842009899473044,1.375,1.5099999904632568,,,1.3799999952316284
2017-03-31,1.4299999475479126,1.4500000476837158,1.3899999856948853,1.399999976158142,16700,0,0,-0.020979001741372683,0.7954545362182887,1.4605000019073486,1.6381535359295216,1.2828464678851756,1.375,1.4950000047683716,,,1.399999976158142
2017-04-03,1.399999976158142,1.4299999475479126,1.340000033378601,1.340000033378601,26100,0,0,-0.04285710271523857,0.761363659454279,1.4490000009536743,1.6265880706565086,1.27141193125084,1.375,1.4950000047683716,,,1.3700000047683716
2017-04-04,1.340000033378601,1.3700000047683716,1.2599999904632568,1.2899999618530271,42900,0,0,-0.03731348528365819,0.7329545277517195,1.4360000014305114,1.6201280652706127,1.2518719375904102,1.3799999952316284,1.4950000047683716,,,1.2899999618530271
2017-04-05,1.2899999618530271,1.350000023841858,1.2899999618530271,1.2899999618530271,22600,0,0,0.0,0.7329545277517195,1.425,1.6163544594930996,1.2336455405069005,1.3799999952316284,1.4800000190734863,,,1.2699999809265137
2017-04-06,1.3200000524520874,1.3300000429153442,1.2799999713897705,1.309999942779541,4100,0,0,0.015503861641813499,0.744318153339723,1.4104999959468842,1.5900779068585456,1.230922085035223,1.3799999952316284,1.4800000190734863,,,1.1399999856948853
2017-04-07,1.3200000524520874,1.340000033378601,1.2699999809265137,1.2699999809265137,65500,0,0,-0.030534323358943016,0.7215909021637166,1.393999993801117,1.5609667540954033,1.2270332335068306,1.3799999952316284,1.4800000190734863,,,1.1299999952316284
2017-04-10,1.25,1.2699999809265137,1.2100000381469729,1.2300000190734863,29800,0,0,-0.03149603342816265,0.6988636509877101,1.376499992609024,1.534874940219582,1.218125044998466,1.3550000190734863,1.4600000381469729,,,1.0700000524520874
2017-04-11,1.2599999904632568,1.4800000190734863,1.2599999904632568,1.3799999952316284,59300,0,0,0.1219511982374859,0.7840909106302855,1.3744999945163727,1.5316188454594726,1.2173811435732729,1.3550000190734863,1.4600000381469729,,,1.0
2017-04-12,1.340000033378601,1.4500000476837158,1.3200000524520874,1.3700000047683716,13900,0,0,-0.007246369925949403,0.7784090978362839,1.3714999973773956,1.526520126818117,1.2164798679366742,1.3450000286102295,1.4600000381469729,,,1.100000023841858
2017-04-13,1.3799999952316284,1.4199999570846558,1.350000023841858,1.3799999952316284,17100,0,0,0.007299263086460783,0.7840909106302855,1.365499997138977,1.5088934035709831,1.2221065907069708,1.3450000286102295,1.4600000381469729,,,1.1299999952316284
2017-04-17,1.409999966621399,1.409999966621399,1.2599999904632568,1.2899999618530271,41300,0,0,-0.0652174157170885,0.7329545277517197,1.3569999933242798,1.4970586684097287,1.216941318238831,1.3450000286102295,1.4600000381469729,,,1.0800000429153442
2017-04-18,1.2999999523162842,1.350000023841858,1.2599999904632568,1.2999999523162842,20500,0,0,0.0077519308209068605,0.7386363405457215,1.3519999921321868,1.492706794343414,1.2112931899209596,1.3450000286102295,1.4200000166893005,,,1.149999976158142
2017-04-19,1.309999942779541,1.3300000429153442,1.309999942779541,1.309999942779541,4800,0,0,0.0076923006385032355,0.7443181533397231,1.3529999911785127,1.4921898125755646,1.2138101697814607,1.3450000286102295,1.39000004529953,,,1.149999976158142
2017-04-20,1.2799999713897705,1.3300000429153442,1.2799999713897705,1.2999999523162842,61600,0,0,-0.007633580839735754,0.7386363405457215,1.3529999911785127,1.4921898125755646,1.2138101697814607,1.3450000286102295,1.3600000143051147,,,1.090000033378601
2017-04-21,1.2999999523162842,1.399999976158142,1.2999999523162842,1.3799999952316284,23600,0,0,0.06153849680748347,0.7840909106302856,1.354499989748001,1.4941792093066448,1.2148207701893572,1.3450000286102295,1.3600000143051147,,,1.059999942779541
2017-04-24,1.399999976158142,1.399999976158142,1.340000033378601,1.3700000047683716,18200,0,0,-0.007246369925949403,0.778409097836284,1.3509999871253968,1.4852805369589455,1.2167194372918482,1.3700000047683716,1.3600000143051147,,,1.0700000524520874
2017-04-25,1.340000033378601,1.399999976158142,1.340000033378601,1.3899999856948853,14400,0,0,0.014598526172921567,0.7897727234242873,1.3469999849796295,1.4711405842869485,1.2228593856723105,1.3550000190734863,1.3550000190734863,,,1.059999942779541
2017-04-26,1.3899999856948853,1.399999976158142,1.3300000429153442,1.340000033378601,97500,0,0,-0.03597118908694685,0.7613636594542793,1.3404999852180481,1.4509129316209348,1.2300870388151615,1.3399999737739563,1.3550000190734863,,,1.0800000429153442
2017-04-27,1.3300000429153442,1.3799999952316284,1.2999999523162842,1.309999942779541,304900,0,0,-0.022388126755056525,0.7443181533397232,1.3339999794960022,1.4350273340822808,1.2329726249097237,1.3349999785423279,1.3550000190734863,,,1.159999966621399
2017-04-28,1.3200000524520874,1.4299999475479126,1.2400000095367432,1.2599999904632568,51600,0,0,-0.03816790419867877,0.7159090893697151,1.3254999816417694,1.4211983359286156,1.2298016273549233,1.3349999785423279,1.3550000190734863,,,1.190000057220459
2017-05-01,1.2899999618530271,1.309999942779541,1.190000057220459,1.2100000381469729,65400,0,0,-0.039682502138671305,0.6875000253997071,1.315999984741211,1.417824720328541,1.2141752491538809,1.3100000023841858,1.3450000286102295,,,1.2000000476837158
2017-05-02,1.2200000286102295,1.25,1.1699999570846558,1.1699999570846558,56900,0,0,-0.033057917191122055,0.6647727064911493,1.3074999809265138,1.4269550920382652,1.1880448698147623,1.2999999523162842,1.3349999785423279,,,1.2000000476837158
2017-05-03,1.1799999475479126,1.2000000476837158,1.1799999475479126,1.2000000476837158,26000,0,0,0.02564110401662978,0.6818182126057053,1.302999985218048,1.4313053457142202,1.174694624721876,1.2999999523162842,1.3349999785423279,,,1.4199999570846558
2017-05-04,1.2000000476837158,1.2599999904632568,1.1799999475479126,1.2000000476837158,80400,0,0,0.0,0.6818182126057053,1.2984999895095826,1.434482467542869,1.1625175114762962,1.2999999523162842,1.3349999785423279,1.457500010728836,,1.2899999618530271
2017-05-05,1.2100000381469729,1.5499999523162842,1.1799999475479126,1.409999966621399,245600,0,0,0.17499992549419696,0.8011363490122902,1.3034999907016753,1.4479889842571154,1.1590109971462352,1.35999995470047,1.35999995470047,1.4449999928474426,,1.3600000143051147
2017-05-08,1.4299999475479126,1.4700000286102295,1.309999942779541,1.3799999952316284,106200,0,0,-0.02127657595741339,0.7840909106302855,1.3089999914169312,1.4563468638422001,1.1616531189916623,1.35999995470047,1.35999995470047,1.4424999952316284,,1.3300000429153442
2017-05-09,1.3899999856948853,1.4700000286102295,1.3600000143051147,1.399999976158142,33800,0,0,0.014492739851898806,0.7954545362182887,1.3174999892711639,1.4652545290317893,1.1697454495105384,1.35999995470047,1.35999995470047,1.4350000023841858,,1.3300000429153442
2017-05-10,1.3600000143051147,1.440000057220459,1.350000023841858,1.3700000047683716,37900,0,0,-0.02142855135761923,0.7784090978362839,1.3169999897480011,1.4639621459585659,1.1700378335374364,1.35999995470047,1.35999995470047,1.4350000023841858,,1.3600000143051147
2017-05-11,1.309999942779541,1.399999976158142,1.2899999618530271,1.2899999618530271,30200,0,0,-0.058394191705765874,0.7329545277517197,1.3129999876022338,1.4583018132426782,1.1676981619617894,1.35999995470047,1.35999995470047,1.4375,,1.3300000429153442
2017-05-12,1.2899999618530271,1.409999966621399,1.2699999809265137,1.2699999809265137,14800,0,0,-0.015503861641813055,0.7215909021637166,1.307499986886978,1.4505262626893576,1.1644737110845986,1.35999995470047,1.35999995470047,1.4300000071525574,,1.340000033378601
2017-05-15,1.2899999618530271,1.3200000524520874,1.059999942779541,1.1399999856948853,132400,0,0,-0.10236220250711214,0.6477272681091445,1.2999999880790711,1.460747648350185,1.1392523278079574,1.3049999475479126,1.3049999475479126,1.4300000071525574,,1.309999942779541
2017-05-16,1.1699999570846558,1.190000057220459,1.1299999952316284,1.1299999952316284,67000,0,0,-0.008771921569070362,0.6420454553151429,1.2914999902248383,1.4686748246072874,1.1143251558423892,1.3049999475479126,1.3049999475479126,1.4300000071525574,,1.3200000524520874
2017-05-17,1.1299999952316284,1.149999976158142,1.059999942779541,1.0700000524520874,49300,0,0,-0.05309729471922886,0.6079545785511332,1.2794999957084656,1.481141466456851,1.0778585249600803,1.3049999475479126,1.3049999475479126,1.4075000286102295,,1.2999999523162842
2017-05-18,1.0499999523162842,1.100000023841858,0.9800000190734864,1.0,270800,0,0,-0.06542060656134585,0.5681818212605707,1.2644999980926515,1.4999985169057326,1.0290014792795703,1.225000023841858,1.2649999856948853,1.4075000286102295,,1.2799999713897705
2017-05-19,1.149999976158142,1.25,1.0299999713897705,1.100000023841858,161800,0,0,0.10000002384185791,0.625000016933138,1.250499999523163,1.4901685368575661,1.0108314621887597,1.225000023841858,1.2649999856948853,1.402500033378601,,1.2699999809265137
2017-05-22,1.100000023841858,1.149999976158142,1.0800000429153442,1.1299999952316284,61300,0,0,0.027272700672307915,0.6420454553151429,1.2384999990463257,1.477052357003356,0.9999476410892953,1.2100000381469727,1.2649999856948853,1.402500033378601,,1.25
2017-05-23,1.1299999952316284,1.149999976158142,1.0099999904632568,1.0800000429153442,122500,0,0,-0.0442477455993574,0.6136363913451348,1.2230000019073486,1.460433058975153,0.9855669448395441,1.1949999928474426,1.2649999856948853,1.402500033378601,,1.2799999713897705
2017-05-24,1.0800000429153442,1.149999976158142,1.0800000429153442,1.149999976158142,22600,0,0,0.06481475042708373,0.653409080903146,1.2134999990463258,1.4465647961304724,0.980435201962179,1.1949999928474426,1.2649999856948853,1.382500022649765,,1.2899999618530271
2017-05-25,1.149999976158142,1.190000057220459,1.1399999856948853,1.149999976158142,42500,0,0,0.0,0.653409080903146,1.2055000007152556,1.435701737424354,0.9752982640061574,1.1500000357627869,1.2649999856948853,1.3675000369548798,,1.2699999809265137
2017-05-26,1.1799999475479126,1.1799999475479126,1.0499999523162842,1.090000033378601,58500,0,0,-0.05217386436822857,0.6193182041391363,1.197000002861023,1.4310884038645753,0.9629116018574708,1.1150000095367432,1.2649999856948853,1.3525000214576721,,1.2200000286102295
2017-05-30,1.059999942779541,1.090000033378601,1.0499999523162842,1.059999942779541,50000,0,0,-0.0275230180553947,0.6022726980245803,1.1894999980926513,1.4310173750882018,0.9479826210971007,1.1150000095367432,1.2649999856948853,1.3525000214576721,,1.2300000190734863
2017-05-31,1.090000033378601,1.090000033378601,1.0499999523162842,1.0700000524520874,21200,0,0,0.009434066238082961,0.6079545785511331,1.1845000028610229,1.431562706604044,0.9374372991180017,1.1150000095367432,1.2649999856948853,1.3650000095367432,,1.25
2017-06-01,1.100000023841858,1.1299999952316284,1.0499999523162842,1.059999942779541,19000,0,0,-0.009345896432088385,0.6022726980245803,1.1774999976158143,1.430338380208223,0.9246616150234055,1.1299999952316284,1.2649999856948853,1.3550000190734863,,1.2300000190734863
2017-06-02,1.0700000524520874,1.0800000429153442,1.059999942779541,1.0800000429153442,8900,0,0,0.01886802001456611,0.6136363913451348,1.1714999973773956,1.4276276497324563,0.915372345022335,1.100000023841858,1.2649999856948853,1.3474999964237213,,1.2000000476837158
2017-06-05,1.0800000429153442,1.1799999475479126,1.0499999523162842,1.159999966621399,75100,0,0,0.07407400048809576,0.6590908936971477,1.1589999973773957,1.3902904698861913,0.9277095248686,1.100000023841858,1.2649999856948853,1.344999998807907,,1.2100000381469729
2017-06-06,1.149999976158142,1.190000057220459,1.149999976158142,1.190000057220459,10100,0,0,0.02586214781232954,0.6761363998117037,1.1495000004768372,1.3579454366308072,0.941054564322867,1.1200000047683716,1.2649999856948853,1.344999998807907,,1.309999942779541
2017-06-07,1.2000000476837158,1.2599999904632568,1.1699999570846558,1.2000000476837158,19100,0,0,0.0084033529263976,0.6818182126057053,1.1395000040531158,1.3152080525509655,0.963791955555266,1.1549999713897705,1.2649999856948853,1.3275000154972076,,1.309999942779541
2017-06-08,1.2100000381469729,1.2400000095367432,1.190000057220459,1.2000000476837158,30500,0,0,0.0,0.6818182126057053,1.131000006198883,1.274453282224744,0.9875467301730219,1.1549999713897705,1.2649999856948853,1.317499965429306,,1.2599999904632568
2017-06-09,1.2300000190734863,1.4299999475479126,1.2300000190734863,1.4199999570846558,119800,0,0,0.18333325054910787,0.806818161806292,1.1375000059604645,1.3168976212420052,0.958102390678924,1.2399999499320984,1.2649999856948853,1.317499965429306,,1.2599999904632568
2017-06-12,1.4800000190734863,1.5,1.2599999904632568,1.2899999618530271,143700,0,0,-0.09154929518344945,0.7329545277517197,1.1385000050067902,1.3210703728331692,0.9559296371804111,1.274999976158142,1.2649999856948853,1.317499965429306,1.4950000047683716,1.2599999904632568
2017-06-13,1.2999999523162842,1.4500000476837158,1.2699999809265137,1.3600000143051147,94200,0,0,0.05426360815665121,0.7727272850422823,1.1495000064373015,1.3562898925008904,0.9427101203737126,1.274999976158142,1.2400000095367432,1.35999995470047,1.4699999690055847,1.2699999809265137
2017-06-14,1.399999976158142,1.4199999570846558,1.2999999523162842,1.3300000429153442,13500,0,0,-0.022058802260453536,0.7556818466602775,1.1595000088214875,1.380561496794446,0.9384385208485291,1.274999976158142,1.2400000095367432,1.35999995470047,1.4699999690055847,1.2899999618530271
2017-06-15,1.3300000429153442,1.350000023841858,1.2400000095367432,1.3300000429153442,11900,0,0,0.0,0.7556818466602775,1.1725000083446502,1.4015041466029359,0.9434958700863645,1.274999976158142,1.2400000095367432,1.35999995470047,1.4549999833106995,1.2300000190734863
2017-06-16,1.2999999523162842,1.3600000143051147,1.25,1.3600000143051147,22600,0,0,0.02255636873816247,0.7727272850422823,1.190500009059906,1.4190268794133971,0.961973138706415,1.324999988079071,1.2400000095367432,1.35999995470047,1.4549999833106995,1.2400000095367432
2017-06-19,1.3700000047683716,1.3799999952316284,1.2999999523162842,1.3300000429153442,56200,0,0,-0.022058802260453536,0.7556818466602775,1.2020000100135804,1.4343110451500294,0.9696889748771313,1.3349999785423279,1.2400000095367432,1.35999995470047,1.4549999833106995,1.2400000095367432
2017-06-20,1.350000023841858,1.350000023841858,1.3200000524520874,1.340000033378601,12400,0,0,0.007518789579387564,0.7613636594542791,1.212500011920929,1.4498287629678146,0.9751712608740436,1.3450000286102295,1.2400000095367432,1.35999995470047,1.4399999976158142,1.2899999618530271
2017-06-21,1.350000023841858,1.350000023841858,1.309999942779541,1.309999942779541,15600,0,0,-0.022388126755056525,0.744318153339723,1.2240000069141388,1.456728430302309,0.9912715835259687,1.3650000095367432,1.2400000095367432,1.3049999475479126,1.3849999904632568,1.2799999713897705
2017-06-22,1.2999999523162842,1.350000023841858,1.2999999523162842,1.3200000524520874,22000,0,0,0.007633671839197387,0.7500000338662758,1.232500010728836,1.4662232326817826,0.9987767887758894,1.3700000047683716,1.2400000095367432,1.3049999475479126,1.3849999904632568,1.2599999904632568
2017-06-23,1.350000023841858,1.350000023841858,1.2899999618530271,1.2999999523162842,18600,0,0,-0.015151590409901994,0.7386363405457214,1.2400000095367432,1.4722588141727888,1.0077412049006975,1.3450000286102295,1.2400000095367432,1.3049999475479126,1.3849999904632568,1.2100000381469729
2017-06-26,1.3300000429153442,1.3300000429153442,1.25,1.2799999713897705,24300,0,0,-0.015384601277006582,0.7272727149577182,1.2495000064373016,1.4716563509297327,1.0273436619448706,1.3299999833106995,1.2549999952316284,1.2450000047683716,1.3450000286102297,1.159999966621399
2017-06-27,1.2699999809265137,1.2799999713897705,1.25,1.2699999809265137,32800,0,0,-0.007812492724042275,0.7215909021637166,1.2600000083446503,1.4642838890993022,1.0557161275899984,1.3100000023841858,1.2549999952316284,1.2450000047683716,1.3450000286102297,1.159999966621399
2017-06-28,1.25,1.2799999713897705,1.25,1.25,16300,0,0,-0.015748016714081325,0.7102272765757134,1.2690000057220459,1.4537309981128241,1.0842690133312676,1.3149999976158142,1.2549999952316284,1.237500011920929,1.3450000286102297,1.2300000190734863
2017-06-29,1.25,1.2899999618530271,1.25,1.2799999713897705,21600,0,0,0.02399997711181645,0.7272727149577183,1.2800000071525575,1.4375717747700594,1.1224282395350555,1.3149999976158142,1.274999976158142,1.229999989271164,1.3450000286102297,1.2200000286102295
2017-06-30,1.2599999904632568,1.2999999523162842,1.25,1.2899999618530271,14400,0,0,0.007812492724041942,0.7329545277517197,1.2905000030994416,1.4182328384002414,1.1627671677986418,1.300000011920929,1.274999976158142,1.229999989271164,1.3050000071525574,1.1399999856948853
2017-07-03,1.2799999713897705,1.2999999523162842,1.2699999809265137,1.2699999809265137,3300,0,0,-0.015503861641813055,0.7215909021637166,1.2960000038146973,1.4092915906669468,1.1827084169624478,1.300000011920929,1.274999976158142,1.207500010728836,1.2750000357627869,1.1299999952316284
2017-07-05,1.2100000381469729,1.2699999809265137,1.2100000381469729,1.2200000286102295,24400,0,0,-0.0393700417852032,0.6931818381937086,1.2975000023841858,1.4057678745503102,1.1892321302180615,1.2800000309944153,1.274999976158142,1.1899999976158142,1.2649999856948853,1.100000023841858
2017-07-06,1.2300000190734863,1.25,1.2200000286102295,1.2300000190734863,15600,0,0,0.00819671330225158,0.6988636509877102,1.2990000009536744,1.4024987790631738,1.195501222844175,1.2800000309944153,1.274999976158142,1.1899999976158142,1.2649999856948853,1.0800000429153442
2017-07-07,1.2400000095367432,1.2599999904632568,1.2200000286102295,1.25,3300,0,0,0.016260146842582035,0.7102272765757134,1.3014999985694886,1.397367215169093,1.2056327819698842,1.2700000405311584,1.274999976158142,1.1899999976158142,1.2649999856948853,1.0800000429153442
2017-07-10,1.2999999523162842,1.2999999523162842,1.2100000381469729,1.2300000190734863,24700,0,0,-0.015999984741210893,0.6988636509877102,1.2920000016689301,1.3757855663669445,1.2082144369709158,1.2549999952316284,1.274999976158142,1.1974999904632568,1.2649999856948853,1.0199999809265137
2017-07-11,1.25,1.25,1.2000000476837158,1.2000000476837158,15000,0,0,-0.024390220263873164,0.6818182126057054,1.2875000059604644,1.3804981536538181,1.1945018582671107,1.25,1.274999976158142,1.1825000047683716,1.2649999856948853,1.0199999809265137
2017-07-12,1.25,1.2899999618530271,1.2000000476837158,1.2100000381469729,103900,0,0,0.008333325054910912,0.6875000253997071,1.2800000071525575,1.3725896029002604,1.1874104114048545,1.25,1.324999988079071,1.1825000047683716,1.2649999856948853,1.100000023841858
2017-07-13,1.2300000190734863,1.309999942779541,1.2300000190734863,1.309999942779541,13800,0,0,0.0826445466776271,0.7443181533397231,1.2790000021457673,1.369803552455453,1.1881964518360815,1.2549999952316284,1.3349999785423279,1.1924999952316284,1.2649999856948853,1.100000023841858
2017-07-14,1.2799999713897705,1.350000023841858,1.2200000286102295,1.309999942779541,15500,0,0,0.0,0.7443181533397231,1.277999997138977,1.3669362023482785,1.1890637919296756,1.2750000357627869,1.3450000286102295,1.2099999785423279,1.2649999856948853,1.1399999856948853
2017-07-17,1.2999999523162842,1.2999999523162842,1.25,1.2599999904632568,21100,0,0,-0.03816790419867877,0.715909089369715,1.272999995946884,1.3537127003978087,1.1922872914959595,1.2750000357627869,1.350000023841858,1.2099999785423279,1.2649999856948853,1.1699999570846558
2017-07-18,1.2200000286102295,1.2899999618530271,1.2000000476837158,1.2599999904632568,63500,0,0,0.0,0.715909089369715,1.2694999933242799,1.3459346682550193,1.1930653183935405,1.2750000357627869,1.350000023841858,1.2524999678134918,1.2649999856948853,1.159999966621399
2017-07-19,1.25,1.3200000524520874,1.25,1.2599999904632568,15300,0,0,0.0,0.715909089369715,1.2654999911785125,1.3347161241843872,1.1962838581726378,1.2750000357627869,1.3250000476837158,1.2699999809265137,1.2649999856948853,1.1699999570846558
2017-07-20,1.25,1.2899999618530271,1.25,1.2699999809265137,6300,0,0,0.007936500427734305,0.7215909021637166,1.2634999930858613,1.3296695285617857,1.1973304576099368,1.2750000357627869,1.3100000023841858,1.2574999928474426,1.2649999856948853,1.2699999809265137
2017-07-21,1.2999999523162842,1.2999999523162842,1.2899999618530271,1.2899999618530271,43000,0,0,0.015748016714081103,0.7329545277517197,1.2619999885559081,1.3241759916704385,1.1998239854413777,1.2750000357627869,1.2900000214576721,1.2574999928474426,1.2649999856948853,1.25
2017-07-24,1.2699999809265137,1.2999999523162842,1.2300000190734863,1.2300000190734863,8600,0,0,-0.0465115849254395,0.6988636509877102,1.2584999918937683,1.3195851752016083,1.1974148085859282,1.2750000357627869,1.2900000214576721,1.2574999928474426,1.2649999856948853,1.2100000381469729
2017-07-25,1.2799999713897705,1.2999999523162842,1.2400000095367432,1.2400000095367432,18300,0,0,0.008130073421291018,0.7045454637817118,1.256499993801117,1.3172532801496324,1.1957467074526016,1.2750000357627869,1.2900000214576721,1.282499998807907,1.2649999856948853,1.2799999713897705
2017-07-26,1.2400000095367432,1.2400000095367432,1.2400000095367432,1.2400000095367432,0,0,0,0.0,0.7045454637817118,1.2549999952316284,1.3158281162868315,1.1941718741764253,1.2750000357627869,1.2750000357627869,1.2874999940395355,1.2649999856948853,1.1799999475479126
2017-07-27,1.2200000286102295,1.2899999618530271,1.2200000286102295,1.2899999618530271,8900,0,0,0.04032254188043405,0.7329545277517197,1.2569999933242797,1.3196618803825997,1.1943381062659597,1.2600000500679016,1.2750000357627869,1.2925000190734863,1.2649999856948853,1.25
2017-07-28,1.2799999713897705,1.2799999713897705,1.2300000190734863,1.2799999713897705,8100,0,0,-0.007751930820906416,0.7272727149577182,1.2569999933242797,1.3196618803825997,1.1943381062659597,1.2600000500679016,1.2750000357627869,1.3025000095367432,1.2649999856948853,1.190000057220459
2017-07-31,1.2999999523162842,1.2999999523162842,1.2000000476837158,1.2599999904632568,24600,0,0,-0.015624985448084439,0.715909089369715,1.2554999947547913,1.316319805389701,1.1946801841198817,1.2600000500679016,1.2750000357627869,1.3050000071525574,1.2649999856948853,1.190000057220459
2017-08-01,1.25,1.2599999904632568,1.2000000476837158,1.2100000381469729,10600,0,0,-0.039682502138671305,0.687500025399707,1.2524999976158142,1.3160509774160585,1.18894901781557,1.25,1.2750000357627869,1.2925000190734863,1.2649999856948853,1.2000000476837158
2017-08-02,1.2300000190734863,1.2300000190734863,1.149999976158142,1.159999966621399,74800,0,0,-0.041322371858884765,0.6590908936971476,1.2494999945163727,1.323788321139232,1.1752116678935134,1.2249999642372131,1.25,1.292499989271164,1.2649999856948853,1.2000000476837158
2017-08-03,1.149999976158142,1.159999966621399,1.0800000429153442,1.159999966621399,55500,0,0,0.0,0.6590908936971476,1.2459999918937683,1.3297372348897056,1.162262748897831,1.1899999976158142,1.215000033378601,1.282499998807907,1.2649999856948853,1.2000000476837158
2017-08-04,1.090000033378601,1.2899999618530271,1.090000033378601,1.2300000190734863,69300,0,0,0.06034487453992665,0.6988636509877101,1.2449999928474427,1.329002417619099,1.1609975680757862,1.1899999976158142,1.215000033378601,1.2849999964237213,1.2649999856948853,1.1699999570846558
2017-08-07,1.25,1.2699999809265137,1.1100000143051147,1.2200000286102295,75000,0,0,-0.008130073421291018,0.6931818381937085,1.2444999933242797,1.3289764516371574,1.160023535011402,1.1899999976158142,1.215000033378601,1.2949999868869781,1.2649999856948853,1.159999966621399
2017-08-08,1.190000057220459,1.190000057220459,1.1200000047683716,1.1399999856948853,23400,0,0,-0.06557380413054315,0.6477272681091444,1.2414999902248383,1.3358792942270927,1.1471206862225838,1.1899999976158142,1.215000033378601,1.2874999940395355,1.2649999856948853,1.159999966621399
2017-08-09,1.100000023841858,1.1399999856948853,1.100000023841858,1.1299999952316284,39400,0,0,-0.008771921569070362,0.6420454553151428,1.2374999880790711,1.3431210100708288,1.1318789660873134,1.1899999976158142,1.215000033378601,1.2874999940395355,1.2649999856948853,1.25
2017-08-10,1.100000023841858,1.159999966621399,1.100000023841858,1.100000023841858,29200,0,0,-0.026548647359614486,0.6250000169331379,1.2269999921321868,1.3430597116591154,1.1109402726052582,1.1899999976158142,1.215000033378601,1.2775000035762787,1.2649999856948853,1.2100000381469729
2017-08-11,1.100000023841858,1.1100000143051147,1.0099999904632568,1.0800000429153442,37700,0,0,-0.018181800448205276,0.6136363913451347,1.215499997138977,1.3416399808664994,1.0893600134114547,1.149999976158142,1.1800000071525574,1.2775000035762787,1.2649999856948853,1.2200000286102295
2017-08-14,1.100000023841858,1.100000023841858,1.0299999713897705,1.0800000429153442,51200,0,0,0.0,0.6136363913451347,1.2064999997615815,1.3439613031496327,1.0690386963735303,1.149999976158142,1.1800000071525574,1.2725000083446503,1.2649999856948853,1.190000057220459
2017-08-15,1.100000023841858,1.100000023841858,1.0199999809265137,1.0199999809265137,33600,0,0,-0.05555561074503923,0.5795454468485738,1.1944999992847443,1.351875962571056,1.0371240359984326,1.149999976158142,1.1800000071525574,1.2649999856948853,1.2649999856948853,1.1799999475479126
2017-08-16,1.0099999904632568,1.059999942779541,1.0099999904632568,1.0199999809265137,42600,0,0,0.0,0.5795454468485738,1.182499998807907,1.3541804177568109,1.0108195798590032,1.149999976158142,1.1800000071525574,1.262499988079071,1.2649999856948853,1.190000057220459
2017-08-17,1.0800000429153442,1.100000023841858,1.0399999618530271,1.100000023841858,8800,0,0,0.07843141608951454,0.6250000169331379,1.1740000009536744,1.3443236380490915,1.0036763638582573,1.1399999856948853,1.1800000071525574,1.2874999940395355,1.2649999856948853,1.1799999475479126
2017-08-18,1.0499999523162842,1.149999976158142,1.0199999809265137,1.100000023841858,65300,0,0,0.0,0.6250000169331379,1.164500004053116,1.3289132600295486,1.0000867480766833,1.100000023841858,1.1800000071525574,1.2949999868869781,1.2649999856948853,1.1699999570846558
2017-08-21,1.100000023841858,1.2599999904632568,1.090000033378601,1.1399999856948853,141200,0,0,0.03636360089641055,0.6477272681091444,1.1600000023841859,1.3218757342569227,0.998124270511449,1.1349999904632568,1.1650000214576721,1.3100000321865082,1.2649999856948853,1.190000057220459
2017-08-22,1.1200000047683716,1.1799999475479126,1.1200000047683716,1.1699999570846558,19200,0,0,0.026315764707210976,0.6647727064911492,1.1564999997615815,1.31423529059805,0.9987647089251128,1.1349999904632568,1.1650000214576721,1.3125000298023224,1.2649999856948853,1.1799999475479126
2017-08-23,1.1799999475479126,1.1799999475479126,1.1299999952316284,1.159999966621399,38100,0,0,-0.008547000709448138,0.6590908936971476,1.1524999976158141,1.3054983053203748,0.9995016899112534,1.1349999904632568,1.1650000214576721,1.3125000298023224,1.2649999856948853,1.190000057220459
2017-08-24,1.1399999856948853,1.190000057220459,1.1299999952316284,1.1699999570846558,108900,0,0,0.008620681681899223,0.6647727064911492,1.1464999973773957,1.2861502147741952,1.0068497799805962,1.1349999904632568,1.1549999713897705,1.3000000417232513,1.2649999856948853,1.190000057220459
2017-08-25,1.1799999475479126,1.2699999809265137,1.1799999475479126,1.2699999809265137,113100,0,0,0.08547010898276675,0.7215909021637165,1.1459999978542328,1.283773529084022,1.0082264666244436,1.1399999856948853,1.1549999713897705,1.2925000190734863,1.2400000095367432,1.159999966621399
2017-08-28,1.2699999809265137,1.2899999618530271,1.2300000190734863,1.25,43400,0,0,-0.015748016714081325,0.7102272765757133,1.1454999983310699,1.281660794232141,1.0093392024299987,1.149999976158142,1.1549999713897705,1.2825000286102295,1.2400000095367432,1.159999966621399
2017-08-29,1.2699999809265137,1.2699999809265137,1.2100000381469729,1.2100000381469729,5900,0,0,-0.031999969482421675,0.687500025399707,1.1454999983310699,1.281660794232141,1.0093392024299987,1.1549999713897705,1.1549999713897705,1.2825000286102295,1.2400000095367432,1.1399999856948853
2017-08-30,1.2200000286102295,1.2799999713897705,1.2000000476837158,1.2799999713897705,6600,0,0,0.057851182674338864,0.7272727149577181,1.1514999985694885,1.2998554245500868,1.0031445725888901,1.1549999713897705,1.1549999713897705,1.2825000286102295,1.2400000095367432,1.1699999570846558
2017-08-31,1.2699999809265137,1.2699999809265137,1.1799999475479126,1.1799999475479126,16800,0,0,-0.07812502037268176,0.6704545192851508,1.1524999976158141,1.3013452473500595,1.0036547478815687,1.1899999976158142,1.1549999713897705,1.2750000357627869,1.2400000095367432,1.1699999570846558
2017-09-01,1.190000057220459,1.25,1.1100000143051147,1.25,61500,0,0,0.059322080986147885,0.7102272765757133,1.15349999666214,1.3046903639681129,1.002309629356167,1.199999988079071,1.1549999713897705,1.2675000429153442,1.2400000095367432,1.159999966621399
2017-09-05,1.2000000476837158,1.25,1.159999966621399,1.190000057220459,49400,0,0,-0.04799995422363279,0.6761363998117037,1.1519999980926514,1.3010793837171493,1.0029206124681536,1.199999988079071,1.1549999713897705,1.2675000429153442,1.2400000095367432,1.190000057220459
2017-09-06,1.190000057220459,1.2100000381469729,1.1299999952316284,1.190000057220459,54100,0,0,0.0,0.6761363998117037,1.15450000166893,1.304374070893294,1.0046259324445659,1.199999988079071,1.149999976158142,1.2675000429153442,1.2400000095367432,1.3600000143051147
2017-09-07,1.2000000476837158,1.25,1.1799999475479126,1.2000000476837158,32900,0,0,0.0084033529263976,0.6818182126057053,1.1580000042915344,1.308698111246324,1.0073018973367447,1.199999988079071,1.149999976158142,1.2625000178813934,1.2400000095367432,1.340000033378601
2017-09-08,1.1699999570846558,1.2200000286102295,1.1699999570846558,1.2000000476837158,11200,0,0,0.0,0.6818182126057053,1.1630000054836274,1.3122826993644554,1.0137173116027993,1.199999988079071,1.149999976158142,1.2374999821186066,1.2549999952316284,1.2699999809265137
2017-09-11,1.2000000476837158,1.2400000095367432,1.1699999570846558,1.2000000476837158,15600,0,0,0.0,0.6818182126057053,1.169000005722046,1.3139953927269248,1.0240046187171672,1.1949999928474426,1.149999976158142,1.2025000154972076,1.2549999952316284,1.2100000381469729
2017-09-12,1.2000000476837158,1.2000000476837158,1.149999976158142,1.1699999570846558,58200,0,0,-0.025000074505802994,0.6647727064911493,1.1735000014305115,1.3125698988180083,1.0344301040430146,1.1949999928474426,1.149999976158142,1.2025000154972076,1.2549999952316284,1.2300000190734863
2017-09-13,1.149999976158142,1.2400000095367432,1.149999976158142,1.159999966621399,40400,0,0,-0.008547000709448138,0.6590908936971477,1.1805000007152557,1.3005628998065817,1.0604371016239298,1.1899999976158142,1.149999976158142,1.2025000154972076,1.274999976158142,1.149999976158142
2017-09-14,1.190000057220459,1.190000057220459,1.149999976158142,1.159999966621399,20600,0,0,0.0,0.6590908936971477,1.1875,1.282859697092763,1.092140302907237,1.1800000071525574,1.149999976158142,1.2025000154972076,1.274999976158142,1.1799999475479126
2017-09-15,1.149999976158142,1.25,1.1399999856948853,1.25,50100,0,0,0.0775862379037251,0.7102272765757134,1.1949999988079072,1.2850433165017912,1.1049566811140232,1.1899999976158142,1.149999976158142,1.2025000154972076,1.274999976158142,1.149999976158142
2017-09-18,1.2100000381469729,1.25,1.1699999570846558,1.2100000381469729,38400,0,0,-0.031999969482421675,0.6875000253997071,1.2004999995231629,1.2792794906983966,1.1217205083479291,1.1899999976158142,1.149999976158142,1.2025000154972076,1.274999976158142,1.149999976158142
2017-09-19,1.1699999570846558,1.2400000095367432,1.159999966621399,1.2200000286102295,45100,0,0,0.0082644546677626,0.6931818381937086,1.20450000166893,1.2785157158531797,1.1304842874846803,1.1949999928474426,1.149999976158142,1.1649999916553497,1.2549999952316284,1.1399999856948853
2017-09-20,1.2200000286102295,1.2400000095367432,1.159999966621399,1.190000057220459,30700,0,0,-0.02459013990675485,0.6761363998117038,1.2055000066757202,1.2781370184830836,1.1328629948683568,1.1949999928474426,1.149999976158142,1.1649999916553497,1.2549999952316284,1.1399999856948853
2017-09-21,1.1699999570846558,1.190000057220459,1.159999966621399,1.1799999475479126,7800,0,0,-0.008403453102266312,0.670454519285151,1.2065000057220459,1.2771044143850179,1.1358955970590738,1.1949999928474426,1.149999976158142,1.1649999916553497,1.2549999952316284,1.090000033378601
2017-09-22,1.190000057220459,1.2000000476837158,1.149999976158142,1.190000057220459,35700,0,0,0.008474669590729178,0.6761363998117038,1.207500010728836,1.2765407001017417,1.1384593213559304,1.1949999928474426,1.1549999713897705,1.1649999916553497,1.2549999952316284,1.100000023841858
2017-09-25,1.159999966621399,1.2000000476837158,1.149999976158142,1.1799999475479126,64800,0,0,-0.008403453102266312,0.670454519285151,1.203000009059906,1.2666226041438304,1.1393774139759816,1.1949999928474426,1.1549999713897705,1.1599999964237213,1.2549999952316284,1.1100000143051147
2017-09-26,1.1799999475479126,1.1799999475479126,1.1699999570846558,1.1699999570846558,4100,0,0,-0.008474568565903118,0.6647727064911494,1.1990000069141389,1.2602917890669434,1.1377082247613344,1.1949999928474426,1.1899999976158142,1.1400000154972076,1.2549999952316284,1.1200000047683716
2017-09-27,1.2000000476837158,1.2000000476837158,1.1699999570846558,1.190000057220459,15200,0,0,0.01709410330718164,0.6761363998117038,1.198000007867813,1.2591927433577774,1.1368072723778486,1.1949999928474426,1.199999988079071,1.1500000059604645,1.2549999952316284,1.100000023841858
2017-09-28,1.2000000476837158,1.2000000476837158,1.1699999570846558,1.1799999475479126,9000,0,0,-0.008403453102266312,0.670454519285151,1.1930000066757203,1.2414710816457915,1.144528931705649,1.199999988079071,1.199999988079071,1.1500000059604645,1.2549999952316284,1.159999966621399
2017-09-29,1.1799999475479126,1.190000057220459,1.1699999570846558,1.190000057220459,23300,0,0,0.008474669590729178,0.6761363998117038,1.1935000121593475,1.2416257168427411,1.145374307475954,1.1949999928474426,1.199999988079071,1.1500000059604645,1.2549999952316284,1.1799999475479126
2017-10-02,1.190000057220459,1.2000000476837158,1.159999966621399,1.190000057220459,18300,0,0,0.0,0.6761363998117038,1.1905000150203704,1.2309564990883692,1.1500435309523716,1.1949999928474426,1.199999988079071,1.1449999809265137,1.2300000190734863,1.159999966621399
2017-10-03,1.190000057220459,1.2100000381469729,1.159999966621399,1.159999966621399,20100,0,0,-0.025210158955061512,0.6590908936971477,1.1890000104904175,1.2316106351967533,1.1463893857840817,1.1800000071525574,1.199999988079071,1.1474999785423279,1.2149999737739563,1.1200000047683716
2017-10-04,1.159999966621399,1.1799999475479126,1.159999966621399,1.159999966621399,22900,0,0,0.0,0.6590908936971477,1.1875000059604646,1.2319567985803033,1.1430432133406259,1.1800000071525574,1.1949999928474426,1.1524999737739563,1.1949999928474426,1.0800000429153442
2017-10-05,1.159999966621399,1.1799999475479126,1.1299999952316284,1.1399999856948853,50000,0,0,-0.017241363363798556,0.6477272681091444,1.1845000028610229,1.2331272617049773,1.1358727440170684,1.1700000166893005,1.1949999928474426,1.1549999713897705,1.1949999928474426,1.0700000524520874
2017-10-06,1.1399999856948853,1.1699999570846558,1.1299999952316284,1.1699999570846558,18700,0,0,0.026315764707210976,0.6647727064911492,1.18299999833107,1.2314710827491282,1.1345289139130117,1.1700000166893005,1.1899999976158142,1.1549999713897705,1.1949999928474426,1.1100000143051147
2017-10-09,1.159999966621399,1.1699999570846558,1.149999976158142,1.1699999570846558,24900,0,0,0.0,0.6647727064911492,1.181499993801117,1.229625710254042,1.133374277348192,1.1700000166893005,1.1800000071525574,1.1724999845027924,1.1800000071525574,1.0499999523162842
2017-10-10,1.149999976158142,1.1799999475479126,1.1399999856948853,1.159999966621399,40700,0,0,-0.008547000709448138,0.6590908936971476,1.180999994277954,1.2298036440445708,1.1321963445113374,1.1700000166893005,1.1899999976158142,1.1774999797344208,1.1800000071525574,1.0499999523162842
2017-10-11,1.1299999952316284,1.2200000286102295,1.1299999952316284,1.190000057220459,111000,0,0,0.02586214781232954,0.6761363998117036,1.182499998807907,1.230457369805094,1.13454262781072,1.175000011920929,1.1899999976158142,1.1774999797344208,1.1800000071525574,1.0800000429153442
2017-10-12,1.190000057220459,1.4600000381469729,1.190000057220459,1.3600000143051147,218800,0,0,0.1428570999246277,0.7727272850422822,1.192500001192093,1.2828515634169837,1.1021484389672023,1.2950000166893005,1.2950000166893005,1.1749999821186066,1.1800000071525574,1.0800000429153442
2017-10-13,1.3799999952316284,1.3899999856948853,1.3300000429153442,1.340000033378601,60700,0,0,-0.014705868173635728,0.761363659454279,1.197000002861023,1.305682640553905,1.088317365168141,1.2950000166893005,1.2950000166893005,1.1749999821186066,1.1800000071525574,1.0499999523162842
2017-10-16,1.3700000047683716,1.3700000047683716,1.2100000381469729,1.2699999809265137,85000,0,0,-0.05223884381225963,0.7215909021637165,1.2,1.3132202214767783,1.0867797785232216,1.2950000166893005,1.2950000166893005,1.1749999821186066,1.1800000071525574,1.0299999713897705
2017-10-17,1.190000057220459,1.2699999809265137,1.190000057220459,1.2100000381469729,101600,0,0,-0.047244050142243754,0.6875000253997069,1.1995000004768372,1.3124475577172499,1.0865524432364246,1.2950000166893005,1.2950000166893005,1.1724999845027924,1.1800000071525574,1.0299999713897705
2017-10-18,1.2100000381469729,1.25,1.149999976158142,1.2300000190734863,81600,0,0,0.0165289093355252,0.69886365098771,1.2014999985694885,1.3151257666187144,1.0878742305202627,1.2950000166893005,1.2950000166893005,1.1724999845027924,1.1800000071525574,1.0700000524520874
2017-10-19,1.25,1.2899999618530271,1.149999976158142,1.149999976158142,84400,0,0,-0.06504068428844845,0.6534090809031459,1.2,1.3155184471256494,1.0844815528743506,1.2950000166893005,1.2950000166893005,1.1699999868869781,1.1800000071525574,1.0499999523162842
2017-10-20,1.2000000476837158,1.2000000476837158,1.1399999856948853,1.1799999475479126,78900,0,0,0.026086932184114398,0.6704545192851508,1.1994999945163727,1.3152763226429864,1.083723666389759,1.2950000166893005,1.2950000166893005,1.1649999916553497,1.1800000071525574,1.0499999523162842
2017-10-23,1.2000000476837158,1.2400000095367432,1.149999976158142,1.149999976158142,26900,0,0,-0.025423705697709242,0.653409080903146,1.197999995946884,1.3155312337228608,1.0804687581709074,1.2950000166893005,1.2950000166893005,1.1699999868869781,1.1800000071525574,1.0299999713897705
2017-10-24,1.1799999475479126,1.190000057220459,1.1399999856948853,1.149999976158142,19300,0,0,0.0,0.653409080903146,1.1969999969005585,1.3158144573650723,1.0781855364360446,1.300000011920929,1.2950000166893005,1.1699999868869781,1.1800000071525574,1.0399999618530271
2017-10-25,1.1799999475479126,1.1799999475479126,1.1200000047683716,1.1399999856948853,28700,0,0,-0.008695644061371466,0.6477272681091444,1.1944999933242797,1.3159026662922753,1.0730973203562841,1.2549999952316284,1.2900000214576721,1.1724999845027924,1.1800000071525574,1.0499999523162842
2017-10-26,1.1299999952316284,1.1399999856948853,1.1100000143051147,1.1399999856948853,22100,0,0,0.0,0.6477272681091444,1.1924999952316284,1.3161142206421008,1.068885769821156,1.2400000095367432,1.2850000262260437,1.1724999845027924,1.1800000071525574,0.9700000286102296
2017-10-27,1.1100000143051147,1.1699999570846558,1.0800000429153442,1.090000033378601,93800,0,0,-0.0438596078453517,0.6193182041391363,1.1874999940395354,1.319038467095849,1.0559615209832218,1.1850000023841858,1.2700000405311584,1.1724999845027924,1.1800000071525574,0.9399999976158142
2017-10-30,1.090000033378601,1.149999976158142,1.059999942779541,1.100000023841858,84400,0,0,0.009174302896359121,0.6250000169331379,1.1829999923706054,1.3199935376627683,1.0460064470784425,1.1749999523162842,1.2599999904632568,1.1749999821186066,1.1800000071525574,0.9200000166893004
2017-10-31,1.100000023841858,1.159999966621399,1.100000023841858,1.1100000143051147,29700,0,0,0.009090900224102638,0.6306818297271395,1.1804999947547912,1.320901085927224,1.0400989035823582,1.1749999523162842,1.2599999904632568,1.1749999821186066,1.1800000071525574,0.9900000095367432
2017-11-01,1.059999942779541,1.159999966621399,1.059999942779541,1.1200000047683716,30600,0,0,0.009009000301245074,0.6363636425211411,1.17849999666214,1.3211582760990608,1.035841717225219,1.149999976158142,1.2599999904632568,1.1924999952316284,1.1800000071525574,0.9399999976158142
2017-11-02,1.100000023841858,1.149999976158142,1.0700000524520874,1.100000023841858,36300,0,0,-0.017857125751218117,0.6250000169331379,1.1764999985694886,1.3223816467236378,1.0306183504153394,1.149999976158142,1.2599999904632568,1.1974999904632568,1.1650000214576721,0.9300000071525574
2017-11-03,1.1799999475479126,1.2000000476837158,1.1200000047683716,1.159999966621399,98600,0,0,0.05454540134461583,0.6590908936971476,1.1759999990463257,1.3220374874039469,1.0299625106887045,1.1299999952316284,1.2599999904632568,1.199999988079071,1.1650000214576721,0.9100000262260436
2017-11-06,1.159999966621399,1.190000057220459,1.149999976158142,1.1799999475479126,40500,0,0,0.017241363363798445,0.6704545192851508,1.1764999985694886,1.3225201789754129,1.0304798181635644,1.1299999952316284,1.2599999904632568,1.1974999904632568,1.1650000214576721,0.9100000262260436
2017-11-07,1.149999976158142,1.1699999570846558,1.149999976158142,1.159999966621399,23000,0,0,-0.016949137131806236,0.6590908936971475,1.1764999985694886,1.3225201789754129,1.0304798181635644,1.1299999952316284,1.2599999904632568,1.1974999904632568,1.1549999713897705,0.9300000071525574
2017-11-08,1.149999976158142,1.159999966621399,1.100000023841858,1.1200000047683716,19600,0,0,-0.034482726727597,0.6363636425211411,1.1729999959468842,1.3209220918097644,1.025077900084004,1.1299999952316284,1.2599999904632568,1.1899999976158142,1.1549999713897705,0.9800000190734864
2017-11-09,1.100000023841858,1.149999976158142,1.0700000524520874,1.0800000429153442,15300,0,0,-0.035714251502436234,0.6136363913451346,1.1589999973773957,1.2845656525847227,1.0334343421700687,1.1299999952316284,1.2599999904632568,1.1875,1.1549999713897705,1.0199999809265137
2017-11-10,1.1299999952316284,1.1399999856948853,1.0499999523162842,1.0700000524520874,52500,0,0,-0.009259250061012025,0.607954578551133,1.1454999983310699,1.2455368020421578,1.045463194619982,1.125,1.2549999952316284,1.1825000047683716,1.1549999713897705,1.0099999904632568
2017-11-13,1.0499999523162842,1.1299999952316284,1.0399999618530271,1.1100000143051147,41200,0,0,0.037383140086171496,0.6306818297271394,1.1375,1.2203817363479639,1.054618263652036,1.1200000047683716,1.25,1.1800000071525574,1.1549999713897705,1.0099999904632568
2017-11-14,1.1100000143051147,1.1299999952316284,1.0499999523162842,1.0499999523162842,15400,0,0,-0.05405410920322551,0.5965908852305785,1.1294999957084655,1.2137367734349571,1.0452632179819739,1.1200000047683716,1.25,1.175000011920929,1.1549999713897705,1.0399999618530271
2017-11-15,1.0499999523162842,1.100000023841858,1.0099999904632568,1.0499999523162842,55500,0,0,0.0,0.5965908852305785,1.1204999923706054,1.1979855508077222,1.0430144339334886,1.1050000190734863,1.2350000143051147,1.1800000071525574,1.1549999713897705,1.0700000524520874
2017-11-16,1.0800000429153442,1.1399999856948853,1.0299999713897705,1.0800000429153442,73600,0,0,0.02857151615376763,0.6136363913451345,1.1169999957084655,1.1951675126198547,1.0388324787970764,1.100000023841858,1.2350000143051147,1.1825000047683716,1.1549999713897705,1.0800000429153442
2017-11-17,1.0700000524520874,1.0800000429153442,1.0299999713897705,1.0800000429153442,39000,0,0,0.0,0.6136363913451345,1.1120000004768371,1.1860498083436768,1.0379501926099974,1.0899999737739563,1.199999988079071,1.2950000166893005,1.2350000143051147,1.090000033378601
2017-11-20,1.0700000524520874,1.0800000429153442,1.0399999618530271,1.0499999523162842,27900,0,0,-0.027777860562003376,0.5965908852305783,1.1069999992847444,1.1835998398724263,1.0304001586970624,1.0849999785423279,1.1899999976158142,1.2950000166893005,1.2350000143051147,1.0199999809265137
2017-11-21,1.0399999618530271,1.0800000429153442,1.0299999713897705,1.0299999713897705,41000,0,0,-0.01904760174740394,0.5852272596425752,1.1009999990463257,1.1819128748373322,1.0200871232553193,1.0799999833106995,1.149999976158142,1.2950000166893005,1.2350000143051147,1.0399999618530271
2017-11-22,1.0199999809265137,1.059999942779541,1.0199999809265137,1.0299999713897705,42300,0,0,0.0,0.5852272596425752,1.09549999833107,1.1799764847480132,1.0110235119141269,1.074999988079071,1.149999976158142,1.2950000166893005,1.2350000143051147,1.0399999618530271
2017-11-24,1.0299999713897705,1.0700000524520874,1.0299999713897705,1.0700000524520874,67800,0,0,0.03883503123630683,0.6079545785511328,1.09200000166893,1.1745701421562258,1.0094298611816341,1.074999988079071,1.149999976158142,1.2950000166893005,1.2350000143051147,1.1100000143051147
2017-11-27,1.0800000429153442,1.090000033378601,1.0199999809265137,1.0499999523162842,31000,0,0,-0.018691681453631315,0.5965908852305783,1.0899999976158141,1.1746020496841199,1.0053979455475084,1.074999988079071,1.125,1.2950000166893005,1.2350000143051147,1.100000023841858
2017-11-28,1.0399999618530271,1.0700000524520874,1.0399999618530271,1.0499999523162842,29900,0,0,0.0,0.5965908852305783,1.0874999940395356,1.1737294454749365,1.0012705426041346,1.074999988079071,1.125,1.2950000166893005,1.2350000143051147,1.0700000524520874
2017-11-29,1.0499999523162842,1.0499999523162842,1.0199999809265137,1.0299999713897705,19600,0,0,-0.01904760174740394,0.5852272596425752,1.0834999918937682,1.1725895449425483,0.9944104388449881,1.0799999833106995,1.1050000190734863,1.2950000166893005,1.2350000143051147,1.1200000047683716
2017-11-30,1.0399999618530271,1.0499999523162842,1.0,1.0399999618530271,76100,0,0,0.009708728874782135,0.5909090724365766,1.079499989748001,1.1688614702924935,0.9901385092035088,1.0450000166893005,1.100000023841858,1.2975000143051147,1.2350000143051147,1.090000033378601
2017-12-01,1.0099999904632568,1.0499999523162842,0.9700000286102296,1.0499999523162842,114300,0,0,0.009615375798129433,0.5965908852305785,1.0769999861717223,1.1667283867795673,0.9872715855638773,1.0300000309944153,1.0850000381469727,1.2725000083446503,1.2350000143051147,1.1100000143051147
2017-12-04,1.0499999523162842,1.0499999523162842,0.949999988079071,0.9700000286102296,157100,0,0,-0.07619040698961554,0.5511363828785657,1.0674999892711639,1.1602804663862456,0.974719512156082,1.020000010728836,1.0750000178813934,1.2625000178813934,1.2350000143051147,1.100000023841858
2017-12-05,0.9399999976158142,1.0,0.8899999856948853,0.9399999976158142,91700,0,0,-0.030927866092332,0.5340909106302852,1.055499991774559,1.149061709723599,0.9619382738255192,0.9900000095367432,1.0450000166893005,1.2275000214576721,1.2350000143051147,1.1299999952316284
2017-12-06,0.9399999976158142,0.9700000286102296,0.9200000166893004,0.9200000166893004,89100,0,0,-0.021276575507703344,0.5227272850422819,1.0434999942779541,1.1418655319742559,0.9451344565816524,0.9900000095367432,1.0450000166893005,1.2174999713897705,1.2400000095367432,1.090000033378601
2017-12-07,0.9300000071525574,1.0700000524520874,0.9200000166893004,0.9900000095367432,450700,0,0,0.07608694736696187,0.5625000084665689,1.0369999945163726,1.131341828993996,0.942658160038749,0.9900000095367432,1.0450000166893005,1.2174999713897705,1.2400000095367432,1.090000033378601
2017-12-08,0.9300000071525574,1.0399999618530271,0.9200000166893004,0.9399999976158142,49500,0,0,-0.05050506205987393,0.5340909106302852,1.0299999922513963,1.131147347026829,0.9288526374759636,0.9800000190734863,1.0450000166893005,1.2049999833106995,1.2599999904632568,1.059999942779541
2017-12-11,0.9399999976158142,0.9800000190734864,0.9200000166893004,0.9300000071525574,42400,0,0,-0.01063828775385156,0.5284090978362836,1.0229999899864197,1.1313098767385017,0.9146901032343377,0.9800000190734863,1.0450000166893005,1.2049999833106995,1.2599999904632568,1.0299999713897705
2017-12-12,0.9800000190734864,0.9800000190734864,0.8600000143051147,0.9100000262260436,131900,0,0,-0.02150535566956502,0.5170454722482803,1.012999990582466,1.1242566102539522,0.9017433709109798,0.9650000333786011,1.0250000357627869,1.1949999928474426,1.2599999904632568,1.0299999713897705
2017-12-13,0.8799999952316284,0.9200000166893004,0.8799999952316284,0.9100000262260436,93400,0,0,0.0,0.5170454722482803,1.005999994277954,1.1245247586545082,0.8874752299013999,0.9650000333786011,1.0149999856948853,1.1949999928474426,1.2599999904632568,1.0199999809265137
2017-12-14,0.8999999761581421,0.9399999976158142,0.8899999856948853,0.9300000071525574,137400,0,0,0.021978000384744734,0.5284090978362835,0.9999999970197677,1.121156719542282,0.8788432744972534,0.9650000333786011,1.0099999904632568,1.1949999928474426,1.2599999904632568,1.0399999618530271
2017-12-15,0.9300000071525574,0.9900000095367432,0.9200000166893004,0.9800000190734864,186100,0,0,0.05376345326492782,0.5568181956725672,0.9949999958276748,1.1106058699091699,0.8793941217461798,0.9650000333786011,1.0049999952316284,1.1949999928474426,1.2599999904632568,1.0299999713897705
2017-12-18,0.9900000095367432,1.0499999523162842,0.8700000047683716,1.0199999809265137,269200,0,0,0.040816286810732905,0.5795454468485735,0.9919999927282334,1.101516528676993,0.8824834567794737,0.9650000333786011,1.0,1.1949999928474426,1.2599999904632568,1.0299999713897705
2017-12-19,0.959999978542328,1.0399999618530271,0.959999978542328,1.0099999904632568,82200,0,0,-0.00980391240220746,0.5738636340545719,0.989999994635582,1.0965975623869486,0.8834024268842154,0.9650000333786011,1.0,1.1899999976158142,1.2549999952316284,1.0099999904632568
2017-12-20,1.0299999713897705,1.0800000429153442,1.0,1.0099999904632568,41300,0,0,0.0,0.5738636340545719,0.9889999955892563,1.0944341961248791,0.8835657950536335,0.9700000286102295,1.0,1.1850000023841858,1.25,0.9700000286102296
2017-12-21,1.0299999713897705,1.059999942779541,1.0099999904632568,1.0399999618530271,72600,0,0,0.02970294225053438,0.5909090724365766,0.9894999951124192,1.0958079144712247,0.8831920757536136,0.9700000286102295,1.0,1.1850000023841858,1.25,0.9700000286102296
2017-12-22,1.0299999713897705,1.0700000524520874,1.0299999713897705,1.0700000524520874,86900,0,0,0.02884624201870878,0.6079545785511329,0.9894999951124192,1.0958079144712247,0.8831920757536136,0.9700000286102295,1.0,1.1700000166893005,1.2350000143051147,0.959999978542328
2017-12-26,1.0499999523162842,1.100000023841858,1.0399999618530271,1.0800000429153442,132000,0,0,0.009345785021542818,0.6136363913451345,0.9909999996423722,1.1014907062621224,0.880509293022622,0.9850000143051147,0.9800000190734863,1.1675000190734863,1.2350000143051147,0.9100000262260436
2017-12-27,1.0700000524520874,1.100000023841858,1.0499999523162842,1.090000033378601,115600,0,0,0.009259250061012025,0.6193182041391361,0.993000003695488,1.1090597339177477,0.8769402734732282,0.9850000143051147,0.9800000190734863,1.1449999809265137,1.2350000143051147,0.8799999952316284
2017-12-28,1.100000023841858,1.100000023841858,1.0099999904632568,1.0199999809265137,125500,0,0,-0.06422022964083118,0.5795454468485736,0.9925000041723251,1.107996536611301,0.8770034717333492,0.9850000143051147,0.9800000190734863,1.137499988079071,1.2350000143051147,0.8600000143051147
2017-12-29,1.100000023841858,1.100000023841858,1.0199999809265137,1.0399999618530271,73200,0,0,0.019607824804414697,0.5909090724365766,0.9925000041723251,1.107996536611301,0.8770034717333492,0.9850000143051147,0.9800000190734863,1.1149999797344208,1.2350000143051147,0.9200000166893004
2018-01-02,1.100000023841858,1.100000023841858,1.0399999618530271,1.0399999618530271,40700,0,0,0.0,0.5909090724365766,0.9920000046491623,1.106569370124822,0.8774306391735026,1.030000001192093,0.9800000190734863,1.1124999821186066,1.2350000143051147,0.8999999761581421
2018-01-03,1.1399999856948853,1.1399999856948853,1.0700000524520874,1.1100000143051147,31400,0,0,0.0673077452112254,0.6306818297271393,0.9990000039339065,1.124081661510105,0.873918346357708,1.0699999928474426,1.0,1.1124999821186066,1.2350000143051147,0.8899999856948853
2018-01-04,1.090000033378601,1.100000023841858,1.0800000429153442,1.100000023841858,17000,0,0,-0.009009000301245074,0.6250000169331377,1.0070000052452088,1.1364037624408798,0.8775962480495377,1.074999988079071,1.0,1.0999999940395355,1.2350000143051147,0.8999999761581421
2018-01-05,1.090000033378601,1.1299999952316284,1.059999942779541,1.0700000524520874,15500,0,0,-0.027272700672307915,0.6079545785511328,1.014500007033348,1.1401582284515528,0.8888417856151433,1.074999988079071,1.0,1.0999999940395355,1.2350000143051147,0.8999999761581421
2018-01-08,1.100000023841858,1.1399999856948853,1.059999942779541,1.1200000047683716,12000,0,0,0.046728925107714536,0.6363636425211409,1.0210000067949294,1.1542223532812645,0.8877776603085942,1.074999988079071,1.0,1.092500001192093,1.2350000143051147,0.8799999952316284
2018-01-09,1.100000023841858,1.1200000047683716,1.0700000524520874,1.090000033378601,21900,0,0,-0.026785688626827175,0.6193182041391361,1.028500008583069,1.159483937847,0.8975160793191377,1.074999988079071,1.0,1.0725000202655792,1.2300000190734863,0.8899999856948853
2018-01-10,1.0700000524520874,1.3700000047683716,1.059999942779541,1.1100000143051147,373900,0,0,0.018348605792718242,0.6306818297271393,1.0375000089406967,1.1648206400031724,0.9101793778782211,1.1899999976158142,1.1150000095367432,1.057500034570694,1.2150000333786013,0.959999978542328
2018-01-11,1.1200000047683716,1.1299999952316284,1.0700000524520874,1.100000023841858,26600,0,0,-0.009009000301245074,0.6250000169331377,1.0470000088214875,1.1625359442317174,0.9314640734112577,1.1949999928474426,1.1150000095367432,1.0475000143051147,1.2050000131130219,0.9800000190734864
2018-01-12,1.1100000143051147,1.149999976158142,1.100000023841858,1.1299999952316284,63300,0,0,0.027272700672307915,0.6420454553151426,1.0580000072717666,1.1602606719644497,0.9557393425790834,1.2049999833106995,1.1150000095367432,1.0175000131130219,1.175000011920929,0.8999999761581421
2018-01-16,1.149999976158142,1.149999976158142,1.0700000524520874,1.090000033378601,57100,0,0,-0.035398196479485944,0.6193182041391362,1.0660000085830688,1.1502188363361172,0.9817811808300203,1.2149999737739563,1.1150000095367432,1.0175000131130219,1.175000011920929,0.8799999952316284
2018-01-17,1.1100000143051147,1.1100000143051147,1.0700000524520874,1.090000033378601,22200,0,0,0.0,0.6193182041391362,1.0715000092983247,1.1462767080730145,0.9967233105236348,1.2149999737739563,1.1150000095367432,1.0175000131130219,1.175000011920929,0.9200000166893004
2018-01-18,1.0700000524520874,1.0800000429153442,1.0099999904632568,1.059999942779541,32700,0,0,-0.0275230180553947,0.6022726980245802,1.073500007390976,1.144674875128069,1.0023251396538828,1.1899999976158142,1.1150000095367432,1.0125000178813934,1.175000011920929,0.9100000262260436
2018-01-19,1.0499999523162842,1.0700000524520874,1.0299999713897705,1.0299999713897705,8900,0,0,-0.028301861329449007,0.5852272596425754,1.0745000064373016,1.1425377367092289,1.0064622761653743,1.1899999976158142,1.1150000095367432,1.0125000178813934,1.175000011920929,0.9300000071525574
2018-01-22,1.0399999618530271,1.100000023841858,1.0099999904632568,1.0299999713897705,6400,0,0,0.0,0.5852272596425754,1.0755000054836272,1.1401862955318036,1.0108137154354508,1.1899999976158142,1.1200000047683716,0.995000034570694,1.1600000262260437,0.9399999976158142
2018-01-23,1.059999942779541,1.059999942779541,0.9800000190734864,1.0199999809265137,40200,0,0,-0.009708728874782357,0.5795454468485738,1.0745000064373016,1.1419407738212815,1.0070592390533217,1.175000011920929,1.1200000047683716,0.9900000095367432,1.1600000262260437,0.9100000262260436
2018-01-24,1.0199999809265137,1.0499999523162842,1.0199999809265137,1.0399999618530271,4500,0,0,0.019607824804414697,0.5909090724365769,1.0730000019073487,1.1421065928666199,1.0038934109480775,1.0649999976158142,1.1200000047683716,0.987500011920929,1.1600000262260437,0.8600000143051147
2018-01-25,1.0700000524520874,1.0700000524520874,1.0099999904632568,1.0299999713897705,7500,0,0,-0.009615375798128989,0.5852272596425754,1.07049999833107,1.1420149521847467,0.9989850444773931,1.0649999976158142,1.1200000047683716,0.9850000143051147,1.1600000262260437,0.8999999761581421
2018-01-26,1.0199999809265137,1.0299999713897705,1.0099999904632568,1.0299999713897705,37400,0,0,0.0,0.5852272596425754,1.0674999952316284,1.1405256985554235,0.9944742919078332,1.0649999976158142,1.1649999916553497,0.9825000166893005,1.1600000262260437,0.8700000047683716
2018-01-29,1.0199999809265137,1.059999942779541,1.0,1.0099999904632568,74700,0,0,-0.019417457749564604,0.5738636340545722,1.0669999957084655,1.1414583141420942,0.9925416772748367,1.0450000166893005,1.175000011920929,0.9825000166893005,1.1600000262260437,0.8899999856948853
2018-01-30,1.0099999904632568,1.0299999713897705,0.959999978542328,0.9700000286102296,59100,0,0,-0.03960392300071258,0.5511363828785658,1.0634999990463256,1.1486440406979168,0.9783559573947345,1.030000001192093,1.1649999916553497,0.9850000143051147,1.1600000262260437,0.9100000262260436
2018-01-31,0.959999978542328,0.9800000190734864,0.959999978542328,0.9700000286102296,20900,0,0,0.0,0.5511363828785658,1.0600000023841858,1.1541058035891762,0.9658942011791952,1.030000001192093,1.1649999916553497,0.9850000143051147,1.1600000262260437,0.9700000286102296
2018-02-01,0.959999978542328,0.9800000190734864,0.9399999976158142,0.959999978542328,15900,0,0,-0.010309329662834377,0.5454545362182885,1.0525000005960465,1.1532216980092311,0.951778303182862,1.020000010728836,1.155000001192093,0.9850000143051147,1.1600000262260437,0.9900000095367432
2018-02-02,0.8999999761581421,0.949999988079071,0.8899999856948853,0.9100000262260436,70000,0,0,-0.05208328482694835,0.5170454722482805,1.0430000007152558,1.1588854027965518,0.9271145986339597,0.9800000190734863,1.1299999952316284,0.9825000166893005,1.1600000262260437,0.9300000071525574
2018-02-05,0.9300000071525574,0.9399999976158142,0.8799999952316284,0.8799999952316284,32100,0,0,-0.03296706607672473,0.5,1.0334999978542327,1.1687370119897746,0.8982629837186908,0.9750000238418579,1.125,0.9825000166893005,1.125,0.9800000190734864
2018-02-06,0.8999999761581421,0.9200000166893004,0.8500000238418579,0.8600000143051147,119100,0,0,-0.02272725117600638,0.4886363744119968,1.0204999983310699,1.1694267391134996,0.8715732575486401,0.9600000381469727,1.1100000143051147,0.9825000166893005,1.1150000095367432,1.0
2018-02-07,1.0,1.0,0.8700000047683716,0.9200000166893004,22100,0,0,0.0697674434722726,0.522727285042282,1.011999997496605,1.1635009779174803,0.8604990170757296,0.9549999833106995,1.1100000143051147,0.9825000166893005,1.074999988079071,1.0
2018-02-08,0.8899999856948853,0.9200000166893004,0.8799999952316284,0.8999999761581421,56400,0,0,-0.0217391740960291,0.5113636255880033,1.0014999955892563,1.1534906415843131,0.8495093495941994,0.9549999833106995,1.1100000143051147,1.0050000101327896,1.074999988079071,1.0
2018-02-09,0.8999999761581421,0.9100000262260436,0.8500000238418579,0.8899999856948853,115000,0,0,-0.011111100809073515,0.5056818127940017,0.9909999936819076,1.1433394340855298,0.8386605532782854,0.9399999976158142,1.1100000143051147,1.0349999964237213,1.074999988079071,0.959999978542328
2018-02-12,0.9200000166893004,0.9200000166893004,0.8799999952316284,0.8999999761581421,81800,0,0,0.01123594452133525,0.5113636255880033,0.9794999927282333,1.1224697189788002,0.8365302664776664,0.925000011920929,1.1100000143051147,1.0374999940395355,1.050000011920929,0.959999978542328
2018-02-13,0.9200000166893004,0.949999988079071,0.8899999856948853,0.8999999761581421,43300,0,0,0.0,0.5113636255880033,0.9699999898672104,1.107420851167906,0.8325791285665147,0.925000011920929,1.1100000143051147,1.0374999940395355,1.050000011920929,0.9200000166893004
2018-02-14,0.949999988079071,0.949999988079071,0.8799999952316284,0.8799999952316284,49500,0,0,-0.02222220161814692,0.5000000000000001,0.9594999879598618,1.0905147549837553,0.8284852209359684,0.925000011920929,1.1100000143051147,1.0374999940395355,1.0300000309944153,0.9200000166893004
2018-02-15,0.8799999952316284,0.8999999761581421,0.8799999952316284,0.8899999856948853,25700,0,0,0.01136362558800319,0.5056818127940017,0.950999990105629,1.0767265541636366,0.8252734260476212,0.925000011920929,1.1100000143051147,1.0374999940395355,1.0300000309944153,0.9200000166893004
2018-02-16,0.9200000166893004,0.9900000095367432,0.8799999952316284,0.959999978542328,14400,0,0,0.07865167862085842,0.5454545362182887,0.9474999904632568,1.0679663587857895,0.8270336221407241,0.925000011920929,1.0,1.1525000035762787,1.1150000095367432,0.9399999976158142
2018-02-20,0.9800000190734864,0.9800000190734864,0.8999999761581421,0.9800000190734864,9400,0,0,0.0208333760189523,0.5568181956725675,0.9449999928474426,1.0604308544029704,0.8295691312919148,0.925000011920929,1.0,1.155000001192093,1.1150000095367432,0.959999978542328
2018-02-21,0.9800000190734864,0.9800000190734864,0.8899999856948853,0.8999999761581421,7500,0,0,-0.08163269526359618,0.5113636255880033,0.938999992609024,1.0505832616362634,0.8274167235817846,0.9200000166893005,1.0,1.1599999964237213,1.1150000095367432,0.9800000190734864
2018-02-22,0.9399999976158142,0.9399999976158142,0.8700000047683716,0.8799999952316284,53200,0,0,-0.02222220161814692,0.5000000000000001,0.9309999942779541,1.0350831890736847,0.8269167994822236,0.9200000166893005,0.9800000190734863,1.1649999916553497,1.1150000095367432,1.0199999809265137
2018-02-23,0.9200000166893004,0.949999988079071,0.8600000143051147,0.9200000166893004,3600,0,0,0.04545457008456388,0.522727285042282,0.9254999965429306,1.0190617067635053,0.8319382863223559,0.925000011920929,0.9750000238418579,1.1649999916553497,1.1150000095367432,1.1399999856948853
2018-02-26,0.9200000166893004,0.9200000166893004,0.8999999761581421,0.9100000262260436,19700,0,0,-0.010869554654186486,0.5170454722482805,0.9194999992847442,0.9998046356970259,0.8391953628724625,0.925000011920929,0.9750000238418579,1.1525000035762787,1.1150000095367432,1.1299999952316284
2018-02-27,0.9100000262260436,0.9700000286102296,0.9100000262260436,0.9300000071525574,4000,0,0,0.021978000384744734,0.5284090978362836,0.9155000001192093,0.9844234608100139,0.8465765394284047,0.925000011920929,0.9750000238418579,1.1525000035762787,1.1150000095367432,1.0499999523162842
2018-02-28,0.949999988079071,0.949999988079071,0.9399999976158142,0.9399999976158142,3600,0,0,0.010752677834782398,0.5340909106302852,0.9139999985694885,0.9792851820581144,0.8487148150808627,0.925000011920929,0.9600000381469727,1.155000001192093,1.1150000095367432,1.0299999713897705
2018-03-01,0.949999988079071,0.949999988079071,0.9100000262260436,0.9100000262260436,2100,0,0,-0.031914863261554904,0.5170454722482803,0.9109999984502792,0.970957726826854,0.8510422700737045,0.925000011920929,0.9600000381469727,1.1475000083446503,1.1150000095367432,1.1699999570846558
2018-03-02,0.8999999761581421,0.9200000166893004,0.8600000143051147,0.8600000143051147,59100,0,0,-0.05494506646146935,0.48863637441199675,0.9060000002384185,0.9654497478389794,0.8465502526378577,0.9200000166893005,0.9600000381469727,1.092500001192093,1.1150000095367432,1.0399999618530271
2018-03-05,0.8799999952316284,0.9200000166893004,0.8799999952316284,0.8999999761581421,16500,0,0,0.04651158277636491,0.5113636255880032,0.9054999977350235,0.9649752475297267,0.8460247479403203,0.9200000166893005,0.9549999833106995,1.092500001192093,1.1150000095367432,1.0399999618530271
2018-03-06,0.8700000047683716,0.9200000166893004,0.8700000047683716,0.8700000047683716,14200,0,0,-0.033333302427220435,0.49431818720599835,0.9049999982118606,0.9654948727457289,0.8445051236779924,0.9150000214576721,0.9549999833106995,1.114999994635582,1.1150000095367432,1.0199999809265137
2018-03-07,0.8700000047683716,0.9200000166893004,0.8700000047683716,0.8899999856948853,53500,0,0,0.022988483697581552,0.5056818127940015,0.9064999967813492,0.9638287910478341,0.8491712025148642,0.9150000214576721,0.9399999976158142,1.1100000143051147,1.1150000095367432,1.0399999618530271
2018-03-08,0.9100000262260436,0.9200000166893004,0.8799999952316284,0.9100000262260436,54900,0,0,0.022471956014182393,0.5170454722482803,0.9059999972581861,0.9630193573832926,0.8489806371330797,0.9150000214576721,0.925000011920929,1.0974999964237213,1.1150000095367432,0.9900000095367432
2018-03-09,0.9100000262260436,1.0,0.8899999856948853,0.9700000286102296,84400,0,0,0.06593406665384216,0.5511363828785658,0.9094999998807907,0.9729236623195796,0.8460763374420017,0.9300000071525574,0.925000011920929,1.0974999964237213,1.1150000095367432,1.0
2018-03-12,0.9900000095367432,1.0199999809265137,0.9300000071525574,0.9900000095367432,25600,0,0,0.020618536429497514,0.562500008466569,0.9145000010728837,0.9862970912927481,0.8427029108530192,0.9399999976158142,0.9350000023841858,1.0875000059604645,1.1150000095367432,0.9900000095367432
2018-03-13,1.0099999904632568,1.0099999904632568,0.9300000071525574,0.9300000071525574,16500,0,0,-0.06060606243050637,0.5284090978362838,0.9160000026226044,0.9877759679254334,0.8442240373197754,0.9399999976158142,0.9350000023841858,1.0550000071525574,1.1150000095367432,1.0
2018-03-14,0.9200000166893004,0.9800000190734864,0.8999999761581421,0.9800000190734864,17600,0,0,0.05376345326492782,0.5568181956725675,0.9200000047683716,0.9965734748975963,0.843426534639147,0.9399999976158142,0.9350000023841858,1.050000011920929,1.1150000095367432,1.0
2018-03-15,0.949999988079071,1.0399999618530271,0.9300000071525574,1.0,195600,0,0,0.020408143405366452,0.5681818212605707,0.9260000050067901,1.007782821418166,0.8442171885954141,0.9549999833106994,0.9449999928474425,1.0350000262260437,1.1100000143051147,1.0
2018-03-16,1.0199999809265137,1.0199999809265137,0.949999988079071,1.0,41000,0,0,0.0,0.5681818212605707,0.9315000057220459,1.0175886575050939,0.845411353938998,0.9549999833106994,0.9449999928474425,1.032499998807907,1.1100000143051147,0.9399999976158142
2018-03-19,1.0,1.0099999904632568,0.949999988079071,1.0,7100,0,0,0.0,0.5681818212605707,0.9335000067949295,1.023941015763257,0.8430589978266021,0.9549999833106994,0.9449999928474425,1.032499998807907,1.1100000143051147,0.949999988079071
2018-03-20,0.9900000095367432,1.0,0.959999978542328,0.959999978542328,7800,0,0,-0.04000002145767201,0.5454545362182888,0.9325000047683716,1.0212712564894622,0.8437287530472811,0.9599999785423278,0.9499999880790709,1.0250000059604645,1.1100000143051147,0.9399999976158142
2018-03-21,1.0,1.0,0.8999999761581421,0.959999978542328,6500,0,0,0.0,0.5454545362182888,0.9355000048875809,1.0237229243258943,0.8472770854492676,0.9649999737739562,0.9499999880790709,1.0175000131130219,1.1100000143051147,0.949999988079071
2018-03-22,0.9200000166893004,0.9700000286102296,0.8999999761581421,0.9200000166893004,23600,0,0,-0.041666627861558725,0.5227272850422823,0.9375000059604645,1.0223109129419763,0.8526890989789526,0.9699999690055846,0.9499999880790709,1.0175000131130219,1.1100000143051147,0.949999988079071
2018-03-23,0.9200000166893004,0.9700000286102296,0.8999999761581421,0.9200000166893004,10600,0,0,0.0,0.5227272850422823,0.9375000059604645,1.0223109129419763,0.8526890989789526,0.9699999690055846,0.9499999880790709,1.0175000131130219,1.1100000143051147,0.9300000071525574
2018-03-26,0.949999988079071,0.949999988079071,0.9200000166893004,0.9200000166893004,22000,0,0,0.0,0.5227272850422823,0.9380000054836273,1.0222668072733372,0.8537332036939174,0.9699999690055846,0.9499999880790709,1.0175000131130219,1.1100000143051147,0.9300000071525574
2018-03-27,0.9399999976158142,0.949999988079071,0.9200000166893004,0.9399999976158142,34500,0,0,0.021739109308373195,0.5340909106302856,0.9385000050067902,1.0226887902993749,0.8543112197142055,0.9699999690055846,0.9499999880790709,0.9625000059604645,1.1100000143051147,0.8700000047683716
2018-03-28,0.949999988079071,0.959999978542328,0.9200000166893004,0.959999978542328,36400,0,0,0.021276575507703344,0.5454545362182889,0.9395000040531158,1.024215496848544,0.8547845112576878,0.9599999785423279,0.9499999880790709,0.9625000059604645,1.1100000143051147,0.9200000166893004
2018-03-29,0.949999988079071,1.100000023841858,0.949999988079071,0.9800000190734864,83300,0,0,0.0208333760189523,0.5568181956725677,0.943000003695488,1.0283397055573895,0.8576603018335864,1.0,0.9800000190734863,0.9600000083446503,1.1100000143051147,0.8999999761581421
2018-04-02,0.9800000190734864,1.0199999809265137,0.9800000190734864,1.0199999809265137,72100,0,0,0.040816286810732905,0.579545446848574,0.9510000020265579,1.033643574359442,0.8683564296936738,1.0,0.9800000190734863,0.9500000178813934,1.1100000143051147,0.8700000047683716
2018-04-03,1.0299999713897705,1.2000000476837158,1.0,1.1399999856948853,732800,0,0,0.11764706569834438,0.6477272681091445,0.9630000025033951,1.0767724416272444,0.8492275633795457,1.050000011920929,1.0300000309944153,0.9500000178813934,1.1100000143051147,0.8899999856948853
2018-04-04,1.1399999856948853,1.1699999570846558,1.090000033378601,1.1299999952316284,165800,0,0,-0.008771921569070362,0.6420454553151429,0.9760000020265579,1.103086164141335,0.8489138399117808,1.050000011920929,1.0300000309944153,0.9500000178813934,1.1100000143051147,0.8600000143051147
2018-04-05,1.1299999952316284,1.1399999856948853,1.0499999523162842,1.0499999523162842,155600,0,0,-0.07079649845391878,0.5965908852305788,0.9840000003576279,1.1085145952361524,0.8594854054791035,1.050000011920929,1.0300000309944153,0.9500000178813934,1.1100000143051147,0.8500000238418579
2018-04-06,1.0499999523162842,1.0800000429153442,1.0,1.0299999713897705,96900,0,0,-0.01904760174740394,0.5852272596425756,0.9899999976158144,1.1111567211330144,0.8688432740986143,1.0600000321865082,1.0300000309944153,0.9425000250339508,1.1100000143051147,0.8600000143051147
2018-04-09,1.059999942779541,1.1699999570846558,1.0299999713897705,1.1699999570846558,461900,0,0,0.13592231998413018,0.6647727064911494,0.9999999940395355,1.1440299681895831,0.855970019889488,1.0600000321865082,1.0300000309944153,0.9425000250339508,1.1100000143051147,0.9300000071525574
2018-04-10,1.1699999570846558,1.190000057220459,1.0299999713897705,1.0399999618530271,489200,0,0,-0.11111111111111127,0.5909090724365771,1.0024999916553496,1.1474918658077677,0.8575081175029315,1.0600000321865082,1.0350000262260437,0.9400000274181366,1.1100000143051147,0.8700000047683716
2018-04-11,1.0299999713897705,1.0800000429153442,0.9800000190734864,1.0399999618530271,87100,0,0,0.0,0.5909090724365771,1.007999989390373,1.1498516357260005,0.8661483430547458,1.0750000178813934,1.0350000262260437,0.9375,1.1100000143051147,0.8600000143051147
2018-04-12,1.0399999618530271,1.059999942779541,0.9800000190734864,1.0199999809265137,58400,0,0,-0.01923075159625809,0.579545446848574,1.0099999874830243,1.151337574390916,0.8686624005751327,1.090000033378601,1.0350000262260437,0.9350000023841858,1.1100000143051147,0.8600000143051147
2018-04-13,1.0199999809265137,1.0399999618530271,1.0099999904632568,1.0399999618530271,34300,0,0,0.019607824804414697,0.5909090724365771,1.0119999855756758,1.153851632251135,0.8701483389002167,1.090000033378601,1.0400000214576721,0.9275000095367432,1.1100000143051147,0.8199999928474426
2018-04-16,1.0399999618530271,1.0399999618530271,0.9800000190734864,0.9900000095367432,27800,0,0,-0.0480768789906455,0.5625000084665692,1.011499986052513,1.1535901792291736,0.8694097928758521,1.0850000381469727,1.0450000166893005,0.9200000166893005,1.1100000143051147,0.8399999737739563
2018-04-17,1.0099999904632568,1.0499999523162842,0.9800000190734864,1.0,73600,0,0,0.010101000370632551,0.5681818212605708,1.011499986052513,1.1535901792291736,0.8694097928758521,1.0850000381469727,1.050000011920929,0.9275000095367432,1.1100000143051147,0.8399999737739563
2018-04-18,1.0,1.0299999713897705,0.9900000095367432,0.9900000095367432,52900,0,0,-0.009999990463256836,0.5625000084665692,1.0129999876022338,1.1534910162977259,0.8725089589067416,1.0850000381469727,1.050000011920929,0.9375,1.1100000143051147,0.8399999737739563
2018-04-19,0.9900000095367432,1.0099999904632568,0.959999978542328,1.0,70100,0,0,0.010101000370632551,0.5681818212605708,1.0149999886751173,1.1535199276687356,0.8764800496814991,1.0750000178813934,1.050000011920929,0.9375,1.1100000143051147,0.8500000238418579
2018-04-20,1.0099999904632568,1.0099999904632568,0.9800000190734864,1.0,12800,0,0,0.0,0.5681818212605708,1.0189999878406524,1.1506958743872355,0.8873041012940692,1.0750000178813934,1.050000011920929,0.9375,1.1100000143051147,0.8299999833106995
2018-04-23,1.0099999904632568,1.0299999713897705,0.9800000190734864,1.0,29300,0,0,0.0,0.5681818212605708,1.0229999870061872,1.1469775590045845,0.8990224150077898,1.020000010728836,1.050000011920929,0.9499999880790709,1.1100000143051147,0.800000011920929
2018-04-24,0.9900000095367432,0.9900000095367432,0.9200000166893004,0.9399999976158142,68900,0,0,-0.06000000238418579,0.5340909106302856,1.023999986052513,1.1448894008703052,0.903110571234721,0.9899999797344208,1.050000011920929,0.9499999880790709,1.1100000143051147,0.8100000023841858
2018-04-25,0.959999978542328,1.0299999713897705,0.9200000166893004,0.949999988079071,37900,0,0,0.01063828775385156,0.5397727234242872,1.024499985575676,1.1440565856999034,0.9049433854514487,0.9849999845027924,1.050000011920929,0.9499999880790709,1.1100000143051147,0.8500000238418579
2018-04-26,0.9800000190734864,0.9800000190734864,0.9200000166893004,0.9399999976158142,28700,0,0,-0.01052630588288439,0.5340909106302856,1.0234999865293501,1.1455338379322453,0.9014661351264549,0.9849999845027924,1.050000011920929,0.9549999833106994,1.1100000143051147,0.8399999737739563
2018-04-27,0.9399999976158142,0.949999988079071,0.9399999976158142,0.949999988079071,6700,0,0,0.01063828775385156,0.5397727234242872,1.0219999849796293,1.1468713104396635,0.8971286595195952,0.9849999845027924,1.050000011920929,0.9574999809265136,1.1100000143051147,0.9300000071525574
2018-04-30,0.9399999976158142,0.959999978542328,0.9100000262260436,0.949999988079071,65700,0,0,0.0,0.5397727234242872,1.0184999853372572,1.147304693680475,0.8896952769940394,0.9699999988079071,1.050000011920929,0.9599999785423278,1.1100000143051147,0.8700000047683716
2018-05-01,0.9800000190734864,0.9800000190734864,0.9100000262260436,0.9300000071525574,10500,0,0,-0.02105261176576878,0.528409097836284,1.0079999864101408,1.1294234246010357,0.8865765482192458,0.9699999988079071,1.0550000369548798,0.9599999785423278,1.1100000143051147,0.9399999976158142
2018-05-02,0.959999978542328,0.9700000286102296,0.8999999761581421,0.9300000071525574,53300,0,0,0.0,0.528409097836284,0.9979999870061873,1.1100714105942942,0.8859285634180805,0.9649999737739563,1.050000011920929,0.9599999785423278,1.1100000143051147,0.8899999856948853
2018-05-03,0.9300000071525574,0.959999978542328,0.8600000143051147,0.8700000047683716,44800,0,0,-0.06451613109971022,0.4943181872059987,0.9889999896287917,1.1114679815232464,0.8665319977343369,0.9449999928474426,1.0300000309944153,0.9599999785423278,1.0,0.8999999761581421
2018-05-04,0.9100000262260436,0.9300000071525574,0.8899999856948853,0.9200000166893004,9200,0,0,0.057471277755039685,0.5227272850422824,0.9834999918937681,1.1079942794499724,0.8590057043375638,0.9449999928474426,1.0300000309944153,0.9549999833106995,1.0,0.9100000262260436
2018-05-07,0.8999999761581421,0.9100000262260436,0.8799999952316284,0.8999999761581421,52900,0,0,-0.0217391740960291,0.5113636255880036,0.9699999928474424,1.065597906004713,0.8744020796901719,0.9449999928474426,1.0300000309944153,0.9900000095367432,1.0,0.8799999952316284
2018-05-08,0.9200000166893004,0.9300000071525574,0.8700000047683716,0.8700000047683716,44300,0,0,-0.033333302427220435,0.4943181872059988,0.9614999949932098,1.0608879422963764,0.8621120476900432,0.9200000166893005,1.0300000309944153,0.9900000095367432,0.9800000190734863,0.8700000047683716
2018-05-09,0.8700000047683716,0.8899999856948853,0.8500000238418579,0.8899999856948853,102700,0,0,0.022988483697581552,0.5056818127940019,0.9539999961853027,1.051150412329646,0.8568495800409595,0.9150000214576721,1.0200000405311584,1.0400000214576721,1.0250000357627869,0.800000011920929
2018-05-10,0.8899999856948853,0.9200000166893004,0.8600000143051147,0.8600000143051147,18200,0,0,-0.03370783356400553,0.4886363744119971,0.9459999978542328,1.0464251416144876,0.845574854093978,0.9150000214576721,1.0200000405311584,1.0400000214576721,1.0250000357627869,0.8500000238418579
2018-05-11,0.8799999952316284,0.8799999952316284,0.8500000238418579,0.8500000238418579,79700,0,0,-0.011627895694091173,0.4829545616179955,0.9365000009536744,1.0354802519991155,0.8375197499082331,0.9150000214576721,1.0200000405311584,1.0400000214576721,1.0250000357627869,0.8399999737739563
2018-05-14,0.8500000238418579,0.8700000047683716,0.8500000238418579,0.8600000143051147,44200,0,0,0.01176469433266436,0.48863637441199714,0.9300000011920929,1.0311473488186595,0.8288526535655263,0.9100000262260437,1.0200000405311584,1.0450000315904617,1.0250000357627869,0.8500000238418579
2018-05-15,0.8999999761581421,0.9900000095367432,0.8799999952316284,0.9300000071525574,110500,0,0,0.08139533916636399,0.5284090978362841,0.9265000015497208,1.0223672072754089,0.8306327958240326,0.9200000166893005,1.0200000405311584,1.0450000315904617,1.0250000357627869,0.8199999928474426
2018-05-16,0.949999988079071,0.949999988079071,0.8600000143051147,0.8700000047683716,108800,0,0,-0.06451613109971022,0.4943181872059988,0.9205000013113022,1.0147077784027159,0.8262922242198886,0.9200000166893005,0.9650000333786011,1.047500029206276,1.0250000357627869,0.6000000238418579
2018-05-17,0.9300000071525574,0.9300000071525574,0.8500000238418579,0.8600000143051147,106000,0,0,-0.011494241848790776,0.4886363744119972,0.9135000020265579,1.0037171586269016,0.8232828454262141,0.9200000166893005,0.9549999833106995,1.0550000220537186,1.0250000357627869,0.7900000214576721
2018-05-18,0.8600000143051147,0.8700000047683716,0.8500000238418579,0.8600000143051147,53300,0,0,0.0,0.4886363744119972,0.9065000027418136,0.9902070761475956,0.8227929293360317,0.9200000166893005,0.949999988079071,1.0625000298023224,1.0250000357627869,0.8100000023841858
2018-05-21,0.8500000238418579,0.8700000047683716,0.8199999928474426,0.8199999928474426,114700,0,0,-0.04651165208409025,0.46590908936971515,0.8975000023841858,0.9776534107813257,0.8173465939870459,0.9050000011920929,0.9349999725818634,1.0650000274181366,1.0250000357627869,0.7900000214576721
2018-05-22,0.8600000143051147,0.8700000047683716,0.8199999928474426,0.8399999737739563,61100,0,0,0.024390220854836775,0.4772727149577184,0.8925000011920929,0.9739049092157868,0.8110950931683991,0.9050000011920929,0.9349999725818634,1.0650000274181366,1.0250000357627869,0.7900000214576721
2018-05-23,0.8500000238418579,0.8500000238418579,0.8199999928474426,0.8399999737739563,41800,0,0,0.0,0.4772727149577184,0.8870000004768371,0.966957683431075,0.8070423175225993,0.9050000011920929,0.9249999821186066,1.0675000250339508,1.0250000357627869,0.8199999928474426
2018-05-24,0.8199999928474426,0.8399999737739563,0.800000011920929,0.8399999737739563,49200,0,0,0.0,0.4772727149577184,0.8819999992847443,0.9605545864390265,0.8034454121304621,0.8950000107288361,0.9149999916553497,1.0675000250339508,1.0250000357627869,0.8199999928474426
2018-05-25,0.8399999737739563,0.8500000238418579,0.8100000023841858,0.8500000238418579,18100,0,0,0.011904821881092875,0.48295456161799566,0.8770000010728836,0.9500879370373225,0.8039120651084446,0.8950000107288361,0.9149999916553497,1.0625000149011612,1.0250000357627869,0.7900000214576721
2018-05-29,0.8500000238418579,0.8500000238418579,0.8299999833106995,0.8299999833106995,11600,0,0,-0.02352945878843815,0.4715909021637168,0.871000000834465,0.9385680370215767,0.8034319646473534,0.875,0.9149999916553497,1.0625000149011612,1.0250000357627869,0.8100000023841858
2018-05-30,0.8500000238418579,0.8500000238418579,0.800000011920929,0.800000011920929,26200,0,0,-0.0361445445698767,0.45454546378171196,0.8645000010728836,0.933129473833198,0.7958705283125692,0.8650000095367432,0.9149999916553497,1.0350000113248825,1.0250000357627869,0.9200000166893004
2018-05-31,0.800000011920929,0.8299999833106995,0.800000011920929,0.8100000023841858,62300,0,0,0.012499987892806708,0.46022727657571355,0.858500000834465,0.9240556093172099,0.7929443923517201,0.8350000083446503,0.9149999916553497,1.0199999958276749,1.0250000357627869,0.9100000262260436
2018-06-01,0.800000011920929,0.8500000238418579,0.800000011920929,0.8500000238418579,36200,0,0,0.04938274239498086,0.4829545616179956,0.8575000017881393,0.9229321235326283,0.7920678800436504,0.8350000083446503,0.8950000107288361,1.0174999982118607,1.0250000357627869,0.8500000238418579
2018-06-04,0.8199999928474426,0.8500000238418579,0.800000011920929,0.8399999737739563,36700,0,0,-0.01176476445577379,0.4772727149577184,0.8534999996423721,0.9125658914189815,0.7944341078657627,0.8350000083446503,0.8950000107288361,1.0174999982118607,1.0300000309944153,0.8399999737739563
2018-06-05,0.8500000238418579,0.9300000071525574,0.8500000238418579,0.9300000071525574,24500,0,0,0.10714290022444706,0.5284090978362842,0.8550000011920929,0.9200058536829326,0.7899941487012531,0.8650000095367432,0.8950000107288361,1.0174999982118607,1.0300000309944153,0.8700000047683716
2018-06-06,0.9100000262260436,0.9100000262260436,0.8700000047683716,0.8700000047683716,38800,0,0,-0.06451613109971022,0.4943181872059989,0.8550000011920929,0.9200058536829326,0.7899941487012531,0.8650000095367432,0.8950000107288361,1.010000005364418,1.0300000309944153,0.8299999833106995
2018-06-07,0.8999999761581421,0.949999988079071,0.8999999761581421,0.9399999976158142,33700,0,0,0.08045976145262146,0.5340909106302858,0.8575000017881393,0.9310773359360653,0.7839226676402133,0.875,0.8950000107288361,1.0125000178813934,1.0300000309944153,0.800000011920929
2018-06-08,0.8700000047683716,0.9399999976158142,0.8700000047683716,0.8899999856948853,39300,0,0,-0.0531915021784547,0.5056818127940022,0.8590000003576279,0.9339454759686723,0.7840545247465835,0.875,0.8950000107288361,1.0074999928474426,1.0300000309944153,0.8299999833106995
2018-06-11,0.8700000047683716,0.9399999976158142,0.8700000047683716,0.8999999761581421,5300,0,0,0.01123594452133525,0.5113636255880037,0.8614999979734421,0.9384093831010589,0.7845906128458253,0.875,0.8950000107288361,0.987500011920929,1.0300000309944153,0.8500000238418579
2018-06-12,0.9300000071525574,0.9800000190734864,0.8700000047683716,0.9100000262260436,11400,0,0,0.011111167036458092,0.5170454722482809,0.8639999985694885,0.9437804827220128,0.7842195144169642,0.8900000154972076,0.8950000107288361,0.987500011920929,1.0300000309944153,0.8199999928474426
2018-06-13,0.8700000047683716,0.9100000262260436,0.8700000047683716,0.8799999952316284,10700,0,0,-0.03296706607672473,0.5000000000000004,0.8614999979734421,0.9357339178657267,0.7872660780811576,0.8900000154972076,0.8950000107288361,0.987500011920929,1.0300000309944153,0.8299999833106995
2018-06-14,0.8799999952316284,0.9200000166893004,0.8700000047683716,0.8700000047683716,17700,0,0,-0.01136362558800319,0.49431818720599885,0.8614999979734421,0.9357339178657267,0.7872660780811576,0.8900000154972076,0.8950000107288361,0.9750000238418579,1.0300000309944153,0.8500000238418579
2018-06-15,0.8700000047683716,0.9900000095367432,0.800000011920929,0.800000011920929,37800,0,0,-0.08045976145262135,0.45454546378171196,0.8584999978542328,0.9374845319605175,0.7795154637479481,0.8950000107288361,0.8950000107288361,0.9675000309944153,1.0250000357627869,0.8700000047683716
2018-06-18,0.8700000047683716,0.8999999761581421,0.8399999737739563,0.8500000238418579,5300,0,0,0.0625000139698384,0.4829545616179956,0.85799999833107,0.9370676835532948,0.7789323131088451,0.8950000107288361,0.8950000107288361,0.9675000309944153,1.0250000357627869,0.8500000238418579
2018-06-19,0.8399999737739563,0.9300000071525574,0.8100000023841858,0.8399999737739563,16000,0,0,-0.01176476445577379,0.4772727149577184,0.8589999973773956,0.9365964080456547,0.7814035867091366,0.8950000107288361,0.8950000107288361,0.9675000309944153,1.0250000357627869,0.9200000166893004
2018-06-20,0.8100000023841858,0.8700000047683716,0.8100000023841858,0.8500000238418579,13300,0,0,0.011904821881092875,0.48295456161799566,0.8594999998807907,0.9367242102089574,0.7822757895526241,0.8950000107288361,0.8950000107288361,0.9650000333786011,1.0250000357627869,0.9100000262260436
2018-06-21,0.8399999737739563,0.8799999952316284,0.8199999928474426,0.8199999928474426,3500,0,0,-0.03529415312110251,0.4659090893697152,0.858500000834465,0.9372281302703678,0.7797718713985622,0.8950000107288361,0.8950000107288361,0.9700000286102295,1.0250000357627869,0.9200000166893004
2018-06-22,0.8199999928474426,0.8899999856948853,0.6000000238418579,0.6000000238418579,51300,0,0,-0.26829264746897963,0.34090910630285287,0.8465000033378601,0.9845484242860946,0.7084515823896257,0.7950000166893005,0.7950000166893005,0.9425000250339508,1.0250000357627869,0.9200000166893004
2018-06-25,0.7099999785423279,0.9800000190734864,0.7099999785423279,0.7900000214576721,172900,0,0,0.31666665010982165,0.44886365098771036,0.8435000032186508,0.9837281548197132,0.7032718516175884,0.7950000166893005,0.7950000166893005,0.9375,1.0250000357627869,0.949999988079071
2018-06-26,0.7900000214576721,0.8399999737739563,0.7900000214576721,0.8100000023841858,59200,0,0,0.025316430864913864,0.46022727657571355,0.8425000041723252,0.9833898502492417,0.7016101580954086,0.7950000166893005,0.7950000166893005,0.9350000023841858,1.0250000357627869,0.9700000286102296
2018-06-27,0.8100000023841858,0.8199999928474426,0.7900000214576721,0.7900000214576721,48500,0,0,-0.024691334404499887,0.44886365098771036,0.8420000046491622,0.9835663055414979,0.7004337037568266,0.7950000166893005,0.7950000166893005,0.9199999868869781,1.0100000202655792,0.949999988079071
2018-06-28,0.7900000214576721,0.800000011920929,0.7900000214576721,0.7900000214576721,24200,0,0,0.0,0.44886365098771036,0.8410000056028366,0.983746815373194,0.6982531958324792,0.7900000214576721,0.7950000166893005,0.9199999868869781,1.0100000202655792,0.9300000071525574
2018-06-29,0.7900000214576721,0.8199999928474426,0.7900000214576721,0.8199999928474426,41100,0,0,0.037974646297370906,0.4659090893697152,0.8395000040531159,0.9824697260468437,0.696530282059388,0.7900000214576721,0.7950000166893005,0.9149999916553497,1.0100000202655792,0.9300000071525574
2018-07-02,0.8199999928474426,0.8299999833106995,0.7900000214576721,0.8199999928474426,11100,0,0,0.0,0.4659090893697152,0.8385000050067901,0.9817240592703325,0.6952759507432478,0.7900000214576721,0.7950000166893005,0.9050000011920929,1.0000000298023224,0.8899999856948853
2018-07-03,0.8199999928474426,0.8199999928474426,0.7900000214576721,0.7900000214576721,10900,0,0,-0.03658533128225516,0.44886365098771036,0.8315000057220459,0.9696948067905146,0.6933052046535771,0.7900000214576721,0.7950000166893005,0.9050000011920929,1.0000000298023224,0.8899999856948853
2018-07-05,0.7900000214576721,0.8299999833106995,0.7900000214576721,0.8100000023841858,15900,0,0,0.025316430864913864,0.46022727657571355,0.8285000056028367,0.965814155328593,0.6911858558770803,0.7900000214576721,0.7950000166893005,0.8949999958276749,1.0000000298023224,0.8999999761581421
2018-07-06,0.8299999833106995,1.100000023841858,0.8299999833106995,0.9200000166893004,345400,0,0,0.13580248639671155,0.5227272850422825,0.8275000065565109,0.9617767485497403,0.6932232645632815,0.9050000011920929,0.8500000238418579,0.8900000005960464,1.0000000298023224,0.8600000143051147
2018-07-09,0.8500000238418579,0.9100000262260436,0.8500000238418579,0.9100000262260436,40100,0,0,-0.010869554654186486,0.5170454722482809,0.8285000085830688,0.9649278293953483,0.6920721877707894,0.945000022649765,0.8500000238418579,0.875,1.0000000298023224,0.8899999856948853
2018-07-10,0.949999988079071,0.949999988079071,0.8100000023841858,0.8500000238418579,25100,0,0,-0.06593406665384172,0.48295456161799566,0.8260000109672546,0.9588423862588684,0.6931576356756408,0.945000022649765,0.8500000238418579,0.8650000095367432,1.0000000298023224,0.8799999952316284
2018-07-11,0.8500000238418579,0.8500000238418579,0.8199999928474426,0.8399999737739563,30400,0,0,-0.01176476445577379,0.47727271495771845,0.8225000083446503,0.9498206259188846,0.695179390770416,0.945000022649765,0.8500000238418579,0.8650000095367432,1.0000000298023224,0.8799999952316284
2018-07-12,0.8299999833106995,0.8799999952316284,0.8299999833106995,0.8700000047683716,42000,0,0,0.03571432372745331,0.49431818720599896,0.8220000088214874,0.9484801653792805,0.6955198522636943,0.945000022649765,0.8500000238418579,0.8800000101327896,1.0000000298023224,0.8899999856948853
2018-07-13,0.8399999737739563,0.8700000047683716,0.8199999928474426,0.8299999833106995,11500,0,0,-0.04597703590624891,0.47159090216371685,0.8200000077486038,0.9446120071817485,0.6953880083154591,0.945000022649765,0.8500000238418579,0.8800000101327896,1.0000000298023224,1.0199999809265137
2018-07-16,0.8199999928474426,0.8799999952316284,0.7799999713897705,0.800000011920929,27300,0,0,-0.0361445445698767,0.454545463781712,0.8200000077486038,0.9446120071817485,0.6953880083154591,0.9399999976158142,0.8500000238418579,0.885000005364418,1.0000000298023224,1.0199999809265137
2018-07-17,0.800000011920929,0.8700000047683716,0.800000011920929,0.8299999833106995,9000,0,0,0.03749996367842012,0.47159090216371685,0.8190000057220459,0.9429449722348501,0.6950550392092417,0.9399999976158142,0.8500000238418579,0.885000005364418,1.0000000298023224,1.090000033378601
2018-07-18,0.8199999928474426,0.8700000047683716,0.8199999928474426,0.8500000238418579,10500,0,0,0.024096434859411042,0.4829545616179957,0.819500008225441,0.9438643230071797,0.6951356934437023,0.9399999976158142,0.8500000238418579,0.885000005364418,1.0000000298023224,1.1799999475479126
2018-07-19,0.8199999928474426,0.8600000143051147,0.8199999928474426,0.8199999928474426,14900,0,0,-0.03529415312110251,0.46590908936971526,0.8180000066757203,0.941569209310413,0.6944308040410275,0.8649999797344208,0.8500000238418579,0.8925000131130219,1.0000000298023224,1.2599999904632568
2018-07-20,0.8199999928474426,0.8399999737739563,0.8199999928474426,0.8299999833106995,8700,0,0,0.012195110427418276,0.47159090216371685,0.8185000061988831,0.9421796056421756,0.6948204067555905,0.8649999797344208,0.8500000238418579,0.8925000131130219,1.0000000298023224,1.2400000095367432
2018-07-23,0.8199999928474426,0.8799999952316284,0.8199999928474426,0.8500000238418579,20700,0,0,0.024096434859411042,0.4829545616179957,0.831000006198883,0.9031972713968484,0.7588027410009177,0.8299999833106995,0.8500000238418579,0.8925000131130219,1.0000000298023224,1.149999976158142
2018-07-24,0.8600000143051147,0.8799999952316284,0.8600000143051147,0.8700000047683716,44100,0,0,0.02352938866532872,0.49431818720599896,0.835000005364418,0.9065219908801703,0.7634780198486657,0.8299999833106995,0.8500000238418579,0.8950000107288361,0.995000034570694,1.1699999570846558
2018-07-25,0.8500000238418579,0.8700000047683716,0.8500000238418579,0.8500000238418579,23600,0,0,-0.022988483697581663,0.4829545616179957,0.8370000064373017,0.9078402741481371,0.7661597387264663,0.8299999833106995,0.8500000238418579,0.8950000107288361,0.995000034570694,1.0800000429153442
2018-07-26,0.8799999952316284,0.9300000071525574,0.8299999833106995,0.9200000166893004,54300,0,0,0.08235293045175962,0.5227272850422826,0.8435000061988831,0.9196166325233734,0.7673833798743928,0.8549999892711639,0.8500000238418579,0.8950000107288361,0.995000034570694,1.149999976158142
2018-07-27,0.8899999856948853,0.9100000262260436,0.8799999952316284,0.9100000262260436,7100,0,0,-0.010869554654186486,0.517045472248281,0.8495000064373016,0.9267242307326273,0.7722757821419759,0.8650000095367432,0.8500000238418579,0.8950000107288361,0.995000034570694,1.100000023841858
2018-07-30,0.8899999856948853,0.9399999976158142,0.8899999856948853,0.9200000166893004,11800,0,0,0.010989000192372256,0.5227272850422826,0.8545000076293945,0.936301370730676,0.772698644528113,0.8799999952316284,0.8500000238418579,0.8950000107288361,0.995000034570694,1.1299999952316284
2018-07-31,0.9100000262260436,0.949999988079071,0.8999999761581421,0.9200000166893004,58100,0,0,0.0,0.5227272850422826,0.8595000088214875,0.9444538528919293,0.7745461647510457,0.8849999904632568,0.9050000011920929,0.7950000166893005,0.8400000333786011,1.1299999952316284
2018-08-01,0.9300000071525574,0.9900000095367432,0.9300000071525574,0.949999988079071,16000,0,0,0.03260866396255957,0.5397727234242875,0.8675000071525574,0.9548939968293372,0.7801060174757776,0.9050000011920929,0.9399999976158142,0.7950000166893005,0.8299999833106995,1.190000057220459
2018-08-02,0.949999988079071,0.9700000286102296,0.9399999976158142,0.9700000286102296,19200,0,0,0.021052674507501035,0.5511363828785664,0.8755000084638596,0.9694929433553513,0.7815070735723678,0.9050000011920929,0.9399999976158142,0.7950000166893005,0.824999988079071,1.2699999809265137
2018-08-03,0.949999988079071,0.9700000286102296,0.8299999833106995,0.949999988079071,16900,0,0,-0.020618597877583245,0.5397727234242875,0.8770000070333481,0.9747107483030502,0.7792892657636461,0.9099999964237213,0.9399999976158142,0.7950000166893005,0.824999988079071,1.2400000095367432
2018-08-06,0.9200000166893004,0.9700000286102296,0.9200000166893004,0.9300000071525574,5500,0,0,-0.02105261176576878,0.5284090978362843,0.8780000060796738,0.9774540699427887,0.7785459422165588,0.9099999964237213,0.9399999976158142,0.7925000190734863,0.824999988079071,1.2699999809265137
2018-08-07,0.9300000071525574,0.9300000071525574,0.8999999761581421,0.9300000071525574,2100,0,0,0.0,0.5284090978362843,0.8820000052452087,0.9830673799387915,0.780932630551626,0.9099999964237213,0.9399999976158142,0.7925000190734863,0.8149999976158142,1.4299999475479126
2018-08-08,0.9300000071525574,0.9300000071525574,0.8700000047683716,0.8899999856948853,18300,0,0,-0.0430107754301452,0.5056818127940023,0.8845000058412552,0.9837250925289313,0.7852749191535792,0.9099999964237213,0.9399999976158142,0.7925000190734863,0.8149999976158142,1.409999966621399
2018-08-09,0.8700000047683716,0.8999999761581421,0.8700000047683716,0.8899999856948853,12600,0,0,0.0,0.5056818127940023,0.8855000048875808,0.9845211131931079,0.7864788965820538,0.9099999964237213,0.9399999976158142,0.7925000190734863,0.8149999976158142,1.3300000429153442
2018-08-10,0.8799999952316284,0.8999999761581421,0.8799999952316284,0.8999999761581421,8100,0,0,0.01123594452133525,0.5113636255880039,0.889000004529953,0.984788098972563,0.7932119100873429,0.9099999964237213,0.9399999976158142,0.7925000190734863,0.8149999976158142,1.3200000524520874
2018-08-13,0.8999999761581421,0.8999999761581421,0.8500000238418579,0.8600000143051147,29800,0,0,-0.04444440323629384,0.4886363744119974,0.8920000046491623,0.9797921660673248,0.8042078432309998,0.9099999964237213,0.8849999904632568,0.8775000125169754,0.8500000238418579,1.2899999618530271
2018-08-14,0.8999999761581421,0.9200000166893004,0.8700000047683716,0.8899999856948853,45900,0,0,0.03488368708227374,0.5056818127940023,0.8950000047683716,0.9780341025819332,0.81196590695481,0.9000000059604645,0.8849999904632568,0.8975000232458115,0.8500000238418579,1.309999942779541
2018-08-15,0.8500000238418579,0.8899999856948853,0.8500000238418579,0.8799999952316284,16600,0,0,-0.01123594452133514,0.5000000000000007,0.8965000033378601,0.9772565649477186,0.8157434417280015,0.9000000059604645,0.8849999904632568,0.8975000232458115,0.8500000238418579,1.2100000381469729
2018-08-16,0.8899999856948853,0.8999999761581421,0.8600000143051147,0.8799999952316284,68600,0,0,0.0,0.5000000000000007,0.8995000034570694,0.972691605443222,0.8263084014709168,0.9100000262260437,0.8849999904632568,0.8975000232458115,0.8500000238418579,1.440000057220459
2018-08-17,0.8799999952316284,0.8999999761581421,0.8600000143051147,0.8899999856948853,12700,0,0,0.01136362558800319,0.5056818127940023,0.9025000035762787,0.9685472434119871,0.8364527637405703,0.8900000154972076,0.8849999904632568,0.8975000232458115,0.8500000238418579,1.649999976158142
2018-08-20,0.9200000166893004,1.0800000429153442,0.9200000166893004,1.0199999809265137,129600,0,0,0.14606741272038137,0.5795454468485745,0.9110000014305115,0.990399417588348,0.831600585272675,0.9650000333786011,0.9300000071525574,0.8975000232458115,0.8500000238418579,1.649999976158142
2018-08-21,1.0299999713897705,1.090000033378601,1.0,1.0199999809265137,88300,0,0,0.0,0.5795454468485745,0.9185000002384186,1.0087171603787017,0.8282828400981355,0.9700000286102295,0.945000022649765,0.8950000107288361,0.8500000238418579,1.5
2018-08-22,1.0499999523162842,1.100000023841858,1.0499999523162842,1.090000033378601,56200,0,0,0.06862750368730697,0.619318204139137,0.9305000007152557,1.0425489051939794,0.8184510962365321,0.9750000238418579,0.9600000083446503,0.8950000107288361,0.8500000238418579,1.5700000524520874
2018-08-23,1.090000033378601,1.2400000095367432,1.0800000429153442,1.1799999475479126,274100,0,0,0.08256872606723209,0.6704545192851515,0.9434999972581863,1.099818919771345,0.7871810747450276,1.0450000166893005,1.030000001192093,0.8950000107288361,0.8500000238418579,1.6299999952316284
2018-08-24,1.2400000095367432,1.340000033378601,1.1100000143051147,1.2599999904632568,140400,0,0,0.06779664955205078,0.7159090893697156,0.960999995470047,1.1689039688655154,0.7530960220745786,1.0950000286102295,1.0800000131130219,0.8575000017881393,0.8500000238418579,1.7599999904632568
2018-08-27,1.2599999904632568,1.3200000524520874,1.2000000476837158,1.2400000095367432,130500,0,0,-0.01587300085546861,0.7045454637817123,0.9769999951124191,1.216974169450538,0.7370258207743001,1.0950000286102295,1.0800000131130219,0.8575000017881393,0.8500000238418579,1.7999999523162842
2018-08-28,1.25,1.2999999523162842,1.1299999952316284,1.149999976158142,140700,0,0,-0.07258067152130476,0.6534090809031465,0.9884999930858612,1.2383944262153128,0.7386055599564096,1.100000023841858,1.0850000083446503,0.8400000035762787,0.8500000238418579,1.7999999523162842
2018-08-29,1.149999976158142,1.190000057220459,1.0800000429153442,1.1699999570846558,75700,0,0,0.01739128812274293,0.6647727064911498,0.9994999915361404,1.26087865830621,0.738121324766071,1.100000023841858,1.0850000083446503,0.8400000035762787,0.8500000238418579,1.7000000476837158
2018-08-30,1.159999966621399,1.159999966621399,1.0800000429153442,1.0800000429153442,45900,0,0,-0.07692300638503313,0.6136363913451354,1.0049999922513961,1.2683073560702955,0.7416926284324967,1.1300000250339508,1.0850000083446503,0.8400000035762787,0.8500000238418579,1.7599999904632568
2018-08-31,1.0800000429153442,1.149999976158142,1.059999942779541,1.149999976158142,38800,0,0,0.06481475042708373,0.6534090809031466,1.0149999916553498,1.2843803889228353,0.7456195943878642,1.1700000166893005,1.0850000083446503,0.8525000065565109,0.8500000238418579,1.75
2018-09-04,1.1399999856948853,1.1399999856948853,1.090000033378601,1.100000023841858,33400,0,0,-0.04347822030685711,0.6250000169331387,1.0234999924898147,1.2923375572462024,0.7546624277334271,1.1949999928474426,1.0850000083446503,0.8575000166893005,0.8500000238418579,1.7100000381469729
2018-09-05,1.1100000143051147,1.1299999952316284,1.100000023841858,1.1299999952316284,34300,0,0,0.027272700672307915,0.6420454553151436,1.0334999918937684,1.302563089751931,0.764436894035606,1.199999988079071,1.0850000083446503,0.8650000095367432,0.8500000238418579,1.7400000095367432
2018-09-06,1.1399999856948853,1.2300000190734863,1.1200000047683716,1.1299999952316284,48100,0,0,0.0,0.6420454553151436,1.0454999923706054,1.3091891036473626,0.7818108810938482,1.199999988079071,1.0850000083446503,0.8949999958276749,0.8500000238418579,1.7000000476837158
2018-09-07,1.149999976158142,1.2000000476837158,1.149999976158142,1.190000057220459,26700,0,0,0.05309740021417575,0.6761363998117045,1.0604999959468842,1.3211815496612176,0.7998184422325507,1.1899999976158142,1.0850000083446503,0.9224999994039536,0.8500000238418579,1.649999976158142
2018-09-10,1.2200000286102295,1.2799999713897705,1.2200000286102295,1.2699999809265137,132100,0,0,0.06722682341118058,0.7215909021637174,1.0789999961853027,1.3440218406905085,0.813978151680097,1.1799999475479126,1.0850000083446503,0.9224999994039536,0.8500000238418579,1.5800000429153442
2018-09-11,1.2699999809265137,1.2699999809265137,1.2100000381469729,1.2400000095367432,44400,0,0,-0.023622025071121988,0.7045454637817125,1.0979999959468842,1.3516148941202681,0.8443850977735003,1.1699999570846558,1.0950000286102295,0.9249999970197678,0.8500000238418579,1.4800000190734863
2018-09-12,1.2699999809265137,1.2699999809265137,1.2000000476837158,1.2699999809265137,56800,0,0,0.024193525128260562,0.7215909021637174,1.1169999957084655,1.3621423109155995,0.8718576805013315,1.1699999570846558,1.0950000286102295,0.9249999970197678,0.8500000238418579,1.4800000190734863
2018-09-13,1.2599999904632568,1.5499999523162842,1.25,1.4299999475479126,583000,0,0,0.12598422757823413,0.8124999746002944,1.1444999933242799,1.4004065256842302,0.8885934609643296,1.3049999475479126,1.199999988079071,0.9249999970197678,0.8500000238418579,1.409999966621399
2018-09-14,1.4500000476837158,1.4500000476837158,1.3600000143051147,1.409999966621399,120500,0,0,-0.013986001160915085,0.8011363490122912,1.1709999918937684,1.421510590893804,0.9204893928937328,1.3199999928474426,1.199999988079071,0.9249999970197678,0.8500000238418579,1.3799999952316284
2018-09-17,1.3899999856948853,1.399999976158142,1.2100000381469729,1.3300000429153442,143700,0,0,-0.0567375358864356,0.7556818466602784,1.1929999947547913,1.4164834107520132,0.9695165787575695,1.324999988079071,1.199999988079071,0.9249999970197678,0.8500000238418579,1.3600000143051147
2018-09-18,1.2999999523162842,1.3300000429153442,1.2899999618530271,1.3200000524520874,28600,0,0,-0.007518789579387564,0.7500000338662767,1.2079999983310699,1.4230459734601864,0.9929540232019534,1.3349999785423279,1.199999988079071,0.9249999970197678,0.8500000238418579,1.3300000429153442
2018-09-19,1.3200000524520874,1.340000033378601,1.2899999618530271,1.2899999618530271,34600,0,0,-0.022727340459821055,0.7329545277517204,1.2214999973773957,1.4208015920077632,1.0221984027470281,1.3499999642372131,1.199999988079071,0.8974999934434891,0.8500000238418579,1.3600000143051147
2018-09-20,1.309999942779541,1.3300000429153442,1.2999999523162842,1.309999942779541,24800,0,0,0.015503861641813499,0.7443181533397238,1.2324999928474427,1.4256815526255708,1.0393184330693146,1.375,1.199999988079071,0.8924999982118607,0.8500000238418579,1.399999976158142
2018-09-21,1.3200000524520874,1.3200000524520874,1.2100000381469729,1.2100000381469729,44500,0,0,-0.07633580839735732,0.6875000253997079,1.2339999973773956,1.4259767896398652,1.042023205114926,1.375,1.2049999833106995,0.8924999982118607,0.8500000238418579,1.3799999952316284
2018-09-24,1.2200000286102295,1.440000057220459,1.2200000286102295,1.440000057220459,259800,0,0,0.19008265439868444,0.8181818551268474,1.2430000007152557,1.4550636210178913,1.0309363804126201,1.375,1.2049999833106995,0.8975000083446503,0.8500000238418579,1.340000033378601
2018-09-25,1.4500000476837158,1.830000042915344,1.4199999570846558,1.649999976158142,473700,0,0,0.1458332712451642,0.9374999915334326,1.2634999990463256,1.5405599874898672,0.9864400106027839,1.5200000405311584,1.3750000298023222,0.8875000029802322,0.8500000238418579,1.399999976158142
2018-09-26,1.6799999475479126,1.7999999523162842,1.600000023841858,1.649999976158142,230000,0,0,0.0,0.9374999915334326,1.2884999990463257,1.6076139713280608,0.9693860267645906,1.5200000405311584,1.4150000214576721,0.9475000202655792,0.8500000238418579,1.399999976158142
2018-09-27,1.6200000047683716,1.649999976158142,1.4500000476837158,1.5,125300,0,0,-0.09090907777308088,0.8522727318908571,1.3050000011920928,1.6320137598522606,0.977986242531925,1.5200000405311584,1.4399999976158142,0.9575000256299973,0.8500000238418579,1.2999999523162842
2018-09-28,1.5,1.600000023841858,1.4600000381469729,1.5700000524520874,45000,0,0,0.04666670163472486,0.8920454891814196,1.32950000166893,1.6588533629701967,1.0001466403676633,1.5200000405311584,1.4449999928474426,0.9675000160932541,0.8500000238418579,1.309999942779541
2018-10-01,1.600000023841858,1.6399999856948853,1.5499999523162842,1.6299999952316284,67300,0,0,0.03821652278662713,0.9261363659454293,1.3535000026226043,1.6968476044434249,1.0101524008017837,1.5200000405311584,1.4449999928474426,1.0375000089406967,0.9200000166893005,1.2599999904632568
2018-10-02,1.559999942779541,1.7999999523162842,1.559999942779541,1.7599999904632568,212300,0,0,0.07975459853492506,1.0000000000000013,1.3865000009536743,1.7524248328710401,1.0205751690363085,1.5200000405311584,1.4449999928474426,1.0875000208616257,0.9700000286102295,1.340000033378601
2018-10-03,1.7699999809265137,1.950000047683716,1.690000057220459,1.7999999523162842,451400,0,0,0.02272725117600638,1.0227272511760077,1.419999998807907,1.8081122795578382,1.031887718057976,1.5800000429153445,1.5049999952316284,1.0875000208616257,0.9700000286102295,1.350000023841858
2018-10-04,1.840000033378601,1.8600000143051147,1.6200000047683716,1.7999999523162842,99900,0,0,0.0,1.0227272511760077,1.4534999966621398,1.8513504937249339,1.0556494995993457,1.5850000381469727,1.5049999952316284,1.092500016093254,0.9700000286102295,1.25
2018-10-05,1.7899999618530271,1.7899999618530271,1.659999966621399,1.7000000476837158,42000,0,0,-0.055555504045367354,0.9659091232359915,1.4789999961853026,1.8713041802158448,1.0866958121547605,1.6850000023841858,1.5049999952316284,1.092500016093254,0.9700000286102295,1.2000000476837158
2018-10-08,1.7000000476837158,1.8200000524520876,1.6200000047683716,1.7599999904632568,58100,0,0,0.03529408299799286,1.000000000000001,1.5034999966621398,1.9017568619809788,1.1052431313433009,1.7000000476837158,1.5049999952316284,1.1075000166893005,0.9700000286102295,1.2300000190734863
2018-10-09,1.75,1.840000033378601,1.7000000476837158,1.75,39400,0,0,-0.005681812794001595,0.9943181872059995,1.5289999961853027,1.92171627511244,1.1362837172581655,1.7000000476837158,1.5200000405311584,1.1275000125169754,0.9700000286102295,1.2300000190734863
2018-10-10,1.7100000381469729,1.7799999713897705,1.6100000143051147,1.7100000381469729,75500,0,0,-0.02285712105887261,0.9715909360299932,1.5509999990463257,1.9322213781115436,1.1697786199811078,1.7050000429153445,1.5250000357627869,1.1400000005960464,0.9700000286102295,1.2300000190734863
2018-10-11,1.7300000190734863,1.7599999904632568,1.690000057220459,1.7400000095367432,30900,0,0,0.01754384252662322,0.9886363744119979,1.5665000021457671,1.9520131295928185,1.1809868746987158,1.75,1.5350000262260437,1.1424999982118607,0.9700000286102295,1.2400000095367432
2018-10-12,1.7100000381469729,1.75,1.659999966621399,1.7000000476837158,31700,0,0,-0.022988483697581663,0.9659091232359914,1.5810000061988831,1.9636507093768067,1.1983493030209595,1.7549999952316284,1.550000011920929,1.1424999982118607,1.0250000059604645,1.2100000381469729
2018-10-15,1.7100000381469729,1.75,1.6299999952316284,1.649999976158142,54200,0,0,-0.02941180595477033,0.9374999915334321,1.597000002861023,1.9625281671799142,1.2314718385421317,1.7800000309944153,1.5750000476837158,1.1375000029802322,1.0600000023841858,1.2400000095367432
2018-10-16,1.649999976158142,1.7000000476837158,1.5199999809265137,1.5800000429153442,71500,0,0,-0.04242420257834523,0.8977273019754208,1.6100000023841858,1.952742005136241,1.2672579996321307,1.6899999976158142,1.5750000476837158,1.1324999779462814,1.0600000023841858,1.2599999904632568
2018-10-17,1.5499999523162842,1.5499999523162842,1.4600000381469729,1.4800000190734863,111800,0,0,-0.06329115261120022,0.8409091063028534,1.6195000052452087,1.9354429148167702,1.303557095673647,1.6500000357627869,1.5750000476837158,1.1324999928474426,1.0600000023841858,1.3300000429153442
2018-10-18,1.4800000190734863,1.600000023841858,1.4800000190734863,1.4800000190734863,107300,0,0,0.0,0.8409091063028534,1.628000009059906,1.917990745002524,1.3380092731172881,1.6500000357627869,1.5800000429153445,1.1324999928474426,1.0600000023841858,1.3899999856948853
2018-10-19,1.4700000286102295,1.4800000190734863,1.409999966621399,1.409999966621399,40400,0,0,-0.047297332128352965,0.8011363490122909,1.6380000054836272,1.8787732512555033,1.3972267597117511,1.625,1.5800000429153445,1.2524999678134918,1.1649999618530273,1.3799999952316284
2018-10-22,1.440000057220459,1.440000057220459,1.3600000143051147,1.3799999952316284,68700,0,0,-0.02127657595741339,0.784090910630286,1.6350000023841857,1.8869271166673904,1.383072888100981,1.5699999928474426,1.5800000429153445,1.2599999904632568,1.1649999618530273,1.4900000095367432
2018-10-23,1.3700000047683716,1.5399999618530271,1.350000023841858,1.3600000143051147,55400,0,0,-0.014492739851898917,0.7727272850422827,1.6205000042915345,1.8995379041315132,1.3414621044515558,1.5550000071525574,1.5800000429153445,1.262499988079071,1.1649999618530273,1.5199999809265137
2018-10-24,1.3200000524520874,1.4600000381469729,1.3200000524520874,1.3300000429153442,40100,0,0,-0.022058802260453536,0.7556818466602779,1.6045000076293945,1.9106271062571707,1.2983729090016183,1.5350000262260437,1.5800000429153445,1.2674999833106995,1.1649999618530273,1.4900000095367432
2018-10-25,1.3200000524520874,1.3700000047683716,1.3200000524520874,1.3600000143051147,19000,0,0,0.02255636873816247,0.7727272850422827,1.5975000083446502,1.9190503645446089,1.2759496521446916,1.5350000262260437,1.5800000429153445,1.274999976158142,1.1649999618530273,1.5499999523162842
2018-10-26,1.340000033378601,1.440000057220459,1.340000033378601,1.399999976158142,20700,0,0,0.029411736347271455,0.7954545362182892,1.589000004529953,1.9219207427696907,1.2560792662902154,1.5100000500679016,1.5800000429153445,1.2874999940395355,1.1649999618530273,1.5
2018-10-29,1.399999976158142,1.4199999570846558,1.309999942779541,1.3799999952316284,13300,0,0,-0.014285700905079524,0.784090910630286,1.576500004529953,1.9210233487021255,1.2319766603577806,1.4549999833106995,1.5850000381469727,1.2899999916553497,1.1649999618530273,1.4600000381469729
2018-10-30,1.3700000047683716,1.3700000047683716,1.309999942779541,1.340000033378601,23200,0,0,-0.028985479703797723,0.7613636594542796,1.5555000066757203,1.9039447797103701,1.2070552336410705,1.4549999833106995,1.6299999952316284,1.2899999916553497,1.1649999618530273,1.5499999523162842
2018-10-31,1.350000023841858,1.409999966621399,1.3200000524520874,1.399999976158142,29800,0,0,0.04477607558580465,0.7954545362182893,1.5355000078678132,1.8710567188555176,1.1999432968801087,1.4249999523162842,1.6299999952316284,1.4475000351667404,1.3050000071525574,1.5499999523162842
2018-11-01,1.399999976158142,1.399999976158142,1.3600000143051147,1.399999976158142,20200,0,0,0.0,0.7954545362182893,1.515500009059906,1.8325927739242305,1.1984072441955815,1.4249999523162842,1.6299999952316284,1.4675000309944153,1.3050000071525574,1.4800000190734863
2018-11-02,1.3899999856948853,1.399999976158142,1.2999999523162842,1.2999999523162842,81400,0,0,-0.07142858967489152,0.738636340545722,1.4955000042915345,1.813992479093414,1.177007529489655,1.4199999570846558,1.625,1.4800000190734863,1.3150000274181366,1.5700000524520874
2018-11-05,1.309999942779541,1.3600000143051147,1.309999942779541,1.309999942779541,17600,0,0,0.0076923006385032355,0.7443181533397236,1.4730000019073486,1.776648578314768,1.169351425499929,1.3799999952316284,1.625,1.4825000166893005,1.3250000178813934,1.690000057220459
2018-11-06,1.2799999713897705,1.309999942779541,1.2599999904632568,1.2599999904632568,16700,0,0,-0.03816790419867877,0.7159090893697155,1.4485000014305114,1.737350330377549,1.1596496724834737,1.350000023841858,1.6050000190734863,1.4825000166893005,1.3250000178813934,1.649999976158142
2018-11-07,1.2599999904632568,1.350000023841858,1.2599999904632568,1.340000033378601,15800,0,0,0.06349209803242228,0.7613636594542796,1.4300000011920928,1.6957152137039024,1.1642847886802832,1.350000023841858,1.6050000190734863,1.4825000166893005,1.3250000178813934,1.4800000190734863
2018-11-08,1.350000023841858,1.350000023841858,1.3200000524520874,1.350000023841858,9100,0,0,0.007462679264300887,0.7670454722482813,1.4105000019073486,1.6361779267413123,1.1848220770733848,1.3399999737739563,1.5600000023841858,1.5425000190734863,1.3850000202655792,1.4600000381469729
2018-11-09,1.3200000524520874,1.3200000524520874,1.100000023841858,1.25,136900,0,0,-0.07407409042651403,0.710227276575714,1.3879999995231629,1.580733631045918,1.1952663680004079,1.2549999952316284,1.4700000286102295,1.5450000166893005,1.3900000154972076,1.4500000476837158
2018-11-12,1.2400000095367432,1.25,1.159999966621399,1.2000000476837158,37300,0,0,-0.039999961853027344,0.681818212605706,1.3655000030994415,1.5339226093318858,1.1970773968669972,1.2549999952316284,1.4700000286102295,1.594999998807907,1.3900000154972076,1.399999976158142
2018-11-13,1.2100000381469729,1.2400000095367432,1.1799999475479126,1.2300000190734863,16300,0,0,0.02499997516473229,0.6988636509877107,1.3480000019073486,1.4947556502444743,1.2012443535702229,1.25,1.4700000286102295,1.6025000214576721,1.3900000154972076,1.2699999809265137
2018-11-14,1.2200000286102295,1.25,1.2000000476837158,1.2300000190734863,25800,0,0,0.0,0.6988636509877107,1.3355000019073486,1.4776186612040294,1.1933813426106679,1.25,1.4399999976158142,1.6100000441074371,1.3900000154972076,1.4199999570846558
2018-11-15,1.190000057220459,1.2300000190734863,1.1799999475479126,1.2300000190734863,32500,0,0,0.0,0.6988636509877107,1.3230000019073487,1.455644346344628,1.1903556574700693,1.2300000190734863,1.4300000071525574,1.6150000393390656,1.3900000154972076,1.399999976158142
2018-11-16,1.2300000190734863,1.25,1.2100000381469729,1.2400000095367432,27200,0,0,0.008130073421291018,0.7045454637817123,1.3145000040531158,1.445514776550155,1.1834852315560767,1.225000023841858,1.425000011920929,1.6425000131130219,1.3900000154972076,1.2999999523162842
2018-11-19,1.25,1.25,1.2000000476837158,1.2100000381469729,53300,0,0,-0.02419352512826034,0.6875000253997077,1.306000006198883,1.4409563768300684,1.1710436355676976,1.225000023841858,1.425000011920929,1.6525000035762787,1.3900000154972076,1.3700000047683716
2018-11-20,1.2000000476837158,1.25,1.149999976158142,1.2400000095367432,39900,0,0,0.02479336400328802,0.7045454637817123,1.3000000059604644,1.4354946483539166,1.1645053635670122,1.225000023841858,1.4000000357627869,1.6775000393390656,1.3900000154972076,1.559999942779541
2018-11-21,1.2400000095367432,1.340000033378601,1.2300000190734863,1.2599999904632568,84400,0,0,0.016129016752173708,0.7159090893697155,1.2965000033378602,1.43233370333891,1.1606663033368103,1.2200000286102295,1.350000023841858,1.632500022649765,1.3900000154972076,1.559999942779541
2018-11-23,1.2799999713897705,1.3700000047683716,1.2799999713897705,1.3300000429153442,31200,0,0,0.05555559760468798,0.755681846660278,1.2950000047683716,1.4286163377262813,1.161383671810462,1.2599999904632568,1.350000023841858,1.6125000417232513,1.4000000357627869,1.7300000190734863
2018-11-26,1.340000033378601,1.399999976158142,1.340000033378601,1.3899999856948853,31000,0,0,0.04511273747632516,0.7897727234242877,1.2945000052452087,1.4265906370945853,1.162409373395832,1.274999976158142,1.3199999928474426,1.6150000393390656,1.4000000357627869,1.8600000143051147
2018-11-27,1.399999976158142,1.399999976158142,1.340000033378601,1.3799999952316284,28100,0,0,-0.007194237817389371,0.7840909106302861,1.2945000052452087,1.4265906370945853,1.162409373395832,1.274999976158142,1.3199999928474426,1.6025000214576721,1.4000000357627869,1.8200000524520876
2018-11-28,1.3700000047683716,1.6299999952316284,1.3600000143051147,1.4900000095367432,52300,0,0,0.0797101555689872,0.846590919096855,1.302000004053116,1.4586193554503946,1.1453806526558372,1.3899999856948853,1.3650000095367432,1.5750000178813934,1.4000000357627869,1.7799999713897705
2018-11-29,1.600000023841858,1.600000023841858,1.350000023841858,1.5199999809265137,38800,0,0,0.020134208857554237,0.8636363574788599,1.3080000042915345,1.4870281269659473,1.1289718816171217,1.3899999856948853,1.3650000095367432,1.5675000250339508,1.4000000357627869,1.8600000143051147
2018-11-30,1.5099999904632568,1.600000023841858,1.4900000095367432,1.4900000095367432,47000,0,0,-0.019736823530408287,0.846590919096855,1.3125000059604646,1.504737296215165,1.120262715705764,1.3899999856948853,1.3650000095367432,1.557500034570694,1.4000000357627869,1.870000004768372
2018-12-03,1.5399999618530271,1.5499999523162842,1.4700000286102295,1.5499999523162842,19500,0,0,0.04026841771510825,0.8806817958608646,1.3250000059604645,1.5433952580398067,1.1066047538811223,1.3899999856948853,1.3650000095367432,1.557500034570694,1.4000000357627869,1.8799999952316284
2018-12-04,1.5299999713897705,1.5499999523162842,1.4600000381469729,1.5,12100,0,0,-0.032258034744817476,0.8522727318908566,1.3345000088214873,1.5657533182160663,1.1032466994269083,1.4300000071525574,1.3650000095367432,1.545000046491623,1.4000000357627869,1.940000057220459
2018-12-06,1.4700000286102295,1.5399999618530271,1.4500000476837158,1.4600000381469729,25400,0,0,-0.02666664123535145,0.8295454807148502,1.3445000112056733,1.5793106743632985,1.109689348048048,1.4549999833106995,1.3650000095367432,1.520000010728836,1.4050000309944153,2.109999895095825
2018-12-07,1.5199999809265137,1.5499999523162842,1.4600000381469729,1.5499999523162842,42200,0,0,0.061643775217662844,0.8806817958608645,1.3550000071525574,1.6064450964227546,1.1035549178823603,1.4850000143051147,1.3650000095367432,1.542499989271164,1.4050000309944153,2.2100000381469727
2018-12-10,1.5499999523162842,1.559999942779541,1.409999966621399,1.5499999523162842,57100,0,0,0.0,0.8806817958608645,1.3650000035762786,1.6305248611125442,1.099475146040013,1.4850000143051147,1.3650000095367432,1.5274999737739563,1.4350000321865082,2.2300000190734863
2018-12-11,1.5499999523162842,1.600000023841858,1.4500000476837158,1.4800000190734863,52900,0,0,-0.04516124864274451,0.8409091063028532,1.376500004529953,1.6410159006069691,1.1119841084529367,1.4900000095367432,1.3650000095367432,1.5274999737739563,1.475000023841858,2.2799999713897705
2018-12-12,1.4800000190734863,1.5800000429153442,1.4500000476837158,1.5700000524520874,40600,0,0,0.060810832580220575,0.8920454891814189,1.3950000047683715,1.6593037143784477,1.1306962951582953,1.475000023841858,1.3650000095367432,1.5224999785423279,1.5,2.299999952316284
2018-12-13,1.5199999809265137,1.7699999809265137,1.5,1.690000057220459,159200,0,0,0.07643312150273562,0.9602273104419895,1.4180000066757201,1.7005034998668087,1.1354965134846315,1.5899999737739563,1.4350000023841858,1.5024999976158142,1.5049999952316284,2.2799999713897705
2018-12-14,1.7000000476837158,1.7100000381469729,1.5499999523162842,1.649999976158142,53500,0,0,-0.023668686217741874,0.9374999915334319,1.439000004529953,1.7249394604028288,1.153060548657077,1.5899999737739563,1.4350000023841858,1.4775000214576721,1.5049999952316284,2.289999961853028
2018-12-17,1.6399999856948853,1.6399999856948853,1.4700000286102295,1.4800000190734863,70000,0,0,-0.10303027850975088,0.8409091063028533,1.451500004529953,1.7210135921190597,1.1819864169408465,1.5899999737739563,1.4350000023841858,1.4775000214576721,1.5049999952316284,2.450000047683716
2018-12-18,1.4800000190734863,1.4900000095367432,1.4500000476837158,1.4600000381469729,17500,0,0,-0.0135135004518675,0.8295454807148502,1.4625000059604645,1.71373394851321,1.211266063407719,1.5899999737739563,1.4350000023841858,1.449999988079071,1.5049999952316284,2.880000114440918
2018-12-19,1.4700000286102295,1.5099999904632568,1.4199999570846558,1.4500000476837158,24800,0,0,-0.006849308357518291,0.8238636679208485,1.4745000064373017,1.6973832510056586,1.2516167618689449,1.5899999737739563,1.4599999785423279,1.362500011920929,1.5049999952316284,2.400000095367432
2018-12-20,1.440000057220459,1.5,1.399999976158142,1.399999976158142,42100,0,0,-0.0344828068146934,0.7954545362182892,1.4825000047683716,1.6810494744683515,1.2839505350683917,1.5849999785423279,1.4599999785423279,1.362500011920929,1.5049999952316284,2.5
2018-12-21,1.4199999570846558,1.440000057220459,1.2699999809265137,1.2699999809265137,71600,0,0,-0.09285714103251086,0.721590902163717,1.4830000042915343,1.6793195334368214,1.2866804751462473,1.5199999809265137,1.4599999785423279,1.3600000143051147,1.5049999952316284,2.5
2018-12-24,1.2999999523162842,1.4199999570846558,1.2599999904632568,1.4199999570846558,15600,0,0,0.11811021922119358,0.8068181618062925,1.4875,1.6733195661577154,1.3016804338422847,1.5149999856948853,1.4599999785423279,1.344999998807907,1.5200000405311584,2.5899999141693115
2018-12-26,1.350000023841858,1.399999976158142,1.3300000429153442,1.399999976158142,30500,0,0,-0.014084494035883521,0.7954545362182893,1.4879999995231628,1.6728076021126634,1.303192396933662,1.5149999856948853,1.4599999785423279,1.3300000131130219,1.5250000357627869,2.640000104904175
2018-12-27,1.3799999952316284,1.4800000190734863,1.2899999618530271,1.2999999523162842,44300,0,0,-0.07142858967489152,0.738636340545722,1.4839999973773956,1.6811725091839915,1.2868274855707997,1.4850000143051147,1.4599999785423279,1.3250000178813934,1.5250000357627869,2.569999933242798
2018-12-28,1.2999999523162842,1.3700000047683716,1.2999999523162842,1.3700000047683716,37600,0,0,0.05384619616898001,0.7784090978362845,1.477999997138977,1.681351412644814,1.27464858163314,1.449999988079071,1.4599999785423279,1.3250000178813934,1.5250000357627869,2.700000047683716
2018-12-31,1.3700000047683716,1.6299999952316284,1.3300000429153442,1.559999942779541,136400,0,0,0.13868608565683416,0.8863636086548665,1.4799999952316285,1.6857631632756234,1.2742368271876336,1.4449999928474426,1.5,1.3125000298023224,1.5250000357627869,2.630000114440918
2019-01-02,1.5499999523162842,1.590000033378601,1.4800000190734863,1.559999942779541,19500,0,0,0.0,0.8863636086548665,1.4834999918937684,1.692216874120517,1.2747831096670197,1.4449999928474426,1.5149999856948853,1.2850000262260437,1.5250000357627869,2.5799999237060547
2019-01-03,1.559999942779541,1.7300000190734863,1.4900000095367432,1.7300000190734863,88700,0,0,0.1089744118778917,0.9829545616179963,1.4924999952316285,1.7262232256924488,1.2587767647708081,1.4950000047683716,1.5149999856948853,1.3050000071525574,1.5250000357627869,2.5999999046325684
2019-01-04,1.75,1.8799999952316284,1.6399999856948853,1.8600000143051147,88500,0,0,0.07514450508575754,1.0568181956725684,1.510499995946884,1.7944224190325702,1.226577572861198,1.5699999928474426,1.5699999928474426,1.2974999845027924,1.5250000357627869,2.970000028610229
2019-01-07,1.850000023841858,1.850000023841858,1.7200000286102295,1.8200000524520876,45700,0,0,-0.021505355669564796,1.034090944496562,1.52849999666214,1.8417952390410566,1.2152047542832234,1.5699999928474426,1.5699999928474426,1.2974999845027924,1.5250000357627869,2.869999885559082
2019-01-08,1.8200000524520876,1.8200000524520876,1.7699999809265137,1.7799999713897705,16500,0,0,-0.021978065884352582,1.0113636255880043,1.5399999976158143,1.8721364041096202,1.2078635911220084,1.5849999785423279,1.5699999928474426,1.3774999976158142,1.5250000357627869,2.809999942779541
2019-01-09,1.7300000190734863,1.909999966621399,1.7300000190734863,1.8600000143051147,79400,0,0,0.044943845056852894,1.0568181956725686,1.5555000007152557,1.9160926479083464,1.194907353522165,1.5999999642372131,1.5849999785423279,1.3774999976158142,1.5250000357627869,2.7699999809265137
2019-01-10,1.8600000143051147,1.940000057220459,1.7599999904632568,1.870000004768372,68300,0,0,0.005376338917391532,1.0625000084665706,1.575,1.9588430516411766,1.1911569483588234,1.6200000047683716,1.600000023841858,1.3774999976158142,1.5250000357627869,2.8399999141693115
2019-01-11,1.8600000143051147,1.8899999856948853,1.850000023841858,1.8799999952316284,8300,0,0,0.005347588469388764,1.0681818212605718,1.590499997138977,1.9969081525706598,1.1840918417072943,1.6350000500679016,1.600000023841858,1.3774999976158142,1.5250000357627869,2.630000114440918
2019-01-14,1.8899999856948853,1.940000057220459,1.850000023841858,1.940000057220459,73500,0,0,0.031914926670751464,1.1022727657571327,1.602999997138977,2.035702575350725,1.170297418927229,1.7100000381469727,1.600000023841858,1.3975000083446503,1.5250000357627869,2.450000047683716
2019-01-15,1.940000057220459,2.130000114440918,1.850000023841858,2.109999895095825,259800,0,0,0.08762877982536454,1.1988635832551602,1.6259999930858613,2.1124342664106313,1.1395657197610916,1.8100000619888306,1.6950000524520874,1.4099999964237213,1.5250000357627869,2.3399999141693115
2019-01-16,2.1700000762939453,2.569999933242798,2.109999895095825,2.2100000381469727,247200,0,0,0.04739343508195093,1.2556818466602786,1.6624999940395355,2.2064476366934516,1.1185523513856195,2.1049999594688416,1.9149999618530273,1.425000011920929,1.5250000357627869,2.109999895095825
2019-01-17,2.220000028610229,2.25,2.049999952316284,2.2300000190734863,66800,0,0,0.009049764968910745,1.267045472248282,1.7009999930858613,2.289821266677441,1.1121787194942814,2.1449999809265137,1.9149999618530273,1.425000011920929,1.5250000357627869,2.2699999809265137
2019-01-18,2.220000028610229,2.3499999046325684,2.1600000858306885,2.2799999713897705,62200,0,0,0.02242150308907087,1.29545453621829,1.742499989271164,2.370823265834194,1.114176712708134,2.149999976158142,1.9149999618530273,1.4275000095367432,1.5250000357627869,2.390000104904175
2019-01-22,2.3499999046325684,2.4600000381469727,2.150000095367432,2.299999952316284,100000,0,0,0.008771921569070251,1.3068181618062933,1.787499988079071,2.439976132954217,1.1350238432039248,2.149999976158142,1.9149999618530273,1.4200000166893005,1.5250000357627869,2.380000114440918
2019-01-23,2.2699999809265137,2.299999952316284,2.25,2.2799999713897705,33200,0,0,-0.008695644061371466,1.29545453621829,1.837999987602234,2.478552215519304,1.197447759685164,2.1649999618530273,1.9149999618530273,1.512499988079071,1.5250000357627869,2.2699999809265137
2019-01-24,2.289999961853028,2.299999952316284,2.25,2.289999961853028,34700,0,0,0.004385960784535348,1.301136349012292,1.8814999878406524,2.5207464588835706,1.2422535167977342,2.209999978542328,1.9149999618530273,1.512499988079071,1.5250000357627869,2.1600000858306885
2019-01-25,2.299999952316284,2.4600000381469727,2.289999961853028,2.450000047683716,114700,0,0,0.06986903427772062,1.39204548918142,1.9339999914169312,2.5789498920984957,1.2890500907353668,2.209999978542328,1.9149999618530273,1.512499988079071,1.5250000357627869,2.180000066757202
2019-01-28,2.4800000190734863,3.0,2.440000057220459,2.880000114440918,416900,0,0,0.17551022791356008,1.6363637102536943,2.0129999995231627,2.7132816850536843,1.3127183139926408,2.425000011920929,2.1299999952316284,1.512499988079071,1.4800000190734863,2.119999885559082
2019-01-29,2.9600000381469727,2.9600000381469727,2.319999933242798,2.400000095367432,375600,0,0,-0.16666666666666652,1.3636364252114122,2.064500004053116,2.7174594151293476,1.4115405929768843,2.524999976158142,2.1299999952316284,1.524999976158142,1.4700000286102295,2.1700000762939453
2019-01-30,2.470000028610229,2.75,2.450000047683716,2.5,124700,0,0,0.04166662527455367,1.420454553151428,2.111500006914139,2.7473531644912774,1.4756468493370005,2.524999976158142,2.1299999952316284,1.5224999785423279,1.4700000286102295,2.049999952316284
2019-01-31,2.5199999809265137,2.539999961853028,2.289999961853028,2.5,244500,0,0,0.0,1.420454553151428,2.1585000097751617,2.7621530719050873,1.554846947645236,2.575000047683716,2.1299999952316284,1.4899999797344208,1.4700000286102295,2.0799999237060547
2019-02-01,2.549999952316284,2.819999933242798,2.5299999713897705,2.5899999141693115,277500,0,0,0.035999965667724565,1.4715908682974426,2.201500004529953,2.799364276984134,1.603635732075772,2.575000047683716,2.1449999809265137,1.4874999821186066,1.4399999976158142,2.130000114440918
2019-02-04,2.5999999046325684,2.690000057220459,2.470000028610229,2.640000104904175,114900,0,0,0.019305093587580258,1.5000000677325531,2.240500009059906,2.8459657453209304,1.6350342727988818,2.625,2.1449999809265137,1.4874999821186066,1.4350000023841858,2.2300000190734863
2019-02-05,2.6700000762939453,2.6700000762939453,2.5,2.569999933242798,104700,0,0,-0.026515215484780308,1.4602272427094394,2.2780000030994416,2.8671542667213563,1.688845739477527,2.625,2.149999976158142,1.4724999964237213,1.4350000023841858,2.180000066757202
2019-02-06,2.569999933242798,2.759999990463257,2.5299999713897705,2.700000047683716,242300,0,0,0.050583703431029026,1.534090944496563,2.324000006914139,2.8935691419810645,1.754430871847213,2.6449999809265137,2.165000021457672,1.4549999833106995,1.4350000023841858,2.2799999713897705
2019-02-07,2.740000009536743,2.7799999713897705,2.549999952316284,2.630000114440918,54600,0,0,-0.025925900743168362,1.4943182549385516,2.362500011920929,2.90454865774367,1.820451366098188,2.6449999809265137,2.240000009536743,1.4724999964237213,1.4350000023841858,2.5
2019-02-08,2.640000104904175,2.720000028610229,2.5,2.5799999237060547,65600,0,0,-0.01901147853960916,1.465909055503441,2.398000007867813,2.89724248001708,1.898757535718546,2.625,2.2450000047683716,1.479999989271164,1.4350000023841858,2.3499999046325684
2019-02-11,2.559999942779541,2.75,2.539999961853028,2.5999999046325684,65300,0,0,0.007751930820906638,1.4772726810914443,2.43400000333786,2.8789720654119773,1.9890279412637426,2.5549999475479126,2.3199999928474426,1.5049999952316284,1.4350000023841858,2.470000028610229
2019-02-12,2.740000009536743,2.990000009536743,2.630000114440918,2.970000028610229,392400,0,0,0.1423077452112249,1.6875000253997086,2.4855000019073485,2.928243413901009,2.042756589913688,2.6399999856948853,2.3600000143051147,1.5699999928474426,1.4900000095367432,2.3299999237060547
2019-02-13,3.0,3.490000009536743,2.759999990463257,2.869999885559082,724700,0,0,-0.03367008151105666,1.6306817619945901,2.5235000014305116,2.961181893563776,2.085818109297247,2.9800000190734863,2.6100000143051147,1.5699999928474426,1.4900000095367432,2.25
2019-02-14,2.900000095367432,2.900000095367432,2.640000104904175,2.809999942779541,180000,0,0,-0.02090590424112604,1.5965908852305806,2.55349999666214,2.983209849607076,2.123790143717204,2.9800000190734863,2.6100000143051147,1.5774999856948853,1.4900000095367432,2.2799999713897705
2019-02-15,2.8499999046325684,2.890000104904175,2.680000066757202,2.7699999809265137,122500,0,0,-0.014234862159271389,1.5738636340545742,2.580499994754791,2.9928349670440926,2.1681650224654896,2.9950000047683716,2.625,1.5924999713897705,1.5049999952316284,2.299999952316284
2019-02-19,2.789999961853028,2.900000095367432,2.75,2.8399999141693115,116600,0,0,0.025270734196678246,1.6136363236125855,2.608499991893768,3.011249935980644,2.2057500478068923,2.9950000047683716,2.6700000166893005,1.6100000143051147,1.5200000405311584,2.2300000190734863
2019-02-20,2.859999895095825,2.900000095367432,2.630000114440918,2.630000114440918,101300,0,0,-0.07394359368838843,1.4943182549385516,2.625,3.0017721138453877,2.2482278861546123,2.9950000047683716,2.6700000166893005,1.6175000369548798,1.5200000405311584,2.299999952316284
2019-02-21,2.5999999046325684,2.740000009536743,2.450000047683716,2.450000047683716,255000,0,0,-0.06844108704362784,1.3920454891814202,2.633500003814697,2.985340173323936,2.2816598343054584,2.9700000286102295,2.6700000166893005,1.6550000309944153,1.5200000405311584,2.1600000858306885
2019-02-22,2.440000057220459,2.559999942779541,2.3299999237060547,2.3399999141693115,127600,0,0,-0.04489801280551031,1.3295454129823,2.6360000014305114,2.9785295641230998,2.293470438737923,2.909999966621399,2.7699999809265137,1.752500057220459,1.615000069141388,2.259999990463257
2019-02-25,2.319999933242798,2.4100000858306885,2.009999990463257,2.109999895095825,466200,0,0,-0.09829061004693895,1.1988635832551602,2.618999993801117,3.0253297847316514,2.2126702028705827,2.75,2.75,2.0099999606609344,1.8349999785423279,2.109999895095825
2019-02-26,2.220000028610229,2.319999933242798,2.109999895095825,2.2699999809265137,104300,0,0,0.0758294283343659,1.2897727234242884,2.5884999871253966,3.003464663001199,2.1735353112495943,2.75,2.75,2.0299999713897705,1.8349999785423279,2.150000095367432
2019-02-27,2.2699999809265137,2.5,2.259999990463257,2.390000104904175,105200,0,0,0.05286349118323885,1.3579546124174102,2.5879999876022337,3.0039051971623123,2.172094778042155,2.4550000429153442,2.75,2.0324999690055847,1.8349999785423279,2.039999961853028
2019-02-28,2.4200000762939453,2.4200000762939453,2.150000095367432,2.380000114440918,53400,0,0,-0.0041840962444885665,1.3522727996234085,2.58199999332428,3.0062797678525555,2.1577202187960043,2.4550000429153442,2.75,2.0324999690055847,1.8349999785423279,2.039999961853028
2019-03-01,2.4200000762939453,2.4200000762939453,2.220000028610229,2.2699999809265137,59200,0,0,-0.04621854127105551,1.2897727234242882,2.5704999923706056,3.015248176985197,2.1257518077560142,2.4550000429153442,2.75,2.0399999618530273,1.8349999785423279,2.0799999237060547
2019-03-04,2.150000095367432,2.2799999713897705,2.109999895095825,2.1600000858306885,154500,0,0,-0.04845810397360806,1.2272727826902703,2.5490000009536744,3.0285057974141987,2.06949420449315,2.4550000429153442,2.75,2.0624999701976776,1.8349999785423279,2.2100000381469727
2019-03-05,2.1700000762939453,2.200000047683716,2.140000104904175,2.180000066757202,47900,0,0,0.009259250061012025,1.2386364082782735,2.5259999990463258,3.0296294462626845,2.022370551829967,2.375,2.75,2.0624999701976776,1.8349999785423279,2.0899999141693115
2019-03-06,2.140000104904175,2.3499999046325684,2.119999885559082,2.119999885559082,108800,0,0,-0.0275230180553947,1.2045453960491612,2.50349999666214,3.0369155347884895,1.9700844585357906,2.284999966621399,2.75,2.2775000035762787,2.050000011920929,2.130000114440918
2019-03-07,2.119999885559082,2.2300000190734863,2.119999885559082,2.1700000762939453,73300,0,0,0.023584996902807465,1.2329545954842718,2.4769999980926514,3.0214018242781946,1.9325981719071081,2.2549999952316284,2.75,2.3274999856948853,2.074999988079071,2.130000114440918
2019-03-08,2.150000095367432,2.190000057220459,1.950000047683716,2.049999952316284,77100,0,0,-0.055299594358818815,1.16477270649115,2.4479999899864198,3.018179322625876,1.8778206573469634,2.225000023841858,2.7200000286102295,2.3274999856948853,2.074999988079071,2.190000057220459
2019-03-11,2.049999952316284,2.1600000858306885,2.049999952316284,2.0799999237060547,39200,0,0,0.014634132725648952,1.1818181448731548,2.42299998998642,3.011587684594498,1.834412295378342,2.225000023841858,2.7200000286102295,2.352500021457672,2.074999988079071,2.150000095367432
2019-03-12,2.069999933242798,2.190000057220459,2.069999933242798,2.130000114440918,22100,0,0,0.02403855411964395,1.2102273443082654,2.399500000476837,2.995508100228615,1.8034919007250594,2.1850000619888306,2.7200000286102295,2.3600000143051147,2.074999988079071,2.180000066757202
2019-03-13,2.140000104904175,2.25,2.140000104904175,2.2300000190734863,65500,0,0,0.046948309511624764,1.2670454722482816,2.3625,2.900730429139352,1.8242695708606478,2.1850000619888306,2.7200000286102295,2.384999990463257,2.074999988079071,2.450000047683716
2019-03-14,2.369999885559082,2.390000104904175,2.069999933242798,2.180000066757202,219800,0,0,-0.02242150308907087,1.2386364082782735,2.328000009059906,2.8174261077141414,1.8385739104056706,2.1700000762939453,2.7200000286102295,2.387499988079071,2.074999988079071,2.5799999237060547
2019-03-15,2.490000009536743,2.490000009536743,2.2100000381469727,2.2799999713897705,191800,0,0,0.045871514481795606,1.2954545362182897,2.3015000104904173,2.737608421445411,1.8653915995354236,2.2200000286102295,2.7200000286102295,2.405000001192093,2.074999988079071,2.740000009536743
2019-03-18,2.299999952316284,2.5,2.240000009536743,2.5,83300,0,0,0.09649124182932711,1.4204545531514274,2.2880000114440917,2.6792049040787758,1.8967951188094074,2.225000023841858,2.7200000286102295,2.4424999952316284,2.115000009536743,2.809999942779541
2019-03-19,2.5,2.609999895095825,2.3499999046325684,2.3499999046325684,58300,0,0,-0.060000038146972634,1.335227225776301,2.2635000109672547,2.5631385887206855,1.9638614332138238,2.2799999713897705,2.7200000286102295,2.435000002384186,2.1299999952316284,2.799999952316284
2019-03-20,2.369999885559082,2.5999999046325684,2.3499999046325684,2.470000028610229,107200,0,0,0.051063884615954125,1.4034091147694225,2.25550000667572,2.5219352326964333,1.9890647806550068,2.2799999713897705,2.7200000286102295,2.4374999701976776,2.1299999952316284,2.859999895095825
2019-03-21,2.4800000190734863,2.539999961853028,2.2699999809265137,2.3299999237060547,189100,0,0,-0.05668020375811367,1.3238636001882977,2.249500000476837,2.5031049511529124,1.9958950498007617,2.3299999237060547,2.7200000286102295,2.5,2.1299999952316284,2.809999942779541
2019-03-22,2.3299999237060547,2.369999885559082,2.2300000190734863,2.25,46500,0,0,-0.03433473232857809,1.2784090978362848,2.2450000047683716,2.4951552681463847,1.9948447413903587,2.3399999141693115,2.425000071525574,2.7950000166893005,2.375,3.1700000762939453
2019-03-25,2.25,2.390000104904175,2.2100000381469727,2.2799999713897705,90600,0,0,0.013333320617675781,1.2954545362182897,2.2535000085830688,2.4960866203979193,2.0109133967682182,2.3399999141693115,2.425000071525574,2.7950000166893005,2.375,3.450000047683716
2019-03-26,2.289999961853028,2.369999885559082,2.2100000381469727,2.299999952316284,141700,0,0,0.008771921569070251,1.3068181618062928,2.2550000071525576,2.498354281728993,2.011645732576122,2.3399999141693115,2.425000071525574,2.810000002384186,2.375,3.049999952316284
2019-03-27,2.309999942779541,2.3499999046325684,2.2100000381469727,2.2300000190734863,116800,0,0,-0.03043475421480002,1.2670454722482816,2.247000002861023,2.4823804607518807,2.011619544970165,2.409999966621399,2.425000071525574,2.832500010728836,2.375,3.0799999237060547
2019-03-28,2.240000009536743,2.3399999141693115,2.2300000190734863,2.299999952316284,66900,0,0,0.03139010432469913,1.3068181618062928,2.242999994754791,2.4717589784261538,2.0142410110834286,2.409999966621399,2.3450000286102295,2.832500010728836,2.375,2.8499999046325684
2019-03-29,2.400000095367432,2.400000095367432,2.130000114440918,2.1600000858306885,144400,0,0,-0.06086950842960004,1.2272727826902703,2.2375,2.468700848753084,2.0062991512469157,2.3700000047683716,2.2799999713897705,2.820000022649765,2.375,2.859999895095825
2019-04-01,2.240000009536743,2.309999942779541,2.150000095367432,2.259999990463257,103100,0,0,0.046296250305059905,1.2840909106302865,2.2424999952316282,2.471062237122042,2.0139377533412146,2.365000009536743,2.2799999713897705,2.8399999737739563,2.375,2.7699999809265137
2019-04-02,2.2699999809265137,2.2699999809265137,2.0799999237060547,2.109999895095825,118900,0,0,-0.06637172389398305,1.1988635832551597,2.2389999866485595,2.4734164008408355,2.0045835724562835,2.309999942779541,2.2799999713897705,2.75,2.375,2.7300000190734863
2019-04-03,2.140000104904175,2.240000009536743,2.0799999237060547,2.150000095367432,140500,0,0,0.018957441829536403,1.221590969896269,2.240499997138977,2.472190060577393,2.0088099337005607,2.240000009536743,2.2799999713897705,2.75,2.375,2.759999990463257
2019-04-04,2.1700000762939453,2.200000047683716,1.9700000286102293,2.039999961853028,185600,0,0,-0.05116285052796954,1.159090893697149,2.233999991416931,2.4802368192178186,1.9877631636160433,2.1850000619888306,2.2799999713897705,2.602500021457672,2.375,2.7699999809265137
2019-04-05,2.039999961853028,2.190000057220459,2.0,2.039999961853028,60200,0,0,0.0,1.159090893697149,2.233499991893768,2.48128183150372,1.9857181522838163,2.1850000619888306,2.2799999713897705,2.602500021457672,2.375,2.930000066757202
2019-04-08,2.0199999809265137,2.180000066757202,2.0199999809265137,2.0799999237060547,59500,0,0,0.019607824804414697,1.181818144873155,2.233499991893768,2.48128183150372,1.9857181522838163,2.1850000619888306,2.2799999713897705,2.602500021457672,2.375,3.319999933242798
2019-04-09,2.039999961853028,2.2100000381469727,2.039999961853028,2.2100000381469727,78700,0,0,0.06250005731216057,1.2556818466602786,2.237499988079071,2.4809684648253194,1.9940315113328226,2.1850000619888306,2.2799999713897705,2.602500021457672,2.375,3.0999999046325684
2019-04-10,2.200000047683716,2.220000028610229,2.049999952316284,2.0899999141693115,40300,0,0,-0.05429869769517204,1.1874999576671568,2.2304999828338623,2.4824251091498843,1.97857485651784,2.1850000619888306,2.2799999713897705,2.5625,2.375,3.2699999809265137
2019-04-11,2.130000114440918,2.150000095367432,2.059999942779541,2.130000114440918,59200,0,0,0.01913885259057757,1.2102273443082656,2.227999985218048,2.482887259370653,1.9731127110654436,2.1399999856948853,2.2799999713897705,2.5174999833106995,2.375,3.289999961853028
2019-04-12,2.1600000858306885,2.1600000858306885,2.0799999237060547,2.130000114440918,14800,0,0,0.0,1.2102273443082656,2.2204999923706055,2.4776675687466176,1.9633324159945933,2.1200000047683716,2.2799999713897705,2.502499997615814,2.375,3.2699999809265137
2019-04-15,2.140000104904175,2.220000028610229,2.0799999237060547,2.190000057220459,61100,0,0,0.028168985706974903,1.2443182210722754,2.2049999952316286,2.4276131914732106,1.9823867989900468,2.1050000190734863,2.2899999618530273,2.4725000262260437,2.375,3.2699999809265137
2019-04-16,2.2300000190734863,2.299999952316284,2.130000114440918,2.150000095367432,60600,0,0,-0.018264822286714777,1.2215909698962693,2.1950000047683718,2.4083374124672257,1.981662597069518,2.134999990463257,2.2899999618530273,2.4725000262260437,2.375,3.2699999809265137
2019-04-17,2.200000047683716,2.200000047683716,2.119999885559082,2.180000066757202,46800,0,0,0.013953474446075864,1.238636408278274,2.1805000066757203,2.3520154685658685,2.008984544785572,2.149999976158142,2.2899999618530273,2.45250004529953,2.3899999856948853,3.069999933242798
2019-04-18,2.220000028610229,2.470000028610229,2.200000047683716,2.450000047683716,143800,0,0,0.12385319846716536,1.3920454891814198,2.1865000128746033,2.3850902270527805,1.987909798696426,2.2450000047683716,2.2899999618530273,2.45250004529953,2.3899999856948853,2.950000047683716
2019-04-22,2.5,2.5799999237060547,2.380000114440918,2.5799999237060547,299000,0,0,0.053061172853952954,1.4659090555034406,2.203000009059906,2.4653534589329946,1.9406465591868174,2.309999942779541,2.2899999618530273,2.4450000524520874,2.3949999809265137,2.8499999046325684
2019-04-23,2.5899999141693115,2.75,2.470000028610229,2.740000009536743,158900,0,0,0.06201553897755763,1.5568181956725688,2.2260000109672546,2.5778473697718844,1.8741526521626248,2.399999976158142,2.3600000143051147,2.4700000286102295,2.4100000262260437,2.789999961853028
2019-04-24,2.650000095367432,2.900000095367432,2.5299999713897705,2.809999942779541,488800,0,0,0.02554742080261274,1.5965908852305803,2.2515000104904175,2.6862618063302377,1.8167382146505973,2.4800000190734863,2.4350000619888306,2.4725000262260437,2.4850000143051147,2.930000066757202
2019-04-25,2.8399999141693115,2.9600000381469727,2.740000009536743,2.799999952316284,256200,0,0,-0.0035587155398179027,1.5909090724365786,2.2800000071525575,2.7764563849570143,1.7835436293481006,2.5199999809265137,2.465000033378601,2.5,2.490000009536743,2.609999895095825
2019-04-26,2.7799999713897705,2.930000066757202,2.740000009536743,2.859999895095825,269000,0,0,0.02142855135761934,1.6249999492005884,2.3080000042915345,2.865883721640289,1.75011628694278,2.5199999809265137,2.465000033378601,2.5,2.564999997615814,2.950000047683716
2019-04-29,2.950000047683716,2.950000047683716,2.759999990463257,2.809999942779541,81000,0,0,-0.01748250145114394,1.5965908852305803,2.340499997138977,2.935047540754441,1.745952453523513,2.5399999618530273,2.465000033378601,2.524999976158142,2.6050000190734863,2.9100000858306885
2019-04-30,2.819999933242798,3.1700000762939453,2.819999933242798,3.1700000762939453,639500,0,0,0.12811392912638508,1.8011364167448434,2.3860000014305114,3.080928396723375,1.6910716061376478,2.6449999809265137,2.5700000524520874,2.3824999928474426,2.6100000143051147,2.9800000190734863
2019-05-01,3.180000066757202,3.470000028610229,2.9100000858306885,3.450000047683716,670800,0,0,0.08832806455863529,1.960227310441991,2.453000009059906,3.276570781118054,1.6294292370017576,2.8350000381469727,2.720000028610229,2.3824999928474426,2.6100000143051147,2.950000047683716
2019-05-02,3.4600000381469727,3.7100000381469727,3.0199999809265137,3.049999952316284,511600,0,0,-0.11594205502576338,1.7329545277517215,2.4980000019073487,3.3486347514446946,1.6473652523700026,3.0450000762939453,2.840000033378601,2.3824999928474426,2.625,3.039999961853028
2019-05-03,3.0899999141693115,3.190000057220459,3.039999961853028,3.0799999237060547,50500,0,0,0.00983605634714424,1.7499999661337262,2.55,3.4094878707051297,1.6905121292948702,3.090000033378601,2.840000033378601,2.4175000190734863,2.6700000166893005,2.940000057220459
2019-05-06,3.0,3.069999933242798,2.7300000190734863,2.8499999046325684,294800,0,0,-0.07467533271777993,1.6193181364065865,2.590499997138977,3.4257808638131246,1.7552191304648297,3.1200000047683716,2.840000033378601,2.377499997615814,2.6700000166893005,2.890000104904175
2019-05-07,2.789999961853028,2.9200000762939453,2.680000066757202,2.859999895095825,116600,0,0,0.0035087687010102453,1.6249999492005882,2.6294999957084655,3.4379156804589877,1.8210843109579433,3.1950000524520874,2.840000033378601,2.324999988079071,2.6700000166893005,2.789999961853028
2019-05-08,2.8499999046325684,3.059999942779541,2.7300000190734863,2.7699999809265137,125800,0,0,-0.031468502612059024,1.5738636340545737,2.6574999928474425,3.444122845326348,1.870877140368537,3.1950000524520874,2.840000033378601,2.322499990463257,2.7200000286102295,2.990000009536743
2019-05-09,2.7699999809265137,2.8399999141693115,2.680000066757202,2.7300000190734863,94800,0,0,-0.014440419540958982,1.5511363828785674,2.6894999980926513,3.431511472204603,1.9474885239806996,3.1950000524520874,2.840000033378601,2.2949999570846558,2.7200000286102295,3.0199999809265137
2019-05-10,2.799999952316284,2.9200000762939453,2.6700000762939453,2.759999990463257,66400,0,0,0.010989000432297447,1.5681818212605723,2.7209999918937684,3.416902351522002,2.0250976322655347,3.190000057220459,2.840000033378601,2.259999990463257,2.7200000286102295,3.069999933242798
2019-05-13,2.700000047683716,2.7699999809265137,2.619999885559082,2.7699999809265137,41800,0,0,0.003623184962974646,1.5738636340545737,2.752999985218048,3.393315376163154,2.112684594272942,3.1649999618530273,2.8550000190734863,2.2325000166893005,2.7200000286102295,3.289999961853028
2019-05-14,2.8499999046325684,2.9800000190734863,2.789999961853028,2.930000066757202,25500,0,0,0.057761764235525925,1.6647727742237022,2.789999985694885,3.3788246394879207,2.2011753319018497,3.1649999618530273,2.865000009536743,2.2325000166893005,2.7200000286102295,3.390000104904175
2019-05-15,2.950000047683716,3.369999885559082,2.700000047683716,3.319999933242798,328600,0,0,0.13310575344704034,1.8863636086548676,2.8484999775886535,3.4024438827832286,2.2945560723940783,2.994999885559082,2.875,2.2325000166893005,2.7200000286102295,3.509999990463257
2019-05-16,3.299999952316284,3.369999885559082,3.069999933242798,3.0999999046325684,110700,0,0,-0.06626507019093375,1.7613635917217298,2.894499969482422,3.3643182764824853,2.424681662482359,2.994999885559082,2.8799999952316284,2.2325000166893005,2.7200000286102295,3.2799999713897705
2019-05-17,3.069999933242798,3.3299999237060547,2.990000009536743,3.2699999809265137,195000,0,0,0.054838735975411224,1.8579545446848598,2.9354999661445618,3.385490819348287,2.4855091129408367,2.994999885559082,2.884999990463257,2.2325000166893005,2.7200000286102295,3.359999895095825
2019-05-20,3.3499999046325684,3.369999885559082,3.109999895095825,3.289999961853028,107100,0,0,0.006116202153874983,1.8693181702728632,2.9709999680519106,3.415130602542317,2.5268693335615042,2.994999885559082,2.8949999809265137,2.209999978542328,2.7200000286102295,3.380000114440918
2019-05-21,3.390000104904175,3.559999942779541,3.180000066757202,3.2699999809265137,162500,0,0,-0.006079021628696113,1.8579545446848598,2.997499966621399,3.4466092892867657,2.548390643956032,3.0899999141693115,2.8949999809265137,2.199999988079071,2.7200000286102295,3.190000057220459
2019-05-22,3.2300000190734863,3.359999895095825,3.180000066757202,3.2699999809265137,67500,0,0,0.0,1.8579545446848598,3.0204999685287475,3.475983916553523,2.565016020503972,3.0899999141693115,2.9149999618530273,2.197499990463257,2.7200000286102295,3.3299999237060547
2019-05-23,3.240000009536743,3.380000114440918,3.180000066757202,3.2699999809265137,48500,0,0,0.0,1.8579545446848598,3.043999969959259,3.500057297749394,2.587942642169124,3.0899999141693115,2.9149999618530273,2.212499976158142,2.7200000286102295,3.390000104904175
2019-05-24,3.299999952316284,3.490000009536743,2.990000009536743,3.069999933242798,222100,0,0,-0.061162094449630056,1.744318153339725,3.0544999718666075,3.5026448207564402,2.6063551229767747,3.1299999952316284,2.9550000429153442,2.2199999690055847,2.7200000286102295,3.470000028610229
2019-05-28,2.9800000190734863,3.0299999713897705,2.950000047683716,2.950000047683716,86100,0,0,-0.03908791145553148,1.6761363998117056,3.0614999771118163,3.498256975729374,2.6247429784942584,3.1299999952316284,3.0450000762939453,2.2674999833106995,2.7200000286102295,3.2799999713897705
2019-05-29,2.950000047683716,2.950000047683716,2.759999990463257,2.8499999046325684,137300,0,0,-0.03389835302872812,1.619318136406587,3.0454999685287474,3.488654153350879,2.6023457837066157,3.159999966621399,3.090000033378601,2.299999952316284,2.7200000286102295,3.3399999141693115
2019-05-30,2.8299999237060547,2.990000009536743,2.75,2.789999961853028,61200,0,0,-0.02105261220606114,1.5852272596425774,3.0124999642372132,3.4273476694777014,2.597652258996725,3.1549999713897705,3.1200000047683716,2.3799999952316284,2.7200000286102295,3.200000047683716
2019-05-31,2.7799999713897705,2.9800000190734863,2.609999895095825,2.930000066757202,43400,0,0,0.050179249755684774,1.664772774223702,3.006499969959259,3.422486583107306,2.5905133568112118,3.084999918937683,3.159999966621399,2.4575000405311584,2.7200000286102295,3.150000095367432
2019-06-03,2.950000047683716,2.990000009536743,2.549999952316284,2.609999895095825,225300,0,0,-0.10921507316398782,1.4829544938854453,2.9829999685287474,3.431894250835523,2.534105686221972,3.0549999475479126,3.1299999952316284,2.4925000071525574,2.7200000286102295,3.059999942779541
2019-06-04,2.6700000762939453,2.950000047683716,2.6700000762939453,2.950000047683716,33000,0,0,0.13026826293240434,1.6761363998117051,2.987999975681305,3.433026527592207,2.5429734237704027,3.0199999809265137,3.1299999952316284,2.4925000071525574,2.7200000286102295,2.950000047683716
2019-06-05,2.950000047683716,3.0799999237060547,2.799999952316284,2.9100000858306885,99700,0,0,-0.013559308883548837,1.6534091486356988,2.9904999852180483,3.433151991656852,2.5478479787792447,3.0199999809265137,3.1299999952316284,2.502499997615814,2.7200000286102295,3.0899999141693115
2019-06-06,2.930000066757202,3.0899999141693115,2.809999942779541,2.9800000190734863,78900,0,0,0.024054959167747025,1.6931818381937098,3.0009999871253967,3.4319138520195613,2.570086122231232,3.0199999809265137,3.1299999952316284,2.6075000166893005,2.5600000619888306,3.200000047683716
2019-06-07,3.0,3.0,2.7799999713897705,2.950000047683716,83600,0,0,-0.010067104428777118,1.676136399811705,3.011999988555908,3.4253695087685507,2.5986304683432655,2.819999933242798,3.1299999952316284,2.777500033378601,2.7100000381469727,3.0199999809265137
2019-06-10,2.9600000381469727,3.0799999237060547,2.930000066757202,3.039999961853028,46700,0,0,0.030508444987985106,1.7272727149577198,3.0259999871253966,3.4227372474986884,2.629262726752105,2.819999933242798,3.0549999475479126,2.942500054836273,2.8300000429153442,3.0799999237060547
2019-06-11,3.0199999809265137,3.049999952316284,2.9100000858306885,2.940000057220459,44400,0,0,-0.032894705884013886,1.6704545870177034,3.034499990940094,3.41575186390259,2.6532481179775975,2.819999933242798,3.0549999475479126,2.965000033378601,2.8300000429153442,2.8499999046325684
2019-06-12,2.9200000762939453,2.930000066757202,2.8399999141693115,2.890000104904175,35800,0,0,-0.01700678617113882,1.6420455230476954,3.0324999928474425,3.4163627537567,2.648637231938185,2.819999933242798,3.0549999475479126,2.9800000190734863,2.8300000429153442,2.789999961853028
2019-06-13,2.900000095367432,2.900000095367432,2.720000028610229,2.789999961853028,124700,0,0,-0.034602124367210996,1.585227259642577,3.0059999942779543,3.3797494549908054,2.632250533565103,2.819999933242798,3.0549999475479126,3.0175000429153442,2.8300000429153442,3.049999952316284
2019-06-14,2.819999933242798,2.990000009536743,2.799999952316284,2.990000009536743,36200,0,0,0.07168460588468317,1.6988636509877113,3.000499999523163,3.3717567201485443,2.6292432788977815,2.8799999952316284,3.0549999475479126,3.0175000429153442,2.8300000429153442,3.0199999809265137
2019-06-17,3.0199999809265137,3.0299999713897705,2.869999885559082,3.0199999809265137,61400,0,0,0.010033435215412778,1.7159090893697162,2.9879999995231628,3.3381307221262904,2.637869276920035,2.9049999713897705,3.0549999475479126,3.0175000429153442,2.8300000429153442,3.049999952316284
2019-06-18,3.0,3.069999933242798,2.859999895095825,3.069999933242798,151800,0,0,0.016556275705983392,1.744318153339724,2.9769999980926514,3.301069836125661,2.6529301600596416,2.9049999713897705,3.0549999475479126,3.01500004529953,2.8300000429153442,2.9100000858306885
2019-06-19,3.0799999237060547,3.400000095367432,3.0,3.289999961853028,241400,0,0,0.0716612486625845,1.8693181702728623,2.9779999971389772,3.305822738889848,2.6501772553881064,3.0600000619888306,3.0549999475479126,3.009999990463257,2.8300000429153442,3.009999990463257
2019-06-20,3.2699999809265137,3.400000095367432,3.200000047683716,3.390000104904175,231000,0,0,0.030395180611134,1.9261364336779805,2.9840000033378606,3.3367083246070344,2.631291682068687,3.0600000619888306,3.0549999475479126,3.0149999856948853,2.8300000429153442,3.5899999141693115
2019-06-21,3.400000095367432,3.609999895095825,3.319999933242798,3.509999990463257,451900,0,0,0.03539819523470911,1.994318187206,2.9960000038146974,3.4000093337157087,2.591990673913686,3.1649999618530273,3.0799999237060547,2.934999942779541,2.8300000429153442,3.619999885559082
2019-06-24,3.539999961853028,3.5999999046325684,3.200000047683716,3.2799999713897705,258600,0,0,-0.06552707113914569,1.8636363574788604,3.0065000057220463,3.4283747664214723,2.5846252450226204,3.1649999618530273,3.0799999237060547,2.9374999403953552,2.8300000429153442,3.539999961853028
2019-06-25,3.1600000858306885,3.400000095367432,3.1600000858306885,3.359999895095825,99500,0,0,0.024390220854836775,1.9090908598308733,3.0269999980926516,3.475218147891666,2.5787818482936373,3.1649999618530273,3.0799999237060547,2.9399999380111694,2.8300000429153442,3.539999961853028
2019-06-26,3.359999895095825,3.5,3.3499999046325684,3.380000114440918,43000,0,0,0.005952446419502655,1.9204546208839788,3.053500008583069,3.519246721321996,2.5877532958441423,3.2049999237060547,3.0799999237060547,2.944999933242798,2.8300000429153442,4.050000190734863
2019-06-27,3.3499999046325684,3.450000047683716,3.150000095367432,3.190000057220459,230700,0,0,-0.056213032777333694,1.8125000423328457,3.073500013351441,3.526303785761301,2.620696240941581,3.234999895095825,3.0799999237060547,2.9924999475479126,2.8300000429153442,3.930000066757202
2019-06-28,3.200000047683716,3.440000057220459,3.200000047683716,3.3299999237060547,216800,0,0,0.043887104694155354,1.8920454214488682,3.0935000061988833,3.554534386356518,2.6324656260412485,3.234999895095825,3.0799999237060547,3.0024999380111694,2.840000033378601,3.920000076293945
2019-07-01,3.3399999141693115,3.4800000190734863,3.289999961853028,3.390000104904175,179400,0,0,0.01801807284468171,1.9261364336779805,3.132500016689301,3.553107584464158,2.7118924489144436,3.3049999475479126,3.0799999237060547,3.0024999380111694,2.840000033378601,3.839999914169312
2019-07-02,3.5,3.509999990463257,3.390000104904175,3.470000028610229,193400,0,0,0.023598796823139256,1.9715909360299932,3.158500015735626,3.5949328285247866,2.722067202946466,3.3799999952316284,3.0799999237060547,3.0425000190734863,2.840000033378601,3.920000076293945
2019-07-03,3.539999961853028,3.569999933242798,3.1700000762939453,3.2799999713897705,140500,0,0,-0.05475505926625468,1.8636363574788604,3.1770000100135802,3.6007791216794622,2.7532208983476982,3.3799999952316284,3.0799999237060547,3.087500035762787,2.840000033378601,3.910000085830689
2019-07-05,3.25,3.380000114440918,3.2100000381469727,3.3399999141693115,129500,0,0,0.018292665641127526,1.89772723424287,3.1950000047683718,3.6142895749997517,2.775710434536992,3.375,3.0799999237060547,3.125,2.840000033378601,3.950000047683716
2019-07-08,3.3399999141693115,3.3399999141693115,3.200000047683716,3.200000047683716,116000,0,0,-0.04191612876745088,1.8181818551268474,3.2075000047683715,3.6112827898360544,2.8037172197006885,3.3600000143051147,3.0799999237060547,3.137499988079071,2.840000033378601,4.309999942779541
2019-07-09,3.2699999809265137,3.289999961853028,3.150000095367432,3.150000095367432,83000,0,0,-0.015624984866008274,1.7897727911568395,3.213000011444092,3.6103839795422146,2.8156160433459694,3.3600000143051147,3.0799999237060547,3.122499942779541,2.840000033378601,4.349999904632568
2019-07-10,3.1600000858306885,3.259999990463257,3.009999990463257,3.059999942779541,172800,0,0,-0.028571476147016717,1.7386363405457224,3.219000005722046,3.6029694385745357,2.835030572869556,3.2899999618530273,3.1399999856948853,3.0924999713897705,2.840000033378601,4.110000133514404
2019-07-11,3.059999942779541,3.140000104904175,2.940000057220459,2.950000047683716,118500,0,0,-0.03594767880809413,1.6761363998117045,3.222000002861023,3.5963548901593967,2.847645115562649,3.2549999952316284,3.1649999618530273,3.074999988079071,2.840000033378601,4.659999847412109
2019-07-12,2.970000028610229,3.119999885559082,2.950000047683716,3.0899999141693115,103300,0,0,0.04745758109242093,1.7556817789277268,3.2370000004768373,3.561069850856193,2.912930150097482,3.2549999952316284,3.1649999618530273,3.074999988079071,2.840000033378601,5.050000190734863
2019-07-15,3.0899999141693115,3.200000047683716,3.0,3.200000047683716,67400,0,0,0.03559874969898691,1.818181855126847,3.247500002384186,3.551665845242214,2.9433341595261577,3.2549999952316284,3.1649999618530273,3.074999988079071,2.840000033378601,4.96999979019165
2019-07-16,3.0999999046325684,3.0999999046325684,2.900000095367432,3.0199999809265137,174100,0,0,-0.05625002002343504,1.7159090893697155,3.247500002384186,3.551665845242214,2.9433341595261577,3.2350000143051147,3.1649999618530273,2.974999964237213,2.840000033378601,4.650000095367432
2019-07-17,2.9800000190734863,3.109999895095825,2.900000095367432,3.0799999237060547,135000,0,0,0.01986753084718007,1.749999966133725,3.2480000019073487,3.5510153409551397,2.9449846628595577,3.140000104904175,3.1649999618530273,2.9374999403953552,2.840000033378601,4.690000057220459
2019-07-18,3.059999942779541,3.0999999046325684,2.8499999046325684,2.8499999046325684,111700,0,0,-0.07467533271777993,1.6193181364065856,3.2259999990463255,3.5746145090395056,2.8773854890531454,3.09499990940094,3.1649999618530273,2.9374999403953552,2.840000033378601,4.690000057220459
2019-07-19,2.880000114440918,2.930000066757202,2.700000047683716,2.789999961853028,117200,0,0,-0.02105261220606114,1.585227259642576,3.1959999918937685,3.5844455942096514,2.8075543895778856,2.9950000047683716,3.1549999713897705,2.9374999403953552,2.840000033378601,4.570000171661377
2019-07-22,2.789999961853028,3.0999999046325684,2.789999961853028,3.049999952316284,60700,0,0,0.09318996201368157,1.7329545277517202,3.17299998998642,3.537863828923807,2.8081361510490326,2.9800000190734863,3.1549999713897705,2.9374999403953552,2.840000033378601,4.349999904632568
2019-07-23,3.069999933242798,3.130000114440918,2.9600000381469727,3.0199999809265137,103100,0,0,-0.00983605634714435,1.7159090893697153,3.1599999904632567,3.5272334421852616,2.792766538741252,2.950000047683716,3.1549999713897705,2.9674999713897705,2.840000033378601,4.650000095367432
2019-07-24,3.009999990463257,3.119999885559082,2.900000095367432,3.049999952316284,42300,0,0,0.009933765423590035,1.73295452775172,3.14449999332428,3.5026170287962373,2.7863829578523225,2.950000047683716,3.1549999713897705,2.9799999594688416,2.840000033378601,4.769999980926514
2019-07-25,3.0299999713897705,3.049999952316284,2.900000095367432,2.9100000858306885,33600,0,0,-0.04590159628667356,1.6534091486356974,3.1209999918937683,3.4758514801641254,2.7661485036234112,2.950000047683716,3.1549999713897705,2.9799999594688416,2.840000033378601,4.5
2019-07-26,2.859999895095825,3.0299999713897705,2.8399999141693115,3.009999990463257,70100,0,0,0.034364227382496004,1.7102272765757136,3.111999988555908,3.4685397229472787,2.7554602541645377,2.915000081062317,3.1549999713897705,3.0575000047683716,2.8550000190734863,4.309999942779541
2019-07-29,3.009999990463257,3.650000095367432,2.869999885559082,3.5899999141693115,2473300,0,0,0.1926910051640196,2.0397726895580117,3.124999988079071,3.5287640037184542,2.7212359724396875,3.1750000715255737,3.1750000715255737,3.0575000047683716,2.865000009536743,4.320000171661377
2019-07-30,3.559999942779541,3.740000009536743,3.299999952316284,3.619999885559082,861700,0,0,0.008356538191369944,2.0568181279400166,3.1364999771118165,3.5812845060099923,2.6917154482136407,3.2200000286102295,3.2200000286102295,3.122499942779541,2.875,4.53000020980835
2019-07-31,3.569999933242798,3.75,3.3499999046325684,3.539999961853028,614500,0,0,-0.02209942713677704,2.011363625588004,3.139999973773956,3.5963054485747152,2.683694498973197,3.225000023841858,3.225000023841858,3.122499942779541,2.8799999952316284,4.489999771118164
2019-08-01,3.5899999141693115,3.700000047683716,3.4600000381469727,3.539999961853028,300500,0,0,0.0,2.011363625588004,3.1529999732971192,3.6387145873188076,2.667285359275431,3.2699999809265137,3.225000023841858,3.122499942779541,2.884999990463257,4.110000133514404
2019-08-02,3.569999933242798,4.090000152587891,3.5,4.050000190734863,464200,0,0,0.14406786281852768,2.301136484477393,3.1884999871253967,3.8101395020277593,2.566860472223034,3.465000033378601,3.3950001001358032,3.1424999237060547,2.8949999809265137,4.139999866485596
2019-08-05,4.0,4.400000095367432,3.849999904632568,3.930000066757202,789600,0,0,-0.029629658845988227,2.232954595484271,3.224999988079071,3.926562460753758,2.523437515404384,3.6200000047683716,3.5500000715255737,3.15749990940094,2.8949999809265137,4.050000190734863
2019-08-06,3.9700000286102295,4.170000076293945,3.890000104904175,3.920000076293945,347000,0,0,-0.002544526792211621,2.227272782690269,3.263499987125397,4.026861814306932,2.5001381599438615,3.6200000047683716,3.5500000715255737,3.15749990940094,2.9149999618530273,3.839999914169312
2019-08-07,3.950000047683716,4.050000190734863,3.799999952316284,3.839999914169312,207000,0,0,-0.020408204226431303,2.181818144873154,3.3024999856948853,4.0996170791486835,2.5053828922410872,3.6200000047683716,3.5500000715255737,3.1924999356269836,2.9149999618530273,3.940000057220459
2019-08-08,3.799999952316284,4.059999942779541,3.799999952316284,3.920000076293945,303200,0,0,0.020833376018952077,2.227272782690269,3.350999987125397,4.174320393768659,2.5276795804821344,3.634999990463257,3.5500000715255737,3.2299999594688416,2.9550000429153442,3.799999952316284
2019-08-09,3.920000076293945,4.300000190734863,3.869999885559082,3.910000085830689,429000,0,0,-0.0025510179256705845,2.221590969896268,3.3919999957084657,4.240802630863124,2.5431973605538074,3.850000023841858,3.5500000715255737,3.2299999594688416,3.0450000762939453,3.839999914169312
2019-08-12,3.9800000190734863,4.190000057220459,3.950000047683716,3.950000047683716,375200,0,0,0.010230169047305449,2.244318221072274,3.4294999957084658,4.307156170293771,2.5518438211231604,3.875,3.5500000715255737,3.2274999618530273,3.090000033378601,3.809999942779541
2019-08-13,3.9600000381469727,4.46999979019165,3.9600000381469727,4.309999942779541,320800,0,0,0.09113921284809345,2.4488636171214346,3.493999993801117,4.430111882224258,2.557888105377976,3.9649999141693115,3.584999918937683,3.2199999690055847,3.1200000047683716,3.819999933242798
2019-08-14,4.25,4.679999828338623,4.210000038146973,4.349999904632568,393100,0,0,0.009280733731803936,2.471590868297441,3.5574999928474424,4.544159455169259,2.5708405305256257,4.0899999141693115,3.6899999380111694,3.2199999690055847,3.1299999952316284,3.740000009536743
2019-08-15,4.389999866485596,4.519999980926514,4.099999904632568,4.110000133514404,259700,0,0,-0.0551723623861633,2.3352273612414027,3.6205000042915345,4.578602029295265,2.6623979792878036,4.239999890327454,3.6899999380111694,3.2149999737739563,3.1299999952316284,3.7300000190734863
2019-08-16,4.150000095367432,4.800000190734863,4.139999866485596,4.659999847412109,278600,0,0,0.13381987737976253,2.6477272003765937,3.7139999985694887,4.694626995913488,2.7333730012254893,4.300000071525574,3.7500001192092896,3.209999978542328,3.1299999952316284,3.759999990463257
2019-08-19,4.800000190734863,5.380000114440918,4.760000228881836,5.050000190734863,973300,0,0,0.08369106353926958,2.8693183057379636,3.8140000104904175,4.906215258310903,2.721784762669932,4.590000033378601,4.040000081062317,3.209999978542328,3.1299999952316284,3.660000085830689
2019-08-20,5.150000095367432,5.25,4.840000152587891,4.96999979019165,507500,0,0,-0.015841662875575313,2.823863532455746,3.9115000009536742,5.050454924735796,2.7725450771715527,4.590000033378601,4.040000081062317,3.209999978542328,3.1299999952316284,3.7200000286102295
2019-08-21,5.0,5.050000190734863,4.610000133514404,4.650000095367432,579800,0,0,-0.06438625922193031,2.6420455230476945,3.9915000081062315,5.101250963941987,2.881749052270476,4.625,4.040000081062317,3.199999988079071,3.1299999952316284,3.400000095367432
2019-08-22,4.679999828338623,4.960000038146973,4.670000076293945,4.690000057220459,253100,0,0,0.008602142157561943,2.664772774223701,4.08050000667572,5.110876503235085,3.0501235101163555,4.665000081062317,4.040000081062317,3.152500033378601,3.0799999237060547,3.200000047683716
2019-08-23,4.670000076293945,4.889999866485596,4.619999885559082,4.690000057220459,309400,0,0,0.0,2.664772774223701,4.1645000100135805,5.100743058440977,3.228256961586184,4.670000076293945,4.040000081062317,3.1299999356269836,3.0799999237060547,3.190000057220459
2019-08-26,4.760000228881836,4.789999961853027,4.269999980926514,4.570000171661377,520600,0,0,-0.025586329231347626,2.5965910206956817,4.213500022888184,5.126382975795518,3.30061706998085,4.740000009536743,4.085000038146973,3.074999988079071,3.0799999237060547,3.190000057220459
2019-08-27,4.539999961853027,4.670000076293945,4.25,4.349999904632568,397400,0,0,-0.04814010038621719,2.4715908682974415,4.250000023841858,5.122075408828104,3.3779246388556117,4.740000009536743,4.110000014305115,3.0674999952316284,3.0799999237060547,3.2300000190734863
2019-08-28,4.309999942779541,4.800000190734863,4.309999942779541,4.650000095367432,198900,0,0,0.06896556260044417,2.642045523047695,4.305500030517578,5.129202760544139,3.481797300491017,4.759999990463257,4.110000014305115,3.052500009536743,3.0799999237060547,3.240000009536743
2019-08-29,4.650000095367432,4.900000095367432,4.579999923706055,4.769999980926514,239800,0,0,0.02580642647268583,2.710227276575714,4.367000031471252,5.134029968846433,3.5999700940960713,4.815000057220459,4.110000014305115,3.052500009536743,3.0799999237060547,3.0
2019-08-30,4.800000190734863,4.900000095367432,4.46999979019165,4.5,161500,0,0,-0.05660376981260895,2.556818195672568,4.389500021934509,5.144183060332865,3.6348169835361532,4.75,4.110000014305115,3.052500009536743,3.0799999237060547,3.069999933242798
2019-09-03,4.489999771118164,4.5,4.090000152587891,4.309999942779541,378600,0,0,-0.0422222349378798,2.448863617121435,4.408500015735626,5.13422327171686,3.6827767597543923,4.570000171661377,4.125,3.0350000262260437,3.0799999237060547,3.049999952316284
2019-09-04,4.309999942779541,4.539999961853027,4.170000076293945,4.320000171661377,113200,0,0,0.00232023875048748,2.4545455653805393,4.428500020503998,5.120158464801012,3.7368415762069844,4.525000095367432,4.340000033378601,3.1750000715255737,3.100000023841858,3.069999933242798
2019-09-05,4.329999923706055,4.829999923706055,4.28000020980835,4.53000020980835,606500,0,0,0.04861111800979656,2.5738637695196753,4.463000035285949,5.09989604928228,3.826104021289619,4.495000123977661,4.365000009536743,3.2200000286102295,3.1449999809265137,3.0
2019-09-06,4.550000190734863,4.639999866485596,4.340000152587891,4.489999771118164,81000,0,0,-0.008830118507186069,2.551136247413464,4.491500020027161,5.077063002362721,3.9059370376916007,4.495000123977661,4.420000076293945,3.225000023841858,3.149999976158142,3.0
2019-09-09,4.519999980926514,4.550000190734863,4.059999942779541,4.110000133514404,253300,0,0,-0.08463244030614436,2.3352273612414027,4.501500022411347,5.052442789380535,3.9505572554421584,4.480000019073486,4.440000057220459,3.247500002384186,3.149999976158142,2.8499999046325684
2019-09-10,4.099999904632568,4.230000019073486,3.799999952316284,4.139999866485596,281800,0,0,0.007299204865363063,2.352272664158305,4.51100001335144,5.0287829810141185,3.9932170456887617,4.350000023841858,4.590000033378601,3.430000066757202,3.3200000524520874,2.940000057220459
2019-09-11,4.199999809265137,4.289999961853027,3.950000047683716,4.050000190734863,249500,0,0,-0.02173905281478483,2.301136484477393,4.4980000257492065,5.047742343468017,3.9482577080303964,4.350000023841858,4.590000033378601,3.5850000381469727,3.475000023841858,3.009999990463257
2019-09-12,4.090000152587891,4.130000114440918,3.809999942779541,3.839999914169312,221700,0,0,-0.05185191769767483,2.181818144873154,4.472500026226044,5.0911268680113695,3.853873184440718,4.350000023841858,4.590000033378601,3.5850000381469727,3.475000023841858,2.950000047683716
2019-09-13,3.880000114440918,3.990000009536743,3.75,3.940000057220459,223800,0,0,0.026041704501647,2.2386364082782726,4.464000022411346,5.10678314508933,3.821216899733362,4.289999961853027,4.565000057220459,3.5850000381469727,3.475000023841858,3.2799999713897705
2019-09-16,3.940000057220459,3.940000057220459,3.700000047683716,3.799999952316284,222000,0,0,-0.0355330210332383,2.159090893697148,4.4210000276565555,5.11890434054374,3.72309571476937,4.264999985694885,4.540000081062317,3.5925000309944153,3.475000023841858,3.2300000190734863
2019-09-17,3.75,3.950000047683716,3.700000047683716,3.839999914169312,107500,0,0,0.010526305882884612,2.1818181448731546,4.360500013828277,5.039120646664644,3.6818793809919104,4.264999985694885,4.540000081062317,3.700000047683716,3.475000023841858,3.4200000762939453
2019-09-18,3.799999952316284,3.9800000190734863,3.7100000381469727,3.809999942779541,210600,0,0,-0.007812492724042386,2.1647727064911493,4.302500021457672,4.96059187101766,3.644408171897685,4.169999957084656,4.540000081062317,3.712500035762787,3.475000023841858,3.5899999141693115
2019-09-19,3.819999933242798,3.920000076293945,3.7799999713897705,3.819999933242798,89100,0,0,0.0026246694523468506,2.1704545192851508,4.26100001335144,4.930907320870732,3.5910927058321476,4.1250001192092896,4.540000081062317,3.7749999165534973,3.5099998712539673,3.430000066757202
2019-09-20,3.799999952316284,3.930000066757202,3.740000009536743,3.740000009536743,248500,0,0,-0.02094238877070942,2.125000016933138,4.2135000109672545,4.889756880023081,3.5372431419114276,3.9950000047683716,4.540000081062317,3.8899999260902405,3.6149998903274536,3.25
2019-09-23,3.740000009536743,3.7799999713897705,3.670000076293945,3.7300000190734863,126400,0,0,-0.002673794234694493,2.1193182041391365,4.165500009059906,4.835847056508658,3.4951529616111547,3.9800000190734863,4.525000095367432,3.9649999141693115,3.674999952316284,3.3299999237060547
2019-09-24,3.7300000190734863,3.809999942779541,3.690000057220459,3.759999990463257,82500,0,0,0.008042887730928872,2.1363636425211414,4.125,4.79050438413105,3.45949561586895,3.9000000953674316,4.525000095367432,4.025000095367432,3.7500001192092896,3.549999952316284
2019-09-25,3.75,3.809999942779541,3.640000104904175,3.660000085830689,138700,0,0,-0.02659571938462879,2.0795455145811257,4.090500009059906,4.777206304927624,3.4037937131921883,3.815000057220459,4.445000052452087,4.315000057220459,4.040000081062317,3.5
2019-09-26,3.690000057220459,3.799999952316284,3.660000085830689,3.7200000286102295,93000,0,0,0.01639342660450316,2.113636391345135,4.0440000057220455,4.697668871046057,3.3903311403980347,3.8100000619888306,4.345000147819519,4.315000057220459,4.040000081062317,3.4100000858306885
2019-09-27,3.75,3.7699999809265137,3.369999885559082,3.400000095367432,310100,0,0,-0.08602148676927501,1.9318182464719813,3.9755000114440917,4.5964625996620985,3.354537423226085,3.674999952316284,4.164999961853027,4.3325000405311584,4.040000081062317,3.5
2019-09-30,3.4100000858306885,3.5299999713897705,3.150000095367432,3.200000047683716,246300,0,0,-0.05882354178643123,1.8181818551268465,3.9105000138282775,4.569653973855262,3.251346053801293,3.565000057220459,4.025000095367432,4.352500081062317,4.040000081062317,3.7799999713897705
2019-10-01,3.2300000190734863,3.319999933242798,3.140000104904175,3.190000057220459,77400,0,0,-0.003124996973201677,1.8125000423328448,3.8545000195503234,4.557702536778197,3.15129750232245,3.5350000858306885,4.020000100135803,4.355000078678131,4.040000081062317,3.630000114440918
2019-10-02,3.150000095367432,3.25,3.0899999141693115,3.190000057220459,134500,0,0,0.0,1.8125000423328448,3.7980000138282777,4.523983001828312,3.0720170258282433,3.509999990463257,3.9950000047683716,4.412500023841858,4.040000081062317,3.470000028610229
2019-10-03,3.1700000762939453,3.25,3.049999952316284,3.2300000190734863,164100,0,0,0.012539172769758578,1.8352272935088512,3.7330000042915343,4.416271127873052,3.0497288807100165,3.4299999475479126,3.975000023841858,4.425000011920929,4.040000081062317,3.609999895095825
2019-10-04,3.2100000381469727,3.2799999713897705,3.119999885559082,3.240000009536743,101200,0,0,0.003095972261363933,1.8409091063028526,3.6705000162124635,4.290452373842339,3.050547658582588,3.4299999475479126,3.975000023841858,4.435000002384186,4.040000081062317,3.509999990463257
2019-10-07,3.2100000381469727,3.3399999141693115,3.0,3.0,146800,0,0,-0.07407407679948075,1.7045454637817117,3.615000009536743,4.265944267291409,2.964055751782078,3.4049999713897705,3.950000047683716,4.462500035762787,4.040000081062317,3.390000104904175
2019-10-08,3.0,3.109999895095825,2.930000066757202,3.069999933242798,129400,0,0,0.023333311080932617,1.744318153339723,3.5615000128746033,4.206853399514487,2.9161466262347195,3.365000009536743,3.8799999952316284,4.430000007152557,4.040000081062317,3.3399999141693115
2019-10-09,3.0799999237060547,3.2300000190734863,3.0299999713897705,3.049999952316284,63800,0,0,-0.006514651909255265,1.7329545277517198,3.5115000009536743,4.152609859268947,2.870390142638402,3.350000023841858,3.8799999952316284,4.3475000858306885,4.040000081062317,3.319999933242798
2019-10-10,3.039999961853028,3.190000057220459,3.0,3.069999933242798,47800,0,0,0.00655737089809616,1.744318153339723,3.473000001907349,4.123092667225778,2.8229073365889192,3.2300000190734863,3.8799999952316284,4.432500064373016,4.040000081062317,3.1600000858306885
2019-10-11,3.069999933242798,3.25,3.0,3.0,83100,0,0,-0.02280128168239337,1.7045454637817117,3.4259999990463257,4.070071485774877,2.7819285123177746,3.134999990463257,3.784999966621399,4.430000066757202,4.040000081062317,3.039999961853028
2019-10-14,3.0,3.220000028610229,2.9800000190734863,3.0,65900,0,0,0.0,1.7045454637817117,3.3860000014305114,4.031576570582805,2.740423432278218,3.134999990463257,3.7400001287460327,4.457500100135803,4.040000081062317,3.130000114440918
2019-10-15,3.009999990463257,3.049999952316284,2.759999990463257,2.8499999046325684,164000,0,0,-0.05000003178914392,1.619318136406585,3.3365000009536745,3.9870955663890135,2.6859044355183355,3.049999952316284,3.524999976158142,4.460000038146973,4.040000081062317,3.180000066757202
2019-10-16,2.8499999046325684,2.990000009536743,2.799999952316284,2.940000057220459,76100,0,0,0.0315790019647364,1.6704545870177019,3.29300000667572,3.9270962615303837,2.6589037518210565,3.049999952316284,3.524999976158142,4.4700000286102295,4.040000081062317,3.049999952316284
2019-10-17,2.890000104904175,3.0899999141693115,2.890000104904175,3.009999990463257,48800,0,0,0.023809500639594416,1.7102272765757134,3.2525000095367433,3.848725240132643,2.6562747789408436,3.049999952316284,3.4450000524520874,4.4700000286102295,4.040000081062317,3.380000114440918
2019-10-18,3.0,3.0899999141693115,2.940000057220459,2.950000047683716,94000,0,0,-0.01993353587031299,1.6761363998117038,3.213000011444092,3.778354066383894,2.64764595650429,3.0049999952316284,3.375,4.4700000286102295,4.040000081062317,3.5899999141693115
2019-10-21,2.950000047683716,3.2799999713897705,2.930000066757202,3.2799999713897705,100200,0,0,0.11186437910913405,1.8636363574788593,3.190500009059906,3.704739877426336,2.6762601406934756,3.0199999809265137,3.3700000047683716,4.427500009536743,4.040000081062317,3.490000009536743
2019-10-22,3.200000047683716,3.299999952316284,3.130000114440918,3.2300000190734863,73600,0,0,-0.015243888034273012,1.8352272935088512,3.1640000104904176,3.6071051891870836,2.7208948317937516,3.0299999713897705,3.3700000047683716,4.402500033378601,4.040000081062317,3.25
2019-10-23,3.2799999713897705,3.5,3.1700000762939453,3.4200000762939453,103900,0,0,0.05882354677971802,1.9431818720599843,3.1520000100135803,3.5510848746071795,2.752915145419981,3.1299999952316284,3.3700000047683716,4.402500033378601,4.040000081062317,3.180000066757202
2019-10-24,3.4600000381469727,3.700000047683716,3.4200000762939453,3.5899999141693115,177700,0,0,0.049707553825433015,2.0397726895580117,3.1455000042915344,3.509719056684526,2.781280951898543,3.2300000190734863,3.3450000286102295,4.355000019073486,4.040000081062317,3.0999999046325684
2019-10-25,3.640000104904175,3.690000057220459,3.309999942779541,3.430000066757202,81600,0,0,-0.044568203687306074,1.9488636848539862,3.1470000028610228,3.515667632603516,2.7783323731185297,3.2300000190734863,3.3450000286102295,4.332500100135803,4.040000081062317,3.069999933242798
2019-10-28,3.490000009536743,3.509999990463257,3.2100000381469727,3.25,123300,0,0,-0.052478152552159596,1.8465909190968548,3.149500000476837,3.520266267009907,2.778733733943767,3.25,3.284999966621399,4.267500042915344,4.040000081062317,3.039999961853028
2019-10-29,3.299999952316284,3.400000095367432,3.220000028610229,3.3299999237060547,27500,0,0,0.024615361140324588,1.8920454214488678,3.156499993801117,3.5353472121828067,2.7776527754194276,3.2950000762939453,3.284999966621399,4.252500057220459,4.040000081062317,3.0
2019-10-30,3.309999942779541,3.549999952316284,3.25,3.549999952316284,42200,0,0,0.06606607617137272,2.017045438382006,3.174499988555908,3.5907878532409923,2.758212123870824,3.315000057220459,3.284999966621399,4.212500095367432,4.040000081062317,3.059999942779541
2019-10-31,3.549999952316284,3.549999952316284,3.319999933242798,3.5,52000,0,0,-0.01408449379940424,1.988636374411998,3.187999987602234,3.627724717104604,2.7482752580998637,3.315000057220459,3.2799999713897705,4.130000054836273,4.040000081062317,3.0199999809265137
2019-11-01,3.5,3.539999961853028,3.400000095367432,3.4100000858306885,27800,0,0,-0.02571426119123188,1.9375000592659835,3.196499991416931,3.6464818440792097,2.7465181387546522,3.415000081062317,3.2649999856948853,4.077500104904175,4.040000081062317,2.8499999046325684
2019-11-04,3.470000028610229,3.569999933242798,3.369999885559082,3.5,63000,0,0,0.026392936042225035,1.9886363744119977,3.2214999914169313,3.6806006752345835,2.762399307599279,3.4350000619888306,3.2300000190734863,3.9199999570846558,4.040000081062317,2.950000047683716
2019-11-05,3.5199999809265137,3.7799999713897705,3.5,3.7799999713897705,277600,0,0,0.07999999182564865,2.1477272681091453,3.2569999933242797,3.7709104288804585,2.743089557768101,3.4950000047683716,3.2699999809265137,3.7950000762939453,4.040000081062317,3.0
2019-11-06,3.799999952316284,3.799999952316284,3.5,3.630000114440918,99200,0,0,-0.039682502138671416,2.0625000761991212,3.2860000014305113,3.815310802649466,2.7566892002115564,3.5049999952316284,3.2799999713897705,3.777500092983246,4.040000081062317,2.890000104904175
2019-11-07,3.609999895095825,3.650000095367432,3.450000047683716,3.470000028610229,94200,0,0,-0.04407715724144867,1.9715909360299928,3.3060000061988832,3.83132312441237,2.7806768879853965,3.5049999952316284,3.2799999713897705,3.752499997615814,4.085000038146973,2.990000009536743
2019-11-08,3.5899999141693115,3.740000009536743,3.3499999046325684,3.609999895095825,121900,0,0,0.040345782516223005,2.0511363151460156,3.3365000009536745,3.8579939693584047,2.8150060325489443,3.509999990463257,3.2799999713897705,3.7024999856948853,4.110000014305115,3.25
2019-11-11,3.609999895095825,3.630000114440918,3.4100000858306885,3.509999990463257,28900,0,0,-0.027700805412326446,1.9943181872059994,3.3620000004768373,3.864512162779848,2.8594878381738265,3.524999976158142,3.2799999713897705,3.7024999856948853,4.110000014305115,3.359999895095825
2019-11-12,3.450000047683716,3.5799999237060547,3.309999942779541,3.390000104904175,74400,0,0,-0.034188001676673574,1.92613643367798,3.3890000104904177,3.8325383843049208,2.9454616366759145,3.5549999475479126,3.2799999713897705,3.677500009536743,4.110000014305115,3.220000028610229
2019-11-13,3.4100000858306885,3.490000009536743,3.299999952316284,3.3399999141693115,86100,0,0,-0.014749318344424278,1.8977272342428695,3.40900000333786,3.8024877943158506,3.0155122123598694,3.549999952316284,3.2799999713897705,3.622500002384186,4.110000014305115,3.1700000762939453
2019-11-14,3.3499999046325684,3.380000114440918,3.2799999713897705,3.319999933242798,114800,0,0,-0.005988018395350125,1.8863636086548663,3.4245000004768373,3.7756038290700493,3.0733961718836253,3.5399999618530273,3.2799999713897705,3.615000009536743,4.125,3.069999933242798
2019-11-15,3.309999942779541,3.390000104904175,3.109999895095825,3.1600000858306885,103400,0,0,-0.048192726093168936,1.7954546039508406,3.435000002384186,3.737407485772032,3.1325925189963395,3.4549999237060547,3.2799999713897705,3.5550000071525574,4.15500009059906,3.059999942779541
2019-11-18,2.970000028610229,3.0999999046325684,2.9100000858306885,3.039999961853028,202500,0,0,-0.03797472174628613,1.727272714957719,3.4230000019073485,3.7658658580903994,3.0801341457242977,3.3550000190734863,3.2799999713897705,3.459999978542328,4.15500009059906,3.0799999237060547
2019-11-19,3.049999952316284,3.190000057220459,3.0,3.130000114440918,156100,0,0,0.029605313722777415,1.7784091655688357,3.41800000667572,3.7747664529954204,3.06123356035602,3.325000047683716,3.2799999713897705,3.4375000596046448,4.15500009059906,3.069999933242798
2019-11-20,3.1600000858306885,3.390000104904175,3.1600000858306885,3.180000066757202,121400,0,0,0.01597442507608826,1.8068182295388437,3.406000006198883,3.77768804399388,3.0343119684038857,3.325000047683716,3.299999952316284,3.287499964237213,4.070000052452087,3.0999999046325684
2019-11-21,3.220000028610229,3.4100000858306885,3.0299999713897705,3.049999952316284,125400,0,0,-0.040880538274165934,1.7329545277517202,3.3790000081062317,3.771407256064615,2.9865927601478486,3.2700001001358032,3.3450000286102295,3.287499964237213,4.070000052452087,3.009999990463257
2019-11-22,3.059999942779541,3.400000095367432,3.0199999809265137,3.380000114440918,143100,0,0,0.10819677615864198,1.9204546208839781,3.3765000104904175,3.7682045940940707,2.9847954268867642,3.2450000047683716,3.3550000190734863,3.247500002384186,4.070000052452087,3.059999942779541
2019-11-25,3.319999933242798,3.680000066757202,3.25,3.5899999141693115,216300,0,0,0.062130116159220705,2.0397726895580117,3.393500006198883,3.79129968194955,2.995700330448216,3.2950000762939453,3.3550000190734863,3.189999997615814,4.070000052452087,3.0799999237060547
2019-11-26,3.549999952316284,3.640000104904175,3.490000009536743,3.490000009536743,85600,0,0,-0.027855127304566296,1.9829545616179958,3.4015000104904174,3.800314927032417,3.002685093948418,3.2950000762939453,3.3550000190734863,3.1949999928474426,4.070000052452087,3.109999895095825
2019-11-27,3.5,3.5999999046325684,3.240000009536743,3.25,94600,0,0,-0.06876791085413214,1.8465909190968548,3.3865000128746034,3.784401332269782,2.988598693479425,3.2950000762939453,3.3550000190734863,3.199999988079071,4.070000052452087,3.0299999713897705
2019-11-29,3.2100000381469727,3.400000095367432,3.180000066757202,3.180000066757202,25800,0,0,-0.021538440997783903,1.8068182295388437,3.370500016212463,3.7746131255412823,2.966386906883644,3.2950000762939453,3.3550000190734863,3.25,4.070000052452087,3.069999933242798
2019-12-02,3.150000095367432,3.2699999809265137,3.009999990463257,3.0999999046325684,84200,0,0,-0.025157283158869115,1.7613635917217285,3.355000007152557,3.7754933874550964,2.934506626850018,3.340000033378601,3.3550000190734863,3.287500023841858,4.070000052452087,3.059999942779541
2019-12-03,3.0799999237060547,3.25,3.0299999713897705,3.069999933242798,69500,0,0,-0.009677410423445276,1.7443181533397236,3.3335000038146974,3.766070525078896,2.9009294825504988,3.3450000286102295,3.3550000190734863,3.287500023841858,4.070000052452087,3.069999933242798
2019-12-04,3.069999933242798,3.0999999046325684,2.9800000190734863,3.039999961853028,89800,0,0,-0.00977197786388273,1.727272714957719,3.29650000333786,3.694858418033484,2.8981415886422366,3.3300000429153442,3.3550000190734863,3.2674999833106995,4.070000052452087,3.0999999046325684
2019-12-05,3.0,3.190000057220459,3.0,3.0,88100,0,0,-0.013157882353605599,1.7045454637817123,3.2649999976158144,3.652251755237426,2.8777482399942027,3.3300000429153442,3.3550000190734863,3.290000021457672,4.070000052452087,3.140000104904175
2019-12-06,3.0199999809265137,3.220000028610229,3.0199999809265137,3.059999942779541,131000,0,0,0.019999980926513672,1.738636340545722,3.24449999332428,3.6295513178508036,2.8594486687977563,3.3300000429153442,3.3550000190734863,3.300000011920929,4.070000052452087,3.0299999713897705
2019-12-09,3.0999999046325684,3.150000095367432,2.7799999713897705,3.0199999809265137,270100,0,0,-0.01307188320294328,1.7159090893697155,3.214999997615814,3.5726664470935043,2.857333548138124,3.2100000381469727,3.2899999618530273,3.2975000143051147,4.004999995231628,3.119999885559082
2019-12-10,2.950000047683716,3.0899999141693115,2.8499999046325684,2.8499999046325684,139200,0,0,-0.05629141634689372,1.6193181364065856,3.18199999332428,3.546503449359186,2.817496537289374,3.1899999380111694,3.2899999618530273,3.340000033378601,3.90500009059906,3.180000066757202
2019-12-11,2.890000104904175,3.0899999141693115,2.869999885559082,2.950000047683716,84700,0,0,0.03508777066574664,1.676136399811704,3.1599999904632567,3.5247474115704134,2.7952525693561,3.090000033378601,3.2899999618530273,3.3325000405311584,3.8600000143051147,3.2100000381469727
2019-12-12,2.990000009536743,3.0899999141693115,2.9600000381469727,3.0,33200,0,0,0.016949136104436047,1.7045454637817121,3.142999994754791,3.504243877957922,2.78175611155166,3.024999976158142,3.2899999618530273,3.3824999928474426,3.8300000429153442,3.4200000762939453
2019-12-13,3.0299999713897705,3.0299999713897705,2.809999942779541,2.890000104904175,176500,0,0,-0.0366666316986084,1.6420455230476945,3.12150000333786,3.4892437294481686,2.7537562772275512,3.0149999856948853,3.259999990463257,3.3924999833106995,3.8300000429153442,3.539999961853028
2019-12-16,2.890000104904175,2.990000009536743,2.809999942779541,2.990000009536743,111200,0,0,0.03460204186943594,1.6988636509877106,3.1129999995231628,3.4846717606334185,2.741328238412907,3.0,3.259999990463257,3.3924999833106995,3.8300000429153442,3.509999990463257
2019-12-17,2.990000009536743,3.25,2.900000095367432,3.25,93700,0,0,0.0869565182722325,1.846590919096855,3.1235000014305117,3.498215220625138,2.7487847822358855,3.0149999856948853,3.2300000190734863,3.3949999809265137,3.8300000429153442,3.380000114440918
2019-12-18,3.259999990463257,3.440000057220459,3.0999999046325684,3.359999895095825,113300,0,0,0.0338461215679462,1.9090908598308727,3.134999990463257,3.523814939476277,2.7461850414502367,3.1100000143051147,3.2300000190734863,3.4024999737739563,3.8300000429153442,3.4800000190734863
2019-12-19,3.380000114440918,3.380000114440918,3.1600000858306885,3.220000028610229,82900,0,0,-0.041666628231130765,1.82954548071485,3.136999988555908,3.5271439038422834,2.746856073269533,3.1100000143051147,3.2300000190734863,3.4174999594688416,3.8300000429153442,3.5999999046325684
2019-12-20,3.220000028610229,3.3399999141693115,3.069999933242798,3.1700000762939453,42900,0,0,-0.015527935363983225,1.801136416744842,3.142999994754791,3.5312737512971677,2.7547262382124145,3.125,3.2300000190734863,3.4149999618530273,3.7949999570846558,3.4200000762939453
2019-12-23,3.130000114440918,3.1600000858306885,3.059999942779541,3.069999933242798,45300,0,0,-0.031545785692238204,1.7443181533397234,3.127499985694885,3.501004558579875,2.7539954128098953,3.125,3.2300000190734863,3.409999966621399,3.7949999570846558,3.3299999237060547
2019-12-24,3.049999952316284,3.1700000762939453,3.049999952316284,3.059999942779541,40000,0,0,-0.003257325954627577,1.738636340545722,3.100999987125397,3.4081441932361267,2.793855781014667,3.125,3.2300000190734863,3.3674999475479126,3.7949999570846558,3.490000009536743
2019-12-26,3.009999990463257,3.180000066757202,3.0,3.0799999237060547,44200,0,0,0.00653594160147164,1.749999966133725,3.0804999828338624,3.3297625137791655,2.8312374518885592,3.125,3.2300000190734863,3.3174999952316284,3.6999999284744263,3.4800000190734863
2019-12-27,3.059999942779541,3.119999885559082,3.0199999809265137,3.069999933242798,87300,0,0,-0.0032467502308325402,1.7443181533397234,3.0714999794960023,3.3081803513903534,2.834819607601651,3.125,3.2300000190734863,3.302500009536743,3.65500009059906,3.380000114440918
2019-12-30,3.0899999141693115,3.180000066757202,3.039999961853028,3.0999999046325684,89500,0,0,0.009771977863882952,1.7613635917217283,3.0674999713897706,3.299312171722862,2.835687771056679,3.1700000762939453,3.2300000190734863,3.3125,3.524999976158142,3.430000066757202
2019-12-31,3.0999999046325684,3.3299999237060547,3.009999990463257,3.009999990463257,184500,0,0,-0.029032231270335718,1.7102272765757138,3.062999975681305,3.295615401636365,2.8303845497262454,3.2200000286102295,3.2300000190734863,3.3075000643730164,3.524999976158142,3.3299999237060547
2020-01-02,3.039999961853028,3.180000066757202,3.0199999809265137,3.059999942779541,71500,0,0,0.016611279891927566,1.7386363405457221,3.062499976158142,3.295095844625123,2.8299041076911613,3.190000057220459,3.2300000190734863,3.300000011920929,3.4450000524520874,3.259999990463257
2020-01-03,3.069999933242798,3.1700000762939453,3.0299999713897705,3.0799999237060547,61700,0,0,0.00653594160147164,1.7499999661337253,3.0644999742507935,3.2969741115323203,2.8320258369692666,3.1699999570846558,3.2100000381469727,3.325000047683716,3.375,3.3299999237060547
2020-01-06,3.0799999237060547,3.140000104904175,3.0299999713897705,3.109999895095825,80300,0,0,0.00974025069249751,1.76704540451573,3.069999969005585,3.3012991763577477,2.838700761653422,3.1649999618530273,3.1899999380111694,3.325000047683716,3.3700000047683716,3.390000104904175
2020-01-07,3.0799999237060547,3.150000095367432,3.0299999713897705,3.0299999713897705,85600,0,0,-0.025723449004679044,1.7215909021637172,3.068499970436096,3.300434247503299,2.836565693368893,3.1649999618530273,3.1100000143051147,3.325000047683716,3.3700000047683716,3.4200000762939453
2020-01-08,3.049999952316284,3.130000114440918,3.049999952316284,3.069999933242798,56600,0,0,0.013201307666904194,1.7443181533397236,3.0709999680519102,3.301852930265319,2.8401470058385017,3.1649999618530273,3.1100000143051147,3.325000047683716,3.3700000047683716,3.680000066757202
2020-01-09,3.059999942779541,3.119999885559082,3.0199999809265137,3.059999942779541,39700,0,0,-0.003257325954627577,1.7386363405457221,3.081499969959259,3.288856150234015,2.8741437896845032,3.1699999570846558,3.1100000143051147,3.3475000262260437,3.3450000286102295,3.7300000190734863
2020-01-10,3.0899999141693115,3.0899999141693115,3.0299999713897705,3.069999933242798,25400,0,0,0.003267970800735931,1.7443181533397238,3.087499964237213,3.285947544948429,2.8890523835259967,3.1699999570846558,3.1100000143051147,3.350000023841858,3.3450000286102295,3.869999885559082
2020-01-13,3.0999999046325684,3.109999895095825,2.950000047683716,3.0999999046325684,112900,0,0,0.009771977863882952,1.7613635917217287,3.0924999594688414,3.2868293902239354,2.8981705287137474,3.1399999856948853,3.1100000143051147,3.3425000309944153,3.284999966621399,4.150000095367432
2020-01-14,3.0799999237060547,3.190000057220459,3.069999933242798,3.140000104904175,32800,0,0,0.012903290807148471,1.7840909783628378,3.1049999594688416,3.276164377937808,2.9338355409998753,3.0700000524520874,3.1100000143051147,3.3425000309944153,3.284999966621399,3.809999942779541
2020-01-15,3.1600000858306885,3.1600000858306885,3.009999990463257,3.0299999713897705,102600,0,0,-0.035031888483889495,1.7215909021637175,3.106999957561493,3.2735665958465034,2.940433319276482,3.0700000524520874,3.1100000143051147,3.3425000309944153,3.284999966621399,3.7799999713897705
2020-01-16,3.049999952316284,3.140000104904175,3.039999961853028,3.119999885559082,42800,0,0,0.029702942250534603,1.7727272173097322,3.100499951839447,3.253709576943808,2.947290326735086,3.0700000524520874,3.125,3.25,3.2799999713897705,3.7300000190734863
2020-01-17,3.0999999046325684,3.190000057220459,3.0999999046325684,3.180000066757202,38200,0,0,0.019230828012472445,1.8068182295388444,3.091499960422516,3.1954617364108384,2.9875381844341935,3.0700000524520874,3.125,3.2399999499320984,3.2799999713897705,3.509999990463257
2020-01-21,3.190000057220459,3.2100000381469727,3.180000066757202,3.2100000381469727,42300,0,0,0.009433953069178047,1.8238636679208493,3.090999960899353,3.1925264702575484,2.9894734515411576,3.0800000429153442,3.125,3.189999997615814,3.2799999713897705,3.3499999046325684
2020-01-22,3.200000047683716,3.440000057220459,3.180000066757202,3.4200000762939453,131000,0,0,0.06542057185401129,1.9431818720599858,3.103499960899353,3.2775664079210927,2.9294335138776137,3.1950000524520874,3.125,3.1574999690055847,3.2799999713897705,3.0999999046325684
2020-01-23,3.390000104904175,3.569999933242798,3.299999952316284,3.539999961853028,112000,0,0,0.035087685053246886,2.011363625588005,3.1269999623298643,3.3846094593874363,2.8693904652722924,3.259999990463257,3.1899999380111694,3.137499988079071,3.2799999713897705,3.390000104904175
2020-01-24,3.539999961853028,3.5899999141693115,3.440000057220459,3.509999990463257,46000,0,0,-0.00847456828052262,1.994318187206,3.1494999647140505,3.454568532588193,2.8444313968399078,3.2699999809265137,3.2450000047683716,3.1299999952316284,3.2799999713897705,3.2300000190734863
2020-01-27,3.5,3.5,3.359999895095825,3.380000114440918,63400,0,0,-0.03703700181639635,1.9204546208839792,3.1644999742507935,3.4837533872296627,2.8452465612719244,3.299999952316284,3.2699999809265137,3.122500002384186,3.2799999713897705,3.3399999141693115
2020-01-28,3.4100000858306885,3.5299999713897705,3.4100000858306885,3.4800000190734863,17300,0,0,0.029585769599628886,1.9772727488239952,3.184999978542328,3.529301780487696,2.84069817659696,3.299999952316284,3.2699999809265137,3.1700000166893005,3.2799999713897705,3.240000009536743
2020-01-29,3.4100000858306885,3.690000057220459,3.4100000858306885,3.5999999046325684,137600,0,0,0.03448272554637244,2.0454545023520145,3.209999978542328,3.596493976705164,2.8235059803794917,3.365000009536743,3.3200000524520874,3.1700000166893005,3.2799999713897705,3.220000028610229
2020-01-30,3.630000114440918,3.7100000381469727,3.3299999237060547,3.4200000762939453,89300,0,0,-0.04999995364083065,1.9431818720599854,3.2304999828338623,3.6158662936153183,2.8451336720524063,3.4049999713897705,3.3300000429153442,3.177500009536743,3.2799999713897705,3.039999961853028
2020-01-31,3.440000057220459,3.450000047683716,3.2699999809265137,3.3299999237060547,69500,0,0,-0.0263158335029684,1.8920454214488684,3.243999981880188,3.6233339186781897,2.864666045082186,3.4450000524520874,3.3300000429153442,3.177500009536743,3.2799999713897705,2.940000057220459
2020-02-03,3.369999885559082,3.5199999809265137,3.3399999141693115,3.490000009536743,31900,0,0,0.04804807492386365,1.9829545616179969,3.2644999861717223,3.650495376516344,2.8785045958271005,3.4450000524520874,3.3300000429153442,3.177500009536743,3.2799999713897705,2.740000009536743
2020-02-04,3.539999961853028,3.5899999141693115,3.400000095367432,3.4800000190734863,45100,0,0,-0.002865326772473087,1.9772727488239952,3.2829999923706055,3.67309211878509,2.892907865956121,3.490000009536743,3.3300000429153442,3.177500009536743,3.2799999713897705,2.619999885559082
2020-02-05,3.430000066757202,3.450000047683716,3.369999885559082,3.380000114440918,45000,0,0,-0.028735604621977107,1.920454620883979,3.3004999995231628,3.6745239465244963,2.926476052521829,3.490000009536743,3.3300000429153442,3.177500009536743,3.2799999713897705,2.809999942779541
2020-02-06,3.380000114440918,3.430000066757202,3.3299999237060547,3.430000066757202,42600,0,0,0.014792884799814443,1.948863684853987,3.318500006198883,3.680759736570473,2.9562402758272928,3.490000009536743,3.3300000429153442,3.200000047683716,3.2899999618530273,2.7799999713897705
2020-02-07,3.4200000762939453,3.430000066757202,3.309999942779541,3.3299999237060547,32000,0,0,-0.029154560088883508,1.8920454214488687,3.3320000052452086,3.6740688706926123,2.989931139797805,3.490000009536743,3.3300000429153442,3.225000023841858,3.2899999618530273,3.0299999713897705
2020-02-10,3.309999942779541,3.369999885559082,3.240000009536743,3.259999990463257,104300,0,0,-0.02102100145542729,1.8522727318908574,3.3415000081062316,3.663703678616944,3.0192963375955193,3.475000023841858,3.3300000429153442,3.2100000381469727,3.2899999618530273,2.7799999713897705
2020-02-11,3.2799999713897705,3.400000095367432,3.25,3.3299999237060547,29800,0,0,0.021472372223182212,1.8920454214488684,3.353000009059906,3.6555144696362687,3.050485548483543,3.475000023841858,3.3300000429153442,3.189999997615814,3.2899999618530273,2.75
2020-02-12,3.369999885559082,3.450000047683716,3.2799999713897705,3.390000104904175,68700,0,0,0.01801807284468171,1.9261364336779807,3.365500009059906,3.65183343288568,3.079166585234132,3.4149999618530273,3.3300000429153442,3.1774999499320984,3.2899999618530273,2.509999990463257
2020-02-13,3.369999885559082,3.440000057220459,3.369999885559082,3.4200000762939453,42700,0,0,0.008849548808677277,1.9431818720599856,3.3850000143051147,3.6264357816951853,3.143564246915044,3.4149999618530273,3.3300000429153442,3.137499988079071,3.2899999618530273,2.700000047683716
2020-02-14,3.450000047683716,3.7899999618530273,3.440000057220459,3.680000066757202,228400,0,0,0.0760233873284013,2.09090914016913,3.413000023365021,3.654904286235157,3.1710957604948846,3.5149999856948853,3.3700000047683716,3.137499988079071,3.2899999618530273,2.940000057220459
2020-02-18,3.609999895095825,3.809999942779541,3.609999895095825,3.7300000190734863,142000,0,0,0.013586943317733136,2.1193182041391383,3.440500020980835,3.6950598653358386,3.1859401766258313,3.524999976158142,3.3799999952316284,3.1399999856948853,3.2899999618530273,2.930000066757202
2020-02-19,3.7899999618530273,3.950000047683716,3.660000085830689,3.869999885559082,91800,0,0,0.03753347607766799,2.198863583255161,3.4735000133514404,3.7683772305300334,3.1786227961728475,3.5950000286102295,3.450000047683716,3.1399999856948853,3.2899999618530273,2.700000047683716
2020-02-20,3.900000095367432,4.239999771118164,3.869999885559082,4.150000095367432,320000,0,0,0.07235147754220139,2.357954612417411,3.5100000143051147,3.926556143702102,3.0934438849081274,3.7399998903274536,3.6249998807907104,3.125,3.2899999618530273,2.640000104904175
2020-02-21,4.190000057220459,4.230000019073486,3.660000085830689,3.809999942779541,180600,0,0,-0.08192774572883177,2.164772706491151,3.5235000133514403,3.9603032899821144,3.086696736720766,3.7399998903274536,3.6249998807907104,3.090000033378601,3.2899999618530273,2.470000028610229
2020-02-24,3.759999990463257,3.809999942779541,3.5999999046325684,3.7799999713897705,75900,0,0,-0.007874008357040663,2.147727268109146,3.5370000123977663,3.987916599849273,3.0860834249462594,3.744999885559082,3.6399998664855957,3.090000033378601,3.2899999618530273,2.3399999141693115
2020-02-25,3.799999952316284,3.849999904632568,3.660000085830689,3.7300000190734863,126000,0,0,-0.013227500712890472,2.1193182041391383,3.5545000076293944,4.006865958332326,3.102134056926463,3.7599998712539673,3.669999837875366,3.0975000262260437,3.2899999618530273,2.180000066757202
2020-02-26,3.7100000381469727,3.819999933242798,3.509999990463257,3.509999990463257,122400,0,0,-0.05898124061266796,1.9943181872060005,3.5560000061988832,4.007557354803712,3.104442657594055,3.804999828338623,3.709999918937683,3.0975000262260437,3.2899999618530273,1.9900000095367432
2020-02-27,3.470000028610229,3.4800000190734863,3.059999942779541,3.3499999046325684,374500,0,0,-0.04558407016108601,1.9034090470368723,3.543500006198883,4.00334876495092,3.0836512474468454,3.6499998569488525,3.6499998569488525,3.102500021457672,3.2899999618530273,1.7899999618530271
2020-02-28,3.190000057220459,3.3299999237060547,3.059999942779541,3.0999999046325684,141800,0,0,-0.07462686779611127,1.7613635917217294,3.527499997615814,4.024602551955305,3.0303974432763234,3.6499998569488525,3.6499998569488525,3.1600000262260437,3.2899999618530273,1.909999966621399
2020-03-02,3.180000066757202,3.440000057220459,3.150000095367432,3.390000104904175,187300,0,0,0.09354845457841354,1.926136433677981,3.5305000066757204,4.023460993891203,3.0375390194602376,3.6499998569488525,3.6499998569488525,3.224999964237213,3.259999990463257,1.950000047683716
2020-03-03,3.4100000858306885,3.5299999713897705,3.130000114440918,3.2300000190734863,68600,0,0,-0.04719766397624081,1.8352272935088527,3.5175000071525573,4.027650231912595,3.0073497823925193,3.6499998569488525,3.6499998569488525,3.2574999928474426,3.259999990463257,2.0799999237060547
2020-03-04,3.2699999809265137,3.400000095367432,3.220000028610229,3.3399999141693115,49000,0,0,0.03405569487500437,1.8977272342428704,3.5105000019073485,4.026388571129725,2.994611432684972,3.6449999809265137,3.6499998569488525,3.284999966621399,3.2300000190734863,2.049999952316284
2020-03-05,3.380000114440918,3.450000047683716,3.119999885559082,3.240000009536743,108700,0,0,-0.029940091976750627,1.8409091063028542,3.50349999666214,4.030086923987348,2.9769130693369323,3.4549999237060547,3.6499998569488525,3.284999966621399,3.2300000190734863,2.3499999046325684
2020-03-06,3.150000095367432,3.259999990463257,3.0999999046325684,3.220000028610229,72400,0,0,-0.006172833601125083,1.8295454807148508,3.492999994754791,4.033375889240513,2.9526241002690696,3.4549999237060547,3.6499998569488525,3.3425000309944153,3.2350000143051147,2.400000095367432
2020-03-09,3.0899999141693115,3.25,2.9600000381469727,3.039999961853028,173900,0,0,-0.055900641353376135,1.7272727149577198,3.4784999966621397,4.050579562588942,2.906420430735338,3.3899999856948853,3.5999999046325684,3.3675000071525574,3.2450000047683716,2.1600000858306885
2020-03-10,3.180000066757202,3.240000009536743,2.859999895095825,2.940000057220459,130200,0,0,-0.032894705884013886,1.6704545870177034,3.4625,4.075050556646671,2.8499494433533292,3.194999933242798,3.5499998331069946,3.387500047683716,3.2450000047683716,2.259999990463257
2020-03-11,2.8499999046325684,2.9100000858306885,2.609999895095825,2.740000009536743,157300,0,0,-0.06802722577930842,1.5568181956725686,3.4330000042915345,4.121253991427406,2.7447460171556632,3.069999933242798,3.4249998331069946,3.387500047683716,3.2450000047683716,2.390000104904175
2020-03-12,2.559999942779541,2.720000028610229,2.369999885559082,2.619999885559082,164200,0,0,-0.0437956655328442,1.4886363066794468,3.39449999332428,4.169720482685127,2.619279503963432,2.9499999284744263,3.304999828338623,3.4100000262260437,3.2450000047683716,2.4600000381469727
2020-03-13,2.759999990463257,2.8299999237060547,2.200000047683716,2.809999942779541,422600,0,0,0.07251910897695124,1.59659088523058,3.3639999866485595,4.180179911691452,2.547820061605667,2.865000009536743,3.21999990940094,3.4100000262260437,3.2450000047683716,2.430000066757202
2020-03-16,2.470000028610229,2.8499999046325684,2.240000009536743,2.7799999713897705,188200,0,0,-0.010676146619453597,1.579545446848575,3.318999981880188,4.1596717900449,2.478328173715476,2.825000047683716,3.21999990940094,3.4100000262260437,3.2450000047683716,2.4800000190734863
2020-03-17,2.759999990463257,3.25,2.7300000190734863,3.0299999713897705,184400,0,0,0.08992805847944685,1.7215909021637177,3.283999979496002,4.111350244048206,2.456649714943798,2.825000047683716,3.21999990940094,3.4100000262260437,3.2450000047683716,2.6600000858306885
2020-03-18,2.9600000381469727,2.9600000381469727,2.609999895095825,2.7799999713897705,202400,0,0,-0.08250825160415187,1.5795454468485748,3.2294999837875364,4.038465820653381,2.4205341469216917,2.7300000190734863,3.21999990940094,3.402500033378601,3.2450000047683716,2.819999933242798
2020-03-19,2.75,2.8499999046325684,2.549999952316284,2.75,97500,0,0,-0.010791356726084111,1.56250000846657,3.159499979019165,3.873488304109835,2.445511653928495,2.725000023841858,3.21999990940094,3.402500033378601,3.2450000047683716,3.0
2020-03-20,2.75,2.890000104904175,2.5,2.509999990463257,177500,0,0,-0.08727273074063391,1.4261363659454287,3.094499981403351,3.796234603111642,2.3927653596950598,2.725000023841858,3.21999990940094,3.372500002384186,3.2450000047683716,3.0
2020-03-23,2.5,2.75,2.3399999141693115,2.700000047683716,240400,0,0,0.07569723423998576,1.5340909444965618,3.040499985218048,3.686329432733082,2.394670537703014,2.725000023841858,3.21999990940094,3.372500002384186,3.2450000047683716,2.890000104904175
2020-03-24,2.759999990463257,2.990000009536743,2.759999990463257,2.940000057220459,275600,0,0,0.08888889085118179,1.670454587017703,3.0009999871253967,3.563765974899041,2.4382339993517523,2.725000023841858,3.21999990940094,3.4424999952316284,3.284999966621399,3.009999990463257
2020-03-25,2.940000057220459,2.990000009536743,2.700000047683716,2.930000066757202,250800,0,0,-0.003401357234227742,1.6647727742237015,2.971999990940094,3.4838012356377894,2.460198746242398,2.725000023841858,3.21999990940094,3.4524999856948853,3.2949999570846558,2.819999933242798
2020-03-26,3.0,3.0,2.5999999046325684,2.700000047683716,158500,0,0,-0.07849829823657328,1.5340909444965618,2.9394999980926513,3.4331987073647916,2.445801288820511,2.7450000047683716,3.21999990940094,3.5225000381469727,3.365000009536743,2.640000104904175
2020-03-27,2.650000095367432,2.8299999237060547,2.5999999046325684,2.640000104904175,107600,0,0,-0.02222220063700142,1.5000000677325522,2.916500008106232,3.421006936547414,2.4119930796650495,2.7949999570846558,3.215000033378601,3.682499885559082,3.5099998712539673,2.720000028610229
2020-03-30,2.559999942779541,2.6700000762939453,2.470000028610229,2.470000028610229,173200,0,0,-0.06439396573437495,1.403409114769422,2.8705000042915345,3.3613647230654635,2.3796352855176055,2.6699999570846558,3.024999976158142,3.682499885559082,3.5099998712539673,2.6700000762939453
2020-03-31,2.4200000762939453,2.5999999046325684,2.319999933242798,2.3399999141693115,231400,0,0,-0.05263162467008686,1.329545412982299,2.8259999990463256,3.3395286636098414,2.31247133448281,2.659999966621399,3.024999976158142,3.692499876022339,3.5099998712539673,3.2699999809265137
2020-04-01,2.299999952316284,2.3399999141693115,2.150000095367432,2.180000066757202,101900,0,0,-0.0683760056755851,1.2386364082782733,2.76800000667572,3.298158131466763,2.2378418818846773,2.575000047683716,2.9850000143051147,3.7149998545646667,3.5249998569488525,3.609999895095825
2020-04-02,2.119999885559082,2.2699999809265137,1.9800000190734863,1.9900000095367432,237700,0,0,-0.08715598688172899,1.1306818297271402,2.70550000667572,3.2908281683836758,2.1201718449677647,2.490000009536743,2.7549999952316284,3.757499873638153,3.5249998569488525,3.809999942779541
2020-04-03,2.0,2.069999933242798,1.659999966621399,1.7899999618530271,286400,0,0,-0.10050253604283876,1.0170454383820053,2.63400000333786,3.2957232945603874,1.972276712115333,2.3299999833106995,2.5949999690055847,3.6499998569488525,3.5249998569488525,3.839999914169312
2020-04-06,1.8200000524520876,2.0299999713897705,1.8200000524520876,1.909999966621399,84900,0,0,0.06703911023782738,1.085227259642576,2.5775000035762785,3.282924493044865,1.8720755141076921,2.3299999833106995,2.5949999690055847,3.6499998569488525,3.5249998569488525,3.809999942779541
2020-04-07,1.9299999475479128,2.0899999141693115,1.8600000143051147,1.950000047683716,152600,0,0,0.020942451183951327,1.107954578551134,2.5280000030994416,3.263363725592301,1.7926362806065825,2.3299999833106995,2.5949999690055847,3.6499998569488525,3.5249998569488525,3.950000047683716
2020-04-08,1.909999966621399,2.240000009536743,1.8799999952316284,2.0799999237060547,136800,0,0,0.06666660145816783,1.1818181448731548,2.494999998807907,3.2485576692808347,1.7414423283349794,2.244999945163727,2.5550000071525574,3.6499998569488525,3.569999933242798,4.130000114440918
2020-04-09,2.1600000858306885,2.1600000858306885,1.850000023841858,2.049999952316284,218300,0,0,-0.014423063697193705,1.16477270649115,2.466500002145767,3.2420281896338046,1.6909718146577295,2.165000021457672,2.5550000071525574,3.647499918937683,3.59499990940094,3.819999933242798
2020-04-13,2.130000114440918,2.430000066757202,2.0,2.3499999046325684,109300,0,0,0.14634144355823797,1.3352272257763007,2.4435000002384184,3.2038895008235335,1.6831104996533033,2.1299999356269836,2.459999978542328,3.5524998903274536,3.59499990940094,4.139999866485596
2020-04-14,2.400000095367432,2.539999961853028,2.3499999046325684,2.400000095367432,109600,0,0,0.021276677771900454,1.3636364252114117,2.4245000064373015,3.1689599528446273,1.6800400600299754,2.099999964237213,2.4549999833106995,3.5524998903274536,3.59499990940094,4.199999809265137
2020-04-15,2.319999933242798,2.369999885559082,2.119999885559082,2.1600000858306885,124500,0,0,-0.1000000000000002,1.2272727826902703,2.3810000121593475,3.0785566063637604,1.6834434179549347,2.099999964237213,2.4549999833106995,3.494999945163727,3.59499990940094,4.210000038146973
2020-04-16,2.1600000858306885,2.299999952316284,2.1600000858306885,2.259999990463257,71300,0,0,0.046296250305059905,1.2840909106302865,2.3550000131130218,3.0292574550135463,1.6807425712124973,2.099999964237213,2.4549999833106995,3.3724998831748962,3.5499998331069946,4.28000020980835
2020-04-17,2.25,2.5,2.180000066757202,2.390000104904175,42500,0,0,0.05752217477411148,1.3579546124174098,2.3370000183582307,2.9866260521651533,1.687373984551308,2.180000007152558,2.4549999833106995,3.2474998831748962,3.4249998331069946,4.5
2020-04-20,2.450000047683716,2.5999999046325684,2.299999952316284,2.4600000381469727,100600,0,0,0.029288673711419966,1.397727301975421,2.3345000207424165,2.9817992628931473,1.6872007785916856,2.224999964237213,2.4549999833106995,3.1274998784065247,3.304999828338623,4.699999809265137
2020-04-21,2.490000009536743,2.569999933242798,2.309999942779541,2.430000066757202,69800,0,0,-0.012195110131936526,1.3806818635934164,2.321000021696091,2.9479711552955994,1.6940288880965824,2.224999964237213,2.4549999833106995,3.0424999594688416,3.21999990940094,4.860000133514404
2020-04-22,2.430000066757202,2.539999961853028,2.4200000762939453,2.4800000190734863,37500,0,0,0.02057611149904548,1.4090909275634245,2.2980000197887422,2.8624413891778273,1.7335586503996574,2.224999964237213,2.4549999833106995,3.022499978542328,3.21999990940094,4.449999809265137
2020-04-23,2.4800000190734863,2.7799999713897705,2.390000104904175,2.6600000858306885,172700,0,0,0.07258067152130465,1.5113636933205559,2.284500020742416,2.797913563285806,1.7710864781990263,2.3899999856948853,2.3299999833106995,3.022499978542328,3.21999990940094,4.860000133514404
2020-04-24,2.859999895095825,2.869999885559082,2.700000047683716,2.819999933242798,81100,0,0,0.060150316635100065,1.6022726980245816,2.2905000150203705,2.825777259806797,1.7552227702339438,2.494999885559082,2.3299999833106995,2.974999964237213,3.21999990940094,4.889999866485596
2020-04-27,2.8399999141693115,3.039999961853028,2.809999942779541,3.0,128600,0,0,0.06382981241783758,1.7045454637817132,2.3085000097751616,2.9104088398274004,1.7065911797229227,2.5799999237060547,2.349999964237213,2.972499966621399,3.21999990940094,4.809999942779541
2020-04-28,3.0,3.009999990463257,2.930000066757202,3.0,71200,0,0,0.0,1.7045454637817132,2.3350000083446503,3.006462832362457,1.6635371843268434,2.600000023841858,2.349999964237213,2.972499966621399,3.21999990940094,4.960000038146973
2020-04-29,3.0,3.0,2.869999885559082,2.890000104904175,90300,0,0,-0.0366666316986084,1.6420455230476956,2.3625000178813935,3.07669787974005,1.648302156022737,2.6100000143051147,2.349999964237213,2.972499966621399,3.21999990940094,5.119999885559082
2020-04-30,2.9200000762939453,3.049999952316284,2.799999952316284,3.009999990463257,49000,0,0,0.04152245024332313,1.710227276575715,2.404000014066696,3.166331434473296,1.6416685936600963,2.674999952316284,2.3549999594688416,2.972499966621399,3.21999990940094,5.03000020980835
2020-05-01,2.9600000381469727,3.0,2.700000047683716,2.819999933242798,81400,0,0,-0.06312294279815489,1.6022726980245818,2.445500010251999,3.2034712495282998,1.6875287709756979,2.6799999475479126,2.3549999594688416,2.972499966621399,3.21999990940094,5.039999961853027
2020-05-04,2.740000009536743,2.740000009536743,2.559999942779541,2.640000104904175,60000,0,0,-0.06382972787224006,1.500000067732553,2.4880000174045565,3.186561647990563,1.7894383868185497,2.7200000286102295,2.3549999594688416,2.9824999570846558,3.21999990940094,5.130000114440918
2020-05-05,2.559999942779541,2.890000104904175,2.470000028610229,2.720000028610229,70000,0,0,0.030303000199675356,1.5454545700845654,2.528500020503998,3.1801823758846623,1.8768176651233333,2.7200000286102295,2.3549999594688416,3.0049999952316284,3.21999990940094,4.429999828338623
2020-05-06,2.7100000381469727,2.869999885559082,2.609999895095825,2.6700000762939453,33900,0,0,-0.018382335217044465,1.5170455061145576,2.564500021934509,3.161016789754675,1.9679832541143432,2.759999990463257,2.3549999594688416,2.847499966621399,3.21999990940094,4.909999847412109
2020-05-07,2.6600000858306885,3.299999952316284,2.640000104904175,3.2699999809265137,499400,0,0,0.22471905898421896,1.857954544684859,2.6240000247955324,3.2522436128803136,1.9957564367107512,2.884999990463257,2.4799999594688416,2.8424999713897705,3.21999990940094,4.849999904632568
2020-05-08,3.0899999141693115,3.630000114440918,3.009999990463257,3.609999895095825,289500,0,0,0.1039755095267545,2.0511363151460165,2.7020000219345093,3.4091341977497582,1.9948658461192603,3.0500000715255737,2.6450000405311584,2.7800000309944153,3.194999933242798,5.050000190734863
2020-05-11,3.5199999809265137,4.03000020980835,3.509999990463257,3.809999942779541,357000,0,0,0.05540167686858255,2.164772706491151,2.7750000238418577,3.612650302111848,1.9373497455718678,3.2500001192092896,2.8450000882148743,2.622500002384186,3.109999895095825,5.050000190734863
2020-05-12,3.859999895095825,3.920000076293945,3.630000114440918,3.839999914169312,135700,0,0,0.007874008357040774,2.181818144873156,2.847000014781952,3.785930477594187,1.9080695519697173,3.2500001192092896,2.9250001311302185,2.462499976158142,2.9499998688697815,4.989999771118164
2020-05-13,3.880000114440918,3.900000095367432,3.5199999809265137,3.809999942779541,207400,0,0,-0.007812492724042386,2.1647727064911506,2.9295000076293944,3.9021995782464804,1.9568004370123084,3.2500001192092896,2.9400001168251038,2.462499976158142,2.9499998688697815,5.130000114440918
2020-05-14,3.7799999713897705,4.0,3.5199999809265137,3.950000047683716,243100,0,0,0.03674543490991211,2.2443182210722754,3.0140000104904177,4.032433891854569,1.9955661291262663,3.2500001192092896,2.9400001168251038,2.462499976158142,2.9499998688697815,5.239999771118164
2020-05-15,3.9600000381469727,4.25,3.910000085830689,4.130000114440918,287900,0,0,0.04556963660361335,2.346590986829407,3.1010000109672546,4.187135620923653,2.0148644010108563,3.3600000143051147,3.050000011920929,2.399999976158142,2.9499998688697815,5.119999885559082
2020-05-18,4.119999885559082,4.260000228881836,3.75,3.819999933242798,362500,0,0,-0.07506057448138481,2.170454519285152,3.169000005722046,4.2564007264266985,2.0815992850173934,3.4350000619888306,3.130000114440918,2.3600000143051147,2.9499998688697815,5.440000057220459
2020-05-19,3.869999885559082,4.179999828338623,3.859999895095825,4.139999866485596,143200,0,0,0.08376961749607936,2.3522726641583063,3.2544999957084655,4.364946659840206,2.1440533315767247,3.4500001668930054,3.190000057220459,2.2949999570846558,2.9499998688697815,5.010000228881836
2020-05-20,4.150000095367432,4.25,4.070000171661377,4.199999809265137,142000,0,0,0.014492740269210325,2.386363540922316,3.340499985218048,4.464177803039195,2.2168221673969004,3.6350001096725464,3.190000057220459,2.2774999737739563,2.9499998688697815,4.050000190734863
2020-05-21,4.239999771118164,4.360000133514404,4.150000095367432,4.210000038146973,109000,0,0,0.0023810069847565174,2.3920454891814202,3.4179999828338623,4.5571203811429815,2.278879584524743,3.9350000619888306,3.2600001096725464,2.2774999737739563,2.9499998688697815,3.809999942779541
2020-05-22,4.179999828338623,4.329999923706055,4.170000076293945,4.28000020980835,92700,0,0,0.016627119008812974,2.4318183142045338,3.49099999666214,4.654605555877505,2.3273944374467748,3.940000057220459,3.2700001001358032,2.2774999737739563,2.9499998688697815,4.059999942779541
2020-05-26,4.28000020980835,4.579999923706055,4.199999809265137,4.5,206700,0,0,0.051401817618486056,2.5568181956725695,3.56599999666214,4.78597245730406,2.3460275360202205,4.049999952316284,3.4399999380111694,2.3174999952316284,2.9499998688697815,3.680000066757202
2020-05-27,4.550000190734863,4.699999809265137,4.329999923706055,4.699999809265137,144100,0,0,0.0444444020589192,2.6704544515526014,3.6509999871253966,4.937215561184781,2.364784413066012,4.109999895095825,3.504999876022339,2.3399999737739563,2.9499998688697815,3.859999895095825
2020-05-28,4.710000038146973,4.960000038146973,4.699999809265137,4.860000133514404,242500,0,0,0.03404262356220911,2.7613637271868323,3.7494999885559084,5.0887389870547155,2.4102609900571013,4.355000019073486,3.6750000715255737,2.3399999737739563,2.9499998688697815,3.619999885559082
2020-05-29,4.860000133514404,4.96999979019165,4.360000133514404,4.449999809265137,238400,0,0,-0.08436220431804486,2.528408996237459,3.8214999794960023,5.148618318109848,2.494381640882157,4.359999895095825,3.6799999475479126,2.3399999737739563,2.9499998688697815,3.390000104904175
2020-06-01,4.360000133514404,4.960000038146973,4.360000133514404,4.860000133514404,164000,0,0,0.09213490827474313,2.7613637271868328,3.9234999895095823,5.240478652268357,2.6065213267508076,4.414999842643738,3.71999990940094,2.3599999845027924,2.9499998688697815,3.289999961853028
2020-06-02,4.920000076293945,5.090000152587891,4.730000019073486,4.889999866485596,216700,0,0,0.006172784392394215,2.778409030103735,4.035999977588654,5.276581280118642,2.7954186750586656,4.580000162124634,3.78000009059906,2.4124999344348907,2.9499998688697815,3.2100000381469727
2020-06-03,4.980000019073486,4.980000019073486,4.769999980926514,4.809999942779541,175200,0,0,-0.016359903045058743,2.732954527751722,4.1404999732971195,5.2655984596843775,3.0154014869098615,4.620000123977661,3.78000009059906,2.464999943971634,2.9499998688697815,3.380000114440918
2020-06-04,4.809999942779541,4.980000019073486,4.710000038146973,4.960000038146973,190300,0,0,0.031185051382921936,2.818181855126849,4.25499997138977,5.209677693007152,3.300322249772388,4.630000114440918,3.78000009059906,2.4749999940395355,2.9499998688697815,3.430000066757202
2020-06-05,5.0,5.139999866485596,4.849999904632568,5.119999885559082,165500,0,0,0.032258033504347416,2.909090859830875,4.347499966621399,5.259598531828997,3.4354014014138,4.669999837875366,3.8049999475479126,2.479999989271164,2.9499998688697815,3.369999885559082
2020-06-08,5.119999885559082,5.269999980926514,5.0,5.03000020980835,171700,0,0,-0.017578062062965194,2.857954680149963,4.418499982357025,5.3105471160737965,3.5264528486402527,4.799999952316284,3.8700000047683716,2.514999955892563,2.9499998688697815,3.4600000381469727
2020-06-09,5.039999961853027,5.139999866485596,4.840000152587891,5.039999961853027,202900,0,0,0.0019880221923607166,2.863636357478862,4.4799999833107,5.365260656984629,3.594739309636771,4.815000057220459,3.8700000047683716,2.517499953508377,2.9499998688697815,3.259999990463257
2020-06-10,4.96999979019165,5.25,4.800000190734863,5.130000114440918,219100,0,0,0.01785717326767622,2.9147728080899795,4.54449999332428,5.4216952627801795,3.6673047238683805,4.815000057220459,3.8700000047683716,2.5374999940395355,2.9499998688697815,3.309999942779541
2020-06-11,5.010000228881836,5.130000114440918,4.380000114440918,4.429999828338623,239200,0,0,-0.13645229444182638,2.5170453706494564,4.5754999876022335,5.387384805772127,3.7636151694323394,4.815000057220459,3.9399999380111694,2.5374999940395355,2.9449999928474426,3.430000066757202
2020-06-12,4.639999866485596,4.940000057220459,4.599999904632568,4.909999847412109,124700,0,0,0.10835215297367173,2.789772655691739,4.623499977588653,5.393796294456684,3.853203660720623,4.825000047683716,3.9550000429153442,2.557499974966049,2.7549999356269836,3.3299999237060547
2020-06-15,4.789999961853027,5.179999828338623,4.78000020980835,4.849999904632568,182400,0,0,-0.012219947992699987,2.755681778927729,4.659499967098236,5.40061182362464,3.918388110571833,4.825000047683716,4.139999985694885,2.682499974966049,2.7549999356269836,3.25
2020-06-16,5.059999942779541,5.230000019073486,4.900000095367432,5.050000190734863,134900,0,0,0.041237173203088284,2.8693183057379663,4.72099997997284,5.370837650420848,4.071162309524832,4.825000047683716,4.389999985694885,2.847500056028366,2.7399999499320984,3.2100000381469727
2020-06-17,5.039999961853027,5.25,5.03000020980835,5.050000190734863,108500,0,0,0.0,2.8693183057379663,4.766499996185303,5.372760046065679,4.160239946304927,4.825000047683716,4.394999980926514,3.047500103712082,2.8450000882148743,3.1700000762939453
2020-06-18,5.019999980926514,5.199999809265137,4.920000076293945,4.989999771118164,95800,0,0,-0.011881270762480578,2.8352271580437516,4.805999994277954,5.3595833947865685,4.25241659376934,4.825000047683716,4.394999980926514,3.087500125169754,2.8450000882148743,3.450000047683716
2020-06-19,5.019999980926514,5.190000057220459,4.960000038146973,5.130000114440918,139600,0,0,0.028056182313487943,2.9147728080899795,4.851999998092651,5.349294733430685,4.354705262754618,4.815000057220459,4.394999980926514,3.0950001180171967,2.8450000882148743,3.289999961853028
2020-06-22,5.159999847412109,5.25,5.059999942779541,5.239999771118164,147800,0,0,0.021442427723850965,2.977272613358895,4.899999976158142,5.349744832815567,4.450255119500717,4.815000057220459,4.509999990463257,3.0950001180171967,2.8450000882148743,3.3499999046325684
2020-06-23,5.25,5.289999961853027,5.0,5.119999885559082,199500,0,0,-0.022900742519207262,2.9090908598308753,4.930999970436096,5.350308933342332,4.511691007529859,4.835000038146973,4.519999980926514,3.205000013113022,2.9549999833106995,3.299999952316284
2020-06-24,5.150000095367432,5.480000019073486,5.059999942779541,5.440000057220459,352000,0,0,0.06250003492459744,3.090909140169132,4.967999982833862,5.428302574840392,4.507697390827333,5.039999961853027,4.669999957084656,3.2825000882148743,2.9600000977516174,3.380000114440918
2020-06-25,5.480000019073486,5.699999809265137,4.909999847412109,5.010000228881836,422100,0,0,-0.0790440852602361,2.8465910545619604,4.975499987602234,5.4333748042616055,4.517625170942862,5.240000009536743,4.884999990463257,3.320000112056732,2.9600000977516174,3.539999961853028
2020-06-26,5.050000190734863,5.099999904632568,4.019999980926514,4.050000190734863,3616500,0,0,-0.19161676532722072,2.3011364844773956,4.95550000667572,5.525923087934787,4.385076925416653,4.859999895095825,4.859999895095825,3.4125000834465027,2.9600000977516174,3.400000095367432
2020-06-29,4.340000152587891,4.389999866485596,3.680000066757202,3.809999942779541,661500,0,0,-0.05925931769197634,2.164772706491152,4.902999997138977,5.663065666030285,4.142934328247669,4.689999938011169,4.689999938011169,3.5975000858306885,3.0100000500679016,3.619999885559082
2020-06-30,3.849999904632568,4.130000114440918,3.680000066757202,4.059999942779541,278200,0,0,0.06561679888572791,2.306818161806295,4.861500000953674,5.70671417558249,4.016285826324858,4.689999938011169,4.689999938011169,3.605000078678131,3.0100000500679016,4.079999923706055
2020-07-01,4.03000020980835,4.099999904632568,3.509999990463257,3.680000066757202,284100,0,0,-0.09359602989604598,2.090909140169131,4.805000007152557,5.796557749302474,3.8134422650026405,4.604999899864197,4.604999899864197,3.744999945163727,3.119999945163727,3.609999895095825
2020-07-02,3.680000066757202,3.940000057220459,3.680000066757202,3.859999895095825,167800,0,0,0.048912995943839244,2.19318177046116,4.75,5.8208207054348575,3.6791792945651425,4.604999899864197,4.604999899864197,3.807499885559082,3.179999887943268,3.190000057220459
2020-07-06,3.880000114440918,3.920000076293945,3.470000028610229,3.619999885559082,265600,0,0,-0.0621761699635448,2.056818127940019,4.675,5.838789816425105,3.511210183574895,4.584999918937683,4.584999918937683,4.01500004529953,3.310000002384186,2.990000009536743
2020-07-07,3.5799999237060547,3.680000066757202,3.3399999141693115,3.390000104904175,146600,0,0,-0.06353585301823439,1.9261364336779818,4.592999994754791,5.87190405431062,3.3140959351989627,4.519999861717224,4.519999861717224,4.019999921321869,3.3149998784065247,2.9200000762939453
2020-07-08,3.450000047683716,3.450000047683716,3.140000104904175,3.289999961853028,256300,0,0,-0.029498566358886258,1.8693181702728634,4.505499994754791,5.886628223867786,3.124371765641796,4.419999957084656,4.419999957084656,4.067499876022339,3.3149998784065247,3.0199999809265137
2020-07-09,3.3399999141693115,3.3399999141693115,3.150000095367432,3.2100000381469727,159100,0,0,-0.02431608651478423,1.8238636679208502,4.409499990940094,5.869202805995789,2.949797175884399,4.120000004768372,4.419999957084656,4.180000126361847,3.3750000596046448,2.569999933242798
2020-07-10,3.2100000381469727,3.440000057220459,3.150000095367432,3.380000114440918,210100,0,0,0.05295952469585652,1.92045462088398,4.357000005245209,5.884676740502661,2.8293232699877575,3.7649999856948853,4.419999957084656,4.200000107288361,3.3750000596046448,2.3399999141693115
2020-07-13,3.549999952316284,3.690000057220459,3.309999942779541,3.430000066757202,249100,0,0,0.014792884799814443,1.948863684853988,4.283000016212464,5.839781424298674,2.7262186081262536,3.6350001096725464,4.419999957084656,4.205000102519989,3.3750000596046448,2.2799999713897705
2020-07-14,3.450000047683716,3.640000104904175,3.299999952316284,3.369999885559082,161800,0,0,-0.01749276385724552,1.9147726726248757,4.209000015258789,5.7917071329336824,2.6262928975838964,3.6200000047683716,4.419999957084656,4.237499892711639,3.3999999165534973,2.240000009536743
2020-07-15,3.400000095367432,3.5,3.3399999141693115,3.4600000381469727,134300,0,0,0.026706277639223064,1.9659091232359929,4.129500007629394,5.694692555590514,2.5643074596682744,3.540000081062317,4.419999957084656,4.334999978542328,3.4649999737739563,2.1700000762939453
2020-07-16,3.400000095367432,3.450000047683716,3.2300000190734863,3.259999990463257,127000,0,0,-0.05780348135222202,1.852272731890858,4.039999997615814,5.588863452262103,2.4911365429695245,3.53000009059906,4.419999957084656,4.342500030994415,3.4649999737739563,2.140000104904175
2020-07-17,3.3399999141693115,3.359999895095825,3.1700000762939453,3.309999942779541,128300,0,0,0.015337408730844437,1.880681795860866,3.956000006198883,5.471162011453969,2.4408380009437973,3.415000081062317,4.419999957084656,4.342500030994415,3.4649999737739563,2.2799999713897705
2020-07-20,3.3499999046325684,3.470000028610229,3.2699999809265137,3.430000066757202,225800,0,0,0.036253814517257066,1.9488636848539878,3.8710000038146974,5.30060398153155,2.441396026097845,3.415000081062317,4.419999957084656,4.377499997615814,3.4649999737739563,2.25
2020-07-21,3.4800000190734863,3.569999933242798,3.289999961853028,3.3299999237060547,128600,0,0,-0.029154560088883508,1.8920454214488693,3.775500011444092,5.074395197959119,2.4766048249290646,3.4200000762939453,4.419999957084656,4.39000004529953,3.4649999737739563,2.2699999809265137
2020-07-22,3.3499999046325684,3.450000047683716,3.25,3.25,121200,0,0,-0.024024001663345507,1.8465909190968564,3.682000017166138,4.84049806101211,2.5235019733201653,3.4200000762939453,4.419999957084656,4.4825000166893005,3.4649999737739563,2.2699999809265137
2020-07-23,3.289999961853028,3.319999933242798,3.200000047683716,3.2100000381469727,97300,0,0,-0.012307680570162294,1.8238636679208498,3.5705000162124634,4.41430648319974,2.726693549225187,3.430000066757202,4.419999957084656,4.6075000166893005,3.4649999737739563,2.299999952316284
2020-07-24,3.2100000381469727,3.259999990463257,3.0999999046325684,3.1700000762939453,77300,0,0,-0.012461047158154548,1.8011364167448434,3.478500008583069,4.018171049320886,2.9388289678452524,3.3700000047683716,4.3999998569488525,4.610000014305115,3.4649999737739563,2.319999933242798
2020-07-27,3.2300000190734863,3.450000047683716,3.2300000190734863,3.450000047683716,131500,0,0,0.08832806455863529,1.960227310441991,3.4485000014305114,3.9193843257359817,2.977615677125041,3.334999918937683,4.3999998569488525,4.610000014305115,3.5450000166893005,2.3499999046325684
2020-07-28,3.5,3.5799999237060547,3.200000047683716,3.289999961853028,220400,0,0,-0.04637683583167196,1.869318170272863,3.4225000023841856,3.8670844551727366,2.9779155495956346,3.3399999141693115,4.3999998569488525,4.605000019073486,3.560000002384186,2.5299999713897705
2020-07-29,3.319999933242798,3.380000114440918,3.2100000381469727,3.3499999046325684,79100,0,0,0.018237064886087895,1.9034090470368723,3.3870000004768372,3.7208425686020754,3.053157432351599,3.3399999141693115,4.3999998569488525,4.662500023841858,3.560000002384186,2.5799999237060547
2020-07-30,3.299999952316284,3.3399999141693115,3.220000028610229,3.299999952316284,66500,0,0,-0.014925359325276832,1.8749999830668642,3.367999994754791,3.674860962058255,3.0611390274513273,3.3399999141693115,4.3999998569488525,4.677500009536743,3.5699999928474426,2.3399999141693115
2020-07-31,3.3399999141693115,3.4100000858306885,3.2100000381469727,3.380000114440918,120800,0,0,0.02424247372139554,1.9204546208839797,3.344000005722046,3.55117330414883,3.1368267072952616,3.3399999141693115,4.3999998569488525,4.8549999594688416,3.740000009536743,2.309999942779541
2020-08-03,3.430000066757202,3.700000047683716,3.380000114440918,3.539999961853028,135300,0,0,0.047337231359406484,2.011363625588006,3.3400000095367433,3.527673690378728,3.1523263286947585,3.399999976158142,4.099999904632568,5.0625,3.9099998474121094,2.4200000762939453
2020-08-04,3.539999961853028,3.740000009536743,3.3399999141693115,3.400000095367432,165000,0,0,-0.03954798530910497,1.9318182464719835,3.340500009059906,3.528762613181515,3.1522374049382975,3.4199999570846558,3.744999885559082,4.859999895095825,3.9099998474121094,2.690000057220459
2020-08-05,3.440000057220459,3.630000114440918,3.400000095367432,3.619999885559082,98500,0,0,0.06470581882965365,2.056818127940019,3.357000005245209,3.579758463085186,3.1342415474052316,3.4199999570846558,3.615000009536743,4.689999938011169,3.9299999475479126,2.5299999713897705
2020-08-06,3.5999999046325684,4.110000133514404,3.5999999046325684,4.079999923706055,290300,0,0,0.12707183775944486,2.318181787394298,3.400499999523163,3.779037499765738,3.021962499280588,3.65500009059906,3.6050000190734863,4.689999938011169,3.9399999380111694,2.400000095367432
2020-08-07,4.0,4.0,3.5799999237060547,3.609999895095825,243400,0,0,-0.11519608759779254,2.051136315146017,3.411999988555908,3.801287822271422,3.022712154840394,3.65500009059906,3.6050000190734863,4.604999899864197,3.9999998807907104,2.470000028610229
2020-08-10,3.670000076293945,3.670000076293945,3.109999895095825,3.190000057220459,303100,0,0,-0.1163434487757008,1.8125000423328466,3.3999999880790712,3.8010759181055844,2.998924058052558,3.6100000143051147,3.6050000190734863,4.604999899864197,4.004999876022339,2.7100000381469727
2020-08-11,3.1700000762939453,3.1700000762939453,2.9800000190734863,2.990000009536743,219200,0,0,-0.06269593858815847,1.6988636509877117,3.3809999942779543,3.820554507163313,2.9414454813925954,3.5450000762939453,3.5450000762939453,4.584999918937683,4.044999957084656,2.690000057220459
2020-08-12,3.0,3.039999961853028,2.8399999141693115,2.9200000762939453,206300,0,0,-0.023411348835963186,1.6590909614297005,3.3539999961853026,3.835630430884872,2.8723695614857334,3.475000023841858,3.475000023841858,4.519999861717224,4.044999957084656,2.900000095367432
2020-08-13,2.900000095367432,3.039999961853028,2.8499999046325684,3.0199999809265137,111700,0,0,0.03424654178759057,1.7159090893697164,3.3419999957084654,3.844149848320848,2.8398501430960827,3.475000023841858,3.475000023841858,4.419999957084656,4.084999918937683,2.4100000858306885
2020-08-14,3.009999990463257,3.039999961853028,2.3399999141693115,2.569999933242798,2299200,0,0,-0.149006639246951,1.460227242709439,3.3049999952316282,3.910733595608306,2.6992663948549507,3.225000023841858,3.225000023841858,4.269999980926514,4.084999918937683,2.430000066757202
2020-08-17,2.470000028610229,2.5,2.2699999809265137,2.3399999141693115,605300,0,0,-0.08949417317037622,1.3295454129822994,3.250499987602234,3.985365169591885,2.515634805612583,3.190000057220459,3.190000057220459,4.0924999713897705,4.084999918937683,2.380000114440918
2020-08-18,2.25,2.319999933242798,2.200000047683716,2.2799999713897705,285300,0,0,-0.025641002128344415,1.2954545362182897,3.1979999899864198,4.045372111606044,2.3506278683667956,3.15500009059906,3.15500009059906,4.027500033378601,4.084999918937683,2.440000057220459
2020-08-19,2.289999961853028,2.3499999046325684,2.150000095367432,2.240000009536743,308700,0,0,-0.017543843138140613,1.2727272850422833,3.147499990463257,4.09235041809339,2.202649562833124,3.075000047683716,3.130000114440918,4.019999980926514,4.084999918937683,2.4800000190734863
2020-08-20,2.240000009536743,2.2699999809265137,2.1600000858306885,2.1700000762939453,145300,0,0,-0.031249970064631705,1.232954595484272,3.0954999923706055,4.131941690047666,2.0590582946935445,2.9100000858306885,3.130000114440918,3.9800000190734863,4.084999918937683,2.650000095367432
2020-08-21,2.1700000762939453,2.190000057220459,2.009999990463257,2.140000104904175,377800,0,0,-0.013824871122127491,1.215909157102267,3.043999993801117,4.160673178194717,1.9273268094075167,2.590000033378601,3.0600000619888306,3.975000023841858,4.084999918937683,2.809999942779541
2020-08-24,2.1700000762939453,2.319999933242798,2.0299999713897705,2.2799999713897705,358300,0,0,0.0654204951508004,1.2954545362182897,2.98549998998642,4.133458709382518,1.8375412705903218,2.524999976158142,3.0600000619888306,3.9175000190734863,4.084999918937683,2.700000047683716
2020-08-25,2.2699999809265137,2.390000104904175,2.150000095367432,2.25,441900,0,0,-0.013157882353605488,1.2784090978362848,2.9334999918937683,4.115660820915334,1.7513391628722028,2.524999976158142,3.0600000619888306,3.9175000190734863,4.154999852180481,2.7799999713897705
2020-08-26,2.289999961853028,2.309999942779541,2.2699999809265137,2.2699999809265137,108600,0,0,0.008888880411783928,1.2897727234242882,2.8794999957084655,4.079353577973035,1.679646413443896,2.524999976158142,3.0600000619888306,3.9200000166893005,4.169999957084656,2.720000028610229
2020-08-27,2.259999990463257,2.299999952316284,2.2100000381469727,2.2699999809265137,288000,0,0,0.0,1.2897727234242882,2.827999997138977,4.039727571596712,1.6162724226812413,2.2549999952316284,3.0600000619888306,3.9200000166893005,4.354999899864197,2.680000066757202
2020-08-28,2.299999952316284,2.3399999141693115,2.25,2.299999952316284,157000,0,0,0.013215846538256804,1.306818161806293,2.7739999890327454,3.97867888952209,1.5693210885434008,2.200000047683716,3.0600000619888306,3.925000011920929,4.419999957084656,2.720000028610229
2020-08-31,2.299999952316284,2.369999885559082,2.2100000381469727,2.319999933242798,190100,0,0,0.008695644061371466,1.3181817873942963,2.7129999876022337,3.8788657300207805,1.547134245183687,2.200000047683716,3.0600000619888306,3.884999930858612,4.3999998569488525,2.720000028610229
2020-09-01,2.309999942779541,2.380000114440918,2.2699999809265137,2.3499999046325684,161100,0,0,0.012931022522848945,1.3352272257763012,2.6604999780654905,3.791566887603855,1.529433068527126,2.200000047683716,3.0600000619888306,3.867499887943268,4.3999998569488525,2.700000047683716
2020-09-02,2.3299999237060547,2.5999999046325684,2.309999942779541,2.5299999713897705,348700,0,0,0.0765957761965721,1.4374999915334326,2.6059999823570252,3.6474417214808135,1.564558243233237,2.3049999475479126,3.0600000619888306,3.869999885559082,4.3999998569488525,2.900000095367432
2020-09-03,2.5299999713897705,2.640000104904175,2.450000047683716,2.5799999237060547,380800,0,0,0.01976282722596956,1.4659090555034404,2.530999982357025,3.320112825322737,1.741887139391313,2.3350000381469727,3.0600000619888306,3.869999885559082,4.3999998569488525,2.890000104904175
2020-09-04,2.5799999237060547,2.630000114440918,2.309999942779541,2.3399999141693115,297300,0,0,-0.09302326226118407,1.3295454129822992,2.4674999833106996,3.0826197698698996,1.8523801967514997,2.3950001001358032,3.0600000619888306,3.869999885559082,4.3999998569488525,2.799999952316284
2020-09-08,2.3399999141693115,2.3499999046325684,2.220000028610229,2.309999942779541,97600,0,0,-0.012820501064172207,1.3124999746002943,2.4234999775886537,2.9431296034100116,1.9038703517672957,2.4250000715255737,3.0600000619888306,3.869999885559082,4.3999998569488525,2.8299999237060547
2020-09-09,2.3299999237060547,2.450000047683716,2.3299999237060547,2.4200000762939453,180200,0,0,0.047619106597052596,1.3750000507994147,2.3949999809265137,2.8442724476348795,1.9457275142181478,2.4250000715255737,3.0600000619888306,3.7499999403953552,4.3999998569488525,2.9800000190734863
2020-09-10,2.430000066757202,3.0,2.4200000762939453,2.690000057220459,591900,0,0,0.11157023653486786,1.5284091317025608,2.3834999799728394,2.7874529626498084,1.9795469972958704,2.6050000190734863,3.0600000619888306,3.582499921321869,4.3999998569488525,2.859999895095825
2020-09-11,2.690000057220459,2.8499999046325684,2.4200000762939453,2.5299999713897705,191400,0,0,-0.05947958454544211,1.4374999915334326,2.3589999794960024,2.647403674626975,2.07059628436503,2.6050000190734863,3.0600000619888306,3.5174999833106995,4.3999998569488525,2.8399999141693115
2020-09-14,2.539999961853028,2.539999961853028,2.369999885559082,2.400000095367432,135900,0,0,-0.051383350787520876,1.363636425211412,2.350499987602234,2.622938488823987,2.0780614863804807,2.6100000143051147,3.0049999952316284,3.630000054836273,4.3999998569488525,2.7799999713897705
2020-09-15,2.390000104904175,2.549999952316284,2.380000114440918,2.470000028610229,114000,0,0,0.029166637692187303,1.4034091147694225,2.35699999332428,2.6343389791409857,2.079661007507574,2.6100000143051147,2.840000033378601,3.630000054836273,4.3999998569488525,2.890000104904175
2020-09-16,2.470000028610229,3.0799999237060547,2.450000047683716,2.7100000381469727,668400,0,0,0.09716599463838138,1.5397727572905637,2.37849999666214,2.6932118064839905,2.0637881868402896,2.649999976158142,2.590000033378601,3.6075000166893005,4.3999998569488525,2.890000104904175
2020-09-17,2.7699999809265137,2.869999885559082,2.5999999046325684,2.690000057220459,177900,0,0,-0.00738006665866664,1.5284091317025605,2.4009999990463258,2.7367630304568564,2.065236967635795,2.649999976158142,2.5449999570846558,3.5450000762939453,4.3399999141693115,2.9600000381469727
2020-09-18,2.75,3.0299999713897705,2.609999895095825,2.900000095367432,368800,0,0,0.07806692701856788,1.647727335841697,2.4375,2.820782989105587,2.054217010894413,2.649999976158142,2.5449999570846558,3.475000023841858,4.269999861717224,2.759999990463257
2020-09-21,2.880000114440918,2.880000114440918,2.400000095367432,2.4100000858306885,303500,0,0,-0.16896551497342627,1.369318238005413,2.4509999990463256,2.809366786793537,2.0926332112991144,2.7049999237060547,2.5449999570846558,3.475000023841858,4.269999861717224,2.789999961853028
2020-09-22,2.4200000762939453,2.509999990463257,2.319999933242798,2.430000066757202,149700,0,0,0.008298746976857396,1.3806818635934162,2.4585000038146974,2.8083231473938572,2.1086768602355375,2.6999999284744263,2.5449999570846558,3.225000023841858,4.019999861717224,2.619999885559082
2020-09-23,2.400000095367432,2.5,2.3499999046325684,2.380000114440918,94600,0,0,-0.02057611149904548,1.352272799623408,2.4650000095367433,2.8036173278786487,2.126382691194838,2.6999999284744263,2.5449999570846558,3.190000057220459,3.984999895095825,2.7300000190734863
2020-09-24,2.369999885559082,2.569999933242798,2.3499999046325684,2.440000057220459,190600,0,0,0.0252100587791928,1.3863636763874179,2.4735000133514404,2.800314387538801,2.14668563916408,2.6999999284744263,2.5449999570846558,3.15500009059906,3.9499999284744263,2.5899999141693115
2020-09-25,2.430000066757202,2.5899999141693115,2.380000114440918,2.4800000190734863,179100,0,0,0.01639342660450316,1.4090909275634242,2.484000015258789,2.797045101539459,2.170954928978119,2.6999999284744263,2.5449999570846558,3.102500081062317,3.924999952316284,2.720000028610229
2020-09-28,2.5299999713897705,2.700000047683716,2.4800000190734863,2.650000095367432,145700,0,0,0.06854841733326156,1.5056818805265544,2.5015000224113466,2.8105065296499294,2.192493515172764,2.6999999284744263,2.5449999570846558,3.0200001001358032,3.924999952316284,2.819999933242798
2020-09-29,2.650000095367432,2.8299999237060547,2.630000114440918,2.809999942779541,128800,0,0,0.06037729873738895,1.5965908852305797,2.5260000228881836,2.851023054777384,2.200976990998983,2.674999952316284,2.5549999475479126,2.825000047683716,3.8549998998641968,2.8299999237060547
2020-09-30,2.8399999141693115,2.8399999141693115,2.650000095367432,2.700000047683716,77900,0,0,-0.039145870937996374,1.534090944496562,2.543500030040741,2.8663932328440174,2.2206068272374644,2.674999952316284,2.615000009536743,2.7925000190734863,3.8549998998641968,2.8399999141693115
2020-10-01,2.680000066757202,2.809999942779541,2.619999885559082,2.7799999713897705,87100,0,0,0.029629600849335302,1.579545446848575,2.556000030040741,2.8949694026098345,2.2170306574716476,2.600000023841858,2.6449999809265137,2.7925000190734863,3.8549998998641968,2.859999895095825
2020-10-02,2.690000057220459,2.8299999237060547,2.619999885559082,2.720000028610229,98200,0,0,-0.021582713452168334,1.545454570084565,2.56300003528595,2.909444428288943,2.2165556422829567,2.5799999237060547,2.6449999809265137,2.7925000190734863,3.8549998998641968,2.9800000190734863
2020-10-05,2.759999990463257,2.799999952316284,2.630000114440918,2.680000066757202,86600,0,0,-0.014705868173635506,1.5227273189085588,2.5800000429153442,2.9140182208217005,2.245981865008988,2.59499990940094,2.6449999809265137,2.6575000286102295,3.8549998998641968,3.049999952316284
2020-10-06,2.690000057220459,2.75,2.630000114440918,2.720000028610229,115600,0,0,0.014925358528601329,1.545454570084565,2.6005000472068787,2.9152889117554266,2.2857111826583307,2.59499990940094,2.6449999809265137,2.630000054836273,3.8549998998641968,3.059999942779541
2020-10-07,2.720000028610229,2.789999961853028,2.6700000762939453,2.720000028610229,84500,0,0,0.0,1.545454570084565,2.615500044822693,2.9228794695690863,2.3081206200763,2.6100000143051147,2.649999976158142,2.630000054836273,3.8549998998641968,2.970000028610229
2020-10-08,2.759999990463257,2.799999952316284,2.640000104904175,2.700000047683716,115700,0,0,-0.007352934086817697,1.534090944496562,2.6160000443458555,2.923900321707544,2.308099766984167,2.659999966621399,2.649999976158142,2.630000054836273,3.8549998998641968,2.950000047683716
2020-10-09,2.690000057220459,2.940000057220459,2.6700000762939453,2.900000095367432,169500,0,0,0.07407409042651425,1.647727335841697,2.6345000505447387,2.9634848482011065,2.305515252888371,2.7799999713897705,2.649999976158142,2.6825000047683716,3.8549998998641968,2.9800000190734863
2020-10-12,2.900000095367432,2.9200000762939453,2.789999961853028,2.890000104904175,99700,0,0,-0.0034482724601394565,1.6420455230476951,2.659000051021576,2.987457433209734,2.3305426688334183,2.7799999713897705,2.649999976158142,2.6975000500679016,3.8549998998641968,2.7100000381469727
2020-10-13,2.890000104904175,2.9100000858306885,2.799999952316284,2.799999952316284,65100,0,0,-0.031141920180267513,1.5909090724365782,2.675500047206879,2.9973395136102634,2.3536605808034943,2.7799999713897705,2.649999976158142,2.727500081062317,3.8549998998641968,2.7100000381469727
2020-10-14,2.8399999141693115,2.859999895095825,2.799999952316284,2.8299999237060547,84700,0,0,0.01071427567880967,1.607954510818583,2.6815000414848327,3.0101650923574175,2.352834990612248,2.7799999713897705,2.6999999284744263,2.742500066757202,3.8549998998641968,2.7300000190734863
2020-10-15,2.799999952316284,3.0,2.7699999809265137,2.9800000190734863,168800,0,0,0.05300356869656642,1.6931818381937098,2.696000039577484,3.049795793134138,2.3422042860208303,2.815000057220459,2.6999999284744263,2.742500066757202,3.5549999475479126,2.7699999809265137
2020-10-16,2.950000047683716,3.0999999046325684,2.7799999713897705,2.859999895095825,135300,0,0,-0.040268497721342444,1.624999949200588,2.6940000295639037,3.0435411811872473,2.34445887794056,2.865000009536743,2.709999918937683,2.8325000405311584,3.1999999284744263,2.789999961853028
2020-10-19,2.890000104904175,2.9800000190734863,2.809999942779541,2.8399999141693115,59300,0,0,-0.006993000580457598,1.6136363236125848,2.715500020980835,3.0446076823426678,2.386392359619002,2.8700000047683716,2.709999918937683,2.8325000405311584,3.0700000524520874,3.0
2020-10-20,2.869999885559082,2.900000095367432,2.7300000190734863,2.7799999713897705,57200,0,0,-0.021126741053825282,1.579545446848575,2.7330000162124635,3.0353807218098603,2.4306193106150666,2.8700000047683716,2.709999918937683,2.8075000047683716,3.0600000619888306,2.869999885559082
2020-10-21,2.789999961853028,2.9800000190734863,2.7799999713897705,2.890000104904175,71200,0,0,0.039568393757721365,1.6420455230476954,2.7585000157356263,3.0204041527279477,2.496595878743305,2.884999990463257,2.709999918937683,2.725000023841858,3.0600000619888306,2.809999942779541
2020-10-22,2.930000066757202,3.039999961853028,2.789999961853028,2.890000104904175,109300,0,0,0.0,1.6420455230476954,2.781000018119812,3.0035587159792785,2.5584413202603455,2.9149999618530273,2.709999918937683,2.6200000047683716,3.0600000619888306,2.930000066757202
2020-10-23,2.900000095367432,3.049999952316284,2.900000095367432,2.9600000381469727,91600,0,0,0.024221429308605158,1.6818182126057066,2.8050000190734865,2.9930503768442804,2.6169496613026926,2.9149999618530273,2.709999918937683,2.597499966621399,3.0600000619888306,3.0299999713897705
2020-10-26,2.9800000190734863,2.990000009536743,2.720000028610229,2.759999990463257,80000,0,0,-0.06756758280615438,1.568181821260572,2.8105000138282774,2.9859777888912085,2.6350222387653464,2.909999966621399,2.709999918937683,2.597499966621399,3.0600000619888306,3.039999961853028
2020-10-27,2.759999990463257,2.819999933242798,2.680000066757202,2.789999961853028,73700,0,0,0.010869554888924382,1.5852272596425772,2.809500014781952,2.9852080844734723,2.6337919450904317,2.8899999856948853,2.709999918937683,2.6249999403953552,3.0600000619888306,3.009999990463257
2020-10-28,2.7699999809265137,2.7699999809265137,2.5199999809265137,2.619999885559082,96100,0,0,-0.060931927820184306,1.488636306679447,2.8055000066757203,2.994298863744901,2.6167011496065395,2.809999942779541,2.7249999046325684,2.622499942779541,3.0600000619888306,3.0299999713897705
2020-10-29,2.5899999141693115,2.75,2.5,2.7300000190734863,96700,0,0,0.041984785618008225,1.5511363828785671,2.803000009059906,2.9944178527797667,2.6115821653400455,2.774999976158142,2.7249999046325684,2.622499942779541,3.0600000619888306,2.8299999237060547
2020-10-30,2.6700000762939453,2.7100000381469727,2.539999961853028,2.5899999141693115,47900,0,0,-0.05128208935020018,1.4715908682974421,2.79650000333786,3.006857319029578,2.5861426876461424,2.774999976158142,2.740000009536743,2.622499942779541,3.0600000619888306,2.7799999713897705
2020-11-02,2.5999999046325684,2.7300000190734863,2.569999933242798,2.720000028610229,62100,0,0,0.050193096042094876,1.5454545700845654,2.7985000014305115,3.005074744821453,2.59192525803957,2.774999976158142,2.7899999618530273,2.622499942779541,3.0600000619888306,2.690000057220459
2020-11-03,2.720000028610229,2.880000114440918,2.630000114440918,2.819999933242798,90900,0,0,0.036764670434089375,1.6022726980245818,2.80349999666214,3.0070179328077455,2.5999820605165342,2.774999976158142,2.799999952316284,2.622499942779541,3.0600000619888306,2.720000028610229
2020-11-04,2.75,2.9100000858306885,2.690000057220459,2.8299999237060547,23000,0,0,0.0035460959929021207,1.6079545108185833,2.8089999914169312,3.0090737234050446,2.608926259428818,2.774999976158142,2.799999952316284,2.6149999499320984,3.0600000619888306,2.75
2020-11-05,2.759999990463257,2.950000047683716,2.759999990463257,2.8399999141693115,87100,0,0,0.0035335656299810836,1.6136363236125848,2.815999984741211,3.009967624785818,2.622032344696604,2.7450000047683716,2.799999952316284,2.6449999809265137,3.0600000619888306,2.7100000381469727
2020-11-06,2.819999933242798,2.9200000762939453,2.650000095367432,2.859999895095825,74900,0,0,0.00704224701794165,1.6249999492005878,2.8139999747276305,3.005238189022211,2.62276176043305,2.725000023841858,2.799999952316284,2.622500002384186,3.0600000619888306,2.7300000190734863
2020-11-09,3.0299999713897705,3.069999933242798,2.880000114440918,2.9800000190734863,284700,0,0,0.041958086845887976,1.6931818381937096,2.818499970436096,3.020722258374082,2.61627768249811,2.784999966621399,2.799999952316284,2.612499952316284,3.0600000619888306,2.680000066757202
2020-11-10,3.049999952316284,3.150000095367432,2.990000009536743,3.049999952316284,124800,0,0,0.023489910333813313,1.732954527751721,2.830999970436096,3.0568950772345325,2.60510486363766,2.825000047683716,2.825000047683716,2.619999945163727,3.0600000619888306,2.6600000858306885
2020-11-11,3.109999895095825,3.109999895095825,3.009999990463257,3.059999942779541,63600,0,0,0.00327868544904808,1.7386363405457226,2.8424999713897705,3.0896772791041167,2.5953226636754243,2.84500002861023,2.825000047683716,2.619999945163727,3.0600000619888306,2.619999885559082
2020-11-12,3.0799999237060547,3.0799999237060547,2.930000066757202,2.970000028610229,53300,0,0,-0.0294117372066226,1.687500025399708,2.8419999718666076,3.088088997824867,2.595910945908348,2.8600000143051147,2.825000047683716,2.6299999952316284,3.0600000619888306,2.700000047683716
2020-11-13,2.990000009536743,3.009999990463257,2.9200000762939453,2.950000047683716,74400,0,0,-0.0067340002470881455,1.676136399811705,2.846499979496002,3.0970409026684695,2.595959056323535,2.890000104904175,2.825000047683716,2.6549999713897705,3.0600000619888306,2.950000047683716
2020-11-16,2.950000047683716,3.0,2.930000066757202,2.9800000190734863,66800,0,0,0.010169481662661628,1.6931818381937098,2.853499984741211,3.110730502001361,2.596269467481061,2.900000095367432,2.825000047683716,2.7149999737739563,3.0600000619888306,2.8299999237060547
2020-11-17,2.880000114440918,2.950000047683716,2.6600000858306885,2.7100000381469727,187100,0,0,-0.09060401986522792,1.5397727572905637,2.849999988079071,3.1130384972231493,2.5869614789349926,2.900000095367432,2.825000047683716,2.7149999737739563,3.0600000619888306,2.809999942779541
2020-11-18,2.759999990463257,2.809999942779541,2.6600000858306885,2.7100000381469727,148500,0,0,0.0,1.5397727572905637,2.840999984741211,3.110260297272721,2.571739672209701,2.900000095367432,2.825000047683716,2.7149999737739563,3.0600000619888306,2.759999990463257
2020-11-19,2.7100000381469727,2.789999961853028,2.5999999046325684,2.7300000190734863,90200,0,0,0.007380066658666529,1.551136382878567,2.8329999804496766,3.1054848951835248,2.5605150657158284,2.875,2.825000047683716,2.7399999499320984,3.0600000619888306,2.819999933242798
2020-11-20,2.690000057220459,2.799999952316284,2.690000057220459,2.7699999809265137,79900,0,0,0.014652000576396595,1.5738636340545735,2.8234999775886536,3.0907535080843913,2.556246447092916,2.875,2.825000047683716,2.7574999928474426,3.0600000619888306,2.819999933242798
2020-11-23,2.7799999713897705,2.8299999237060547,2.7300000190734863,2.789999961853028,102300,0,0,0.0072202097704796575,1.585227259642577,2.824999976158142,3.0911333641965726,2.5588665881197112,2.8549998998641968,2.825000047683716,2.787499964237213,3.0600000619888306,2.809999942779541
2020-11-24,2.8299999237060547,3.039999961853028,2.809999942779541,3.0,219500,0,0,0.07526883190618294,1.704545463781713,2.835499978065491,3.1117707226050118,2.55922923352597,2.8399999141693115,2.825000047683716,2.7899999618530273,3.0600000619888306,2.6700000762939453
2020-11-25,3.039999961853028,3.059999942779541,2.869999885559082,2.869999885559082,92900,0,0,-0.04333337148030603,1.6306817619945895,2.8479999780654905,3.105962376773202,2.5900375793577792,2.8299999237060547,2.825000047683716,2.7899999618530273,3.0049999952316284,2.8299999237060547
2020-11-27,2.8499999046325684,2.970000028610229,2.7699999809265137,2.809999942779541,51000,0,0,-0.02090590424112604,1.59659088523058,2.8519999742507935,3.1048963492866366,2.5991035992149505,2.8299999237060547,2.825000047683716,2.79749995470047,2.840000033378601,2.8499999046325684
2020-11-30,2.809999942779541,2.990000009536743,2.789999961853028,2.930000066757202,70100,0,0,0.04270467132428535,1.6647727742237015,2.868999981880188,3.092917250928515,2.6450827128318606,2.8299999237060547,2.825000047683716,2.8124999403953552,2.590000033378601,2.8499999046325684
2020-12-01,3.0899999141693115,3.569999933242798,2.9600000381469727,3.0299999713897705,1674700,0,0,0.0341296595065419,1.7215909021637177,2.884499979019165,3.107926858087877,2.6610730999504533,3.084999918937683,3.034999966621399,2.8124999403953552,2.5549999475479126,2.9200000762939453
2020-12-02,3.009999990463257,3.130000114440918,2.8499999046325684,3.039999961853028,392200,0,0,0.003300326916726215,1.7272727149577196,2.8954999804496766,3.1267533104291196,2.6642466504702336,3.084999918937683,3.034999966621399,2.809999942779541,2.5549999475479126,2.940000057220459
2020-12-03,3.0199999809265137,3.1700000762939453,2.9600000381469727,3.009999990463257,117200,0,0,-0.009868411765204255,1.7102272765757145,2.9044999837875367,3.1388797302564546,2.670120237318619,3.1299999952316284,3.034999966621399,2.799999952316284,2.5549999475479126,3.109999895095825
2020-12-04,3.0199999809265137,3.0899999141693115,2.9800000190734863,3.0299999713897705,123400,0,0,0.006644511956771071,1.721590902163718,2.9139999866485597,3.1525629487571414,2.675437024539978,3.149999976158142,3.034999966621399,2.7674999237060547,2.5549999475479126,3.950000047683716
2020-12-07,3.059999942779541,3.059999942779541,2.759999990463257,2.8299999237060547,352600,0,0,-0.06600661702052157,1.607954510818583,2.912499988079071,3.1527920040532664,2.6722079721048755,3.1649999618530273,3.0549999475479126,2.7499999403953552,2.5549999475479126,3.950000047683716
2020-12-08,2.7799999713897705,2.8499999046325684,2.7300000190734863,2.7799999713897705,179200,0,0,-0.01766782814990553,1.579545446848575,2.9024999856948854,3.147376152372764,2.6576238190170067,3.149999976158142,3.069999933242798,2.7574999928474426,2.5549999475479126,3.940000057220459
2020-12-09,2.819999933242798,2.859999895095825,2.6600000858306885,2.690000057220459,247600,0,0,-0.03237407017825222,1.5284091317025605,2.884499990940094,3.1362645228142942,2.6327354590658936,3.115000009536743,3.084999918937683,2.7824999690055847,2.5549999475479126,3.799999952316284
2020-12-10,2.690000057220459,2.789999961853028,2.690000057220459,2.720000028610229,127300,0,0,0.011152405483875194,1.545454570084565,2.8674999952316282,3.115412353177843,2.6195876372854134,3.115000009536743,3.084999918937683,2.787499964237213,2.5549999475479126,4.25
2020-12-11,2.680000066757202,2.759999990463257,2.5799999237060547,2.75,348200,0,0,0.01102940113022699,1.5625000084665701,2.856499993801117,3.104770938983915,2.608229048618319,3.0749999284744263,3.0749999284744263,2.787499964237213,2.5649999380111694,4.460000038146973
2020-12-14,2.75,2.8399999141693115,2.6700000762939453,2.7100000381469727,197300,0,0,-0.014545440673828125,1.5397727572905637,2.8444999933242796,3.0967459089152936,2.5922540777332657,2.875,3.0749999284744263,2.772499978542328,2.625,4.190000057220459
2020-12-15,2.75,2.799999952316284,2.680000066757202,2.7300000190734863,53100,0,0,0.007380066658666529,1.551136382878567,2.83199999332428,3.0808667498168547,2.583133236831705,2.875,3.0749999284744263,2.762499988079071,2.6549999713897705,4.860000133514404
2020-12-16,2.7100000381469727,3.509999990463257,2.549999952316284,2.680000066757202,3114200,0,0,-0.018315000720495744,1.5227273189085588,2.830499994754791,3.08266573221639,2.578334257293192,3.0299999713897705,3.059999942779541,2.7924999594688416,2.6549999713897705,4.809999942779541
2020-12-17,2.6600000858306885,2.7799999713897705,2.5299999713897705,2.6600000858306885,572800,0,0,-0.0074626792643007756,1.5113636933205556,2.827999997138977,3.085883959786287,2.570116034491667,3.0199999809265137,3.049999952316284,2.825000047683716,2.680000066757202,4.289999961853027
2020-12-18,2.6600000858306885,2.6600000858306885,2.559999942779541,2.619999885559082,360700,0,0,-0.015037668789816938,1.4886363066794466,2.822499990463257,3.0930319131649746,2.551968067761539,3.0199999809265137,3.049999952316284,2.8350000381469727,2.680000066757202,3.890000104904175
2020-12-21,2.5799999237060547,2.75,2.539999961853028,2.700000047683716,384500,0,0,0.03053441435840476,1.534090944496562,2.8189999938011168,3.093981452975713,2.5440185346265207,3.0199999809265137,3.049999952316284,2.8425000309944153,2.6850000619888306,4.059999942779541
2020-12-22,2.700000047683716,2.9600000381469727,2.6700000762939453,2.950000047683716,234500,0,0,0.09259259095734862,1.6761363998117047,2.8269999980926515,3.1074562955367244,2.5465437006485785,3.0199999809265137,3.049999952316284,2.8575000762939453,2.6850000619888306,4.139999866485596
2020-12-23,2.930000066757202,3.119999885559082,2.7799999713897705,2.8299999237060547,494500,0,0,-0.04067800747050254,1.6079545108185829,2.8184999942779543,3.0874127337456496,2.549587254810259,3.0199999809265137,3.049999952316284,2.8625000715255737,2.6850000619888306,3.9800000190734863
2020-12-24,2.8299999237060547,2.9100000858306885,2.7799999713897705,2.809999942779541,69000,0,0,-0.007067131259962167,1.5965908852305797,2.815499997138977,3.083373140643892,2.5476268536340623,3.0199999809265137,3.049999952316284,2.8625000715255737,2.6850000619888306,4.0
2020-12-28,2.809999942779541,2.8399999141693115,2.740000009536743,2.759999990463257,182300,0,0,-0.01779357769908929,1.5681818212605716,2.812999999523163,3.081974766553194,2.544025232493132,3.0199999809265137,3.049999952316284,2.8625000715255737,2.6850000619888306,4.769999980926514
2020-12-29,2.75,2.930000066757202,2.6700000762939453,2.819999933242798,312600,0,0,0.02173910977784832,1.6022726980245812,2.8074999928474424,3.0710663650967573,2.5439336205981276,3.0199999809265137,3.049999952316284,2.850000023841858,2.7350000143051147,5.269999980926514
2020-12-30,2.789999961853028,2.859999895095825,2.7100000381469727,2.819999933242798,145600,0,0,0.0,1.6022726980245812,2.796999990940094,3.0399883769429197,2.5540116049372683,2.8249999284744263,3.049999952316284,2.850000023841858,2.7350000143051147,5.0
2020-12-31,2.8399999141693115,2.8499999046325684,2.75,2.809999942779541,201700,0,0,-0.0035460959929022318,1.5965908852305795,2.7854999899864197,3.0013787774579463,2.569621202514893,2.8299999237060547,3.049999952316284,2.8399999737739563,2.7350000143051147,4.980000019073486
2021-01-04,2.809999942779541,2.8499999046325684,2.650000095367432,2.6700000762939453,138900,0,0,-0.04982201755744997,1.517045506114557,2.768499994277954,2.963286673348256,2.573713315207652,2.8299999237060547,3.049999952316284,2.8324999809265137,2.7350000143051147,4.570000171661377
2021-01-05,2.7100000381469727,2.890000104904175,2.700000047683716,2.8299999237060547,84100,0,0,0.0599250347716076,1.6079545108185829,2.7584999918937685,2.914948168195973,2.602051815591564,2.884999990463257,3.049999952316284,2.8274999856948853,2.7350000143051147,4.550000190734863
2021-01-06,2.8399999141693115,2.9200000762939453,2.740000009536743,2.8499999046325684,121800,0,0,0.007067131259962167,1.619318136406586,2.759499990940094,2.9180279837789946,2.600971998101193,2.884999990463257,3.049999952316284,2.8274999856948853,2.7350000143051147,4.760000228881836
2021-01-07,2.869999885559082,2.9200000762939453,2.7799999713897705,2.8499999046325684,99600,0,0,0.0,1.619318136406586,2.762999987602234,2.926256219951939,2.599743755252529,2.790000081062317,3.049999952316284,2.8274999856948853,2.7350000143051147,4.800000190734863
2021-01-08,2.859999895095825,2.950000047683716,2.799999952316284,2.9200000762939453,155500,0,0,0.02456146456271613,1.6590909614297,2.7744999885559083,2.947774667813808,2.6012253092980084,2.8000000715255737,3.0199999809265137,3.059999942779541,2.944999933242798,5.170000076293945
2021-01-11,2.900000095367432,3.049999952316284,2.819999933242798,2.940000057220459,164300,0,0,0.006849308357518069,1.6704545870177032,2.7854999899864197,2.971167133670532,2.5998328463023075,2.850000023841858,3.0199999809265137,3.059999942779541,2.944999933242798,5.369999885559082
2021-01-12,2.940000057220459,3.109999895095825,2.940000057220459,3.109999895095825,171500,0,0,0.05782307298187184,1.7670454045157304,2.8034999847412108,3.036304369906401,2.5706955995760206,2.8799999952316284,3.0199999809265137,3.0824999809265137,2.944999933242798,5.03000020980835
2021-01-13,3.130000114440918,4.860000133514404,3.0799999237060547,3.950000047683716,2963900,0,0,0.2700965211968307,2.244318221072276,2.8654999852180483,3.4156421718896586,2.315357798546438,3.755000114440918,3.6950000524520874,3.0924999713897705,2.959999918937683,4.869999885559082
2021-01-14,3.910000085830689,4.199999809265137,3.559999942779541,3.950000047683716,793500,0,0,0.0,2.244318221072276,2.9264999866485595,3.64878832402493,2.204211649272189,3.755000114440918,3.6950000524520874,3.10999995470047,2.959999918937683,4.619999885559082
2021-01-15,3.950000047683716,4.21999979019165,3.619999885559082,3.940000057220459,360300,0,0,-0.002531643124693339,2.2386364082782744,2.9894999861717224,3.826787648924466,2.1522123234189787,3.78000009059906,3.6950000524520874,3.10999995470047,2.975000023841858,4.619999885559082
2021-01-19,3.940000057220459,4.050000190734863,3.7699999809265137,3.799999952316284,313100,0,0,-0.0355330210332383,2.1590908936971496,3.0464999794960024,3.940245435125377,2.1527545238666277,3.8000000715255737,3.6950000524520874,3.099999964237213,3.024999976158142,4.070000171661377
2021-01-20,3.940000057220459,4.349999904632568,3.799999952316284,4.25,385900,0,0,0.11842106666591379,2.414772740357427,3.127999985218048,4.14190139026114,2.1140985801749568,3.8200000524520874,3.6950000524520874,3.099999964237213,3.034999966621399,4.03000020980835
2021-01-21,4.300000190734863,4.610000133514404,4.039999961853027,4.460000038146973,505100,0,0,0.049411773681640625,2.5340909444965636,3.215999984741211,4.36420403164859,2.0677959378338313,3.8300000429153442,3.6950000524520874,3.0749999284744263,3.034999966621399,4.03000020980835
2021-01-22,4.449999809265137,4.550000190734863,4.130000114440918,4.190000057220459,352400,0,0,-0.06053811179757129,2.3806818635934177,3.277999985218048,4.494689931101068,2.0613100393350274,3.840000033378601,3.6950000524520874,2.974999964237213,3.034999966621399,3.890000104904175
2021-01-25,4.599999904632568,5.170000076293945,4.420000076293945,4.860000133514404,889300,0,0,0.15990455063105813,2.761363727186833,3.3794999957084655,4.759398028764624,1.9996019626523072,4.055000066757202,3.850000023841858,2.974999964237213,3.034999966621399,3.700000047683716
2021-01-26,4.989999771118164,5.019999980926514,4.639999866485596,4.809999942779541,506600,0,0,-0.010288104806842169,2.7329545277517227,3.4794999957084656,4.966729271164317,1.9922707202526146,4.125,3.850000023841858,3.0449999570846558,3.034999966621399,3.680000066757202
2021-01-27,4.78000020980835,4.860000133514404,4.199999809265137,4.289999961853027,522600,0,0,-0.10810810542879612,2.437499991533434,3.555999994277954,5.0447365322555395,2.0672634563003682,4.365000009536743,3.8550000190734863,3.034999966621399,3.034999966621399,3.640000104904175
2021-01-28,4.289999961853027,4.300000190734863,3.670000076293945,3.890000104904175,553100,0,0,-0.09324006072393443,2.210227344308267,3.609500002861023,5.0647636751692895,2.1542363305527568,4.394999980926514,3.8550000190734863,3.034999966621399,3.034999966621399,3.5299999713897705
2021-01-29,3.930000066757202,4.400000095367432,3.869999885559082,4.059999942779541,360900,0,0,0.0437017566300435,2.3068181618062944,3.67150000333786,5.091801249072362,2.2511987576033583,4.420000076293945,3.9100000858306885,3.034999966621399,3.034999966621399,3.7699999809265137
2021-02-01,4.099999904632568,4.269999980926514,3.910000085830689,4.139999866485596,188000,0,0,0.01970441498363318,2.3522726641583076,3.7379999995231628,5.114114282445512,2.3618857166008134,4.420000076293945,3.9100000858306885,3.034999966621399,3.034999966621399,3.75
2021-02-02,4.150000095367432,4.150000095367432,3.859999895095825,3.9800000190734863,231900,0,0,-0.03864730738456079,2.2613636594542816,3.80349999666214,5.090962829742368,2.5160371635819114,4.420000076293945,3.9100000858306885,3.034999966621399,3.034999966621399,3.900000095367432
2021-02-03,3.9700000286102295,4.090000152587891,3.869999885559082,4.0,258900,0,0,0.005025120811725348,2.2727272850422846,3.8620000004768373,5.070268691267661,2.6537313096860133,4.420000076293945,3.9100000858306885,3.034999966621399,3.034999966621399,3.5799999237060547
2021-02-04,4.050000190734863,4.800000190734863,3.950000047683716,4.769999980926514,415800,0,0,0.19249999523162842,2.7102272765757163,3.9580000042915344,5.133700825881775,2.782299182701294,4.420000076293945,3.9100000858306885,3.034999966621399,3.034999966621399,3.430000066757202
2021-02-05,4.949999809265137,5.5,4.730000019073486,5.269999980926514,951200,0,0,0.10482180335415459,2.994318187206002,4.079000008106232,5.271847080781742,2.8861529354307214,4.585000038146973,4.075000047683716,3.034999966621399,3.034999966621399,3.220000028610229
2021-02-08,5.389999866485596,5.489999771118164,4.730000019073486,5.0,546200,0,0,-0.05123339315060971,2.840909106302856,4.183000004291534,5.3139529948875035,3.0520470136955646,4.585000038146973,4.075000047683716,2.9374999403953552,3.034999966621399,3.220000028610229
2021-02-09,4.909999847412109,5.099999904632568,4.809999942779541,4.980000019073486,295600,0,0,-0.003999996185302779,2.829545480714853,4.285000002384185,5.311169112939934,3.2588308918284365,4.585000038146973,4.075000047683716,2.9399999380111694,3.034999966621399,3.190000057220459
2021-02-10,4.989999771118164,4.989999771118164,4.53000020980835,4.570000171661377,276300,0,0,-0.08232928631361502,2.5965910206956844,4.358000016212463,5.234783140830764,3.481216891594162,4.679999947547913,4.100000023841858,2.9399999380111694,3.034999966621399,3.200000047683716
2021-02-11,4.53000020980835,4.679999828338623,4.329999923706055,4.550000190734863,196600,0,0,-0.004376363276862416,2.585227395107681,4.388000023365021,5.247596148476476,3.528403898253566,4.679999947547913,4.120000004768372,2.9674999713897705,3.034999966621399,3.2799999713897705
2021-02-12,4.460000038146973,4.789999961853027,4.400000095367432,4.760000228881836,135400,0,0,0.04615385260303828,2.7045455992468175,4.428500032424926,5.277890199318023,3.5791098655318296,4.679999947547913,4.139999985694885,2.9674999713897705,3.034999966621399,3.069999933242798
2021-02-16,4.789999961853027,4.889999866485596,4.579999923706055,4.800000190734863,158600,0,0,0.0084033529263976,2.727272850422824,4.471500039100647,5.304352012979938,3.638648065221356,4.684999942779541,4.149999976158142,2.9200000166893005,3.034999966621399,2.9100000858306885
2021-02-17,4.71999979019165,5.199999809265137,4.599999904632568,5.170000076293945,344400,0,0,0.07708330642845995,2.937500059265986,4.54000004529953,5.365921900788438,3.7140781898106225,4.725000023841858,4.159999966621399,2.9100000262260437,3.034999966621399,3.039999961853028
2021-02-18,5.119999885559082,5.659999847412109,4.869999885559082,5.369999885559082,671300,0,0,0.038684682072288146,3.0511363151460182,4.5960000395774845,5.485803234072671,3.7061968450822977,4.994999885559082,4.299999952316284,2.935000002384186,3.034999966621399,2.990000009536743
2021-02-19,5.329999923706055,5.449999809265137,4.949999809265137,5.03000020980835,344000,0,0,-0.06331465232709854,2.8579546801499633,4.624500048160553,5.531588295660434,3.7174118006606722,4.994999885559082,4.369999885559082,2.949999988079071,3.034999966621399,2.869999885559082
2021-02-22,5.03000020980835,5.360000133514404,4.820000171661377,4.869999885559082,236400,0,0,-0.03180920826549305,2.7670454045157324,4.6585000395774845,5.5485276036296725,3.7684724755252965,4.994999885559082,4.609999895095825,3.7250000834465027,3.680000066757202,2.7100000381469727
2021-02-23,4.599999904632568,4.710000038146973,4.010000228881836,4.619999885559082,277500,0,0,-0.051334703465049425,2.6249999492005895,4.646500027179718,5.531744118048654,3.761255936310781,4.835000038146973,4.639999866485596,3.7250000834465027,3.6950000524520874,2.8399999141693115
2021-02-24,4.5,4.840000152587891,4.5,4.619999885559082,103000,0,0,0.0,2.6249999492005895,4.637000024318695,5.519059638685188,3.7549404099522024,4.835000038146973,4.664999961853027,3.7375000715255737,3.6950000524520874,3.0299999713897705
2021-02-25,4.619999885559082,4.760000228881836,4.050000190734863,4.070000171661377,204000,0,0,-0.11904756006961414,2.312500110065398,4.626000034809112,5.530541953419541,3.721458116198684,4.835000038146973,4.664999961853027,3.7475000619888306,3.6950000524520874,2.8399999141693115
2021-02-26,4.0,4.289999961853027,3.930000066757202,4.03000020980835,213900,0,0,-0.009828000040771334,2.2897728588893917,4.633000040054322,5.516342341868859,3.749657738239784,4.794999957084656,4.664999961853027,3.7575000524520874,3.6950000524520874,3.0299999713897705
2021-03-01,4.119999885559082,4.179999828338623,3.859999895095825,4.03000020980835,252900,0,0,0.0,2.2897728588893917,4.6315000534057615,5.518865651403498,3.7441344554080254,4.759999871253967,4.664999961853027,3.762500047683716,3.6950000524520874,2.880000114440918
2021-03-02,3.9600000381469727,4.070000171661377,3.7799999713897705,3.890000104904175,239800,0,0,-0.034739478316511696,2.210227344308267,4.6190000653266905,5.540472103036171,3.6975280276172096,4.71999990940094,4.664999961853027,3.7675000429153442,3.6950000524520874,2.799999952316284
2021-03-03,3.849999904632568,3.950000047683716,3.690000057220459,3.700000047683716,249100,0,0,-0.04884320105311135,2.102272765757134,4.605000066757202,5.572740354391445,3.637259779122959,4.569999933242798,4.664999961853027,3.95250004529953,3.850000023841858,2.759999990463257
2021-03-04,3.740000009536743,3.75,3.400000095367432,3.680000066757202,433300,0,0,-0.005405400180747089,2.0909091401691304,4.589000070095063,5.6060929884760515,3.5719071517140737,4.380000114440918,4.5299999713897705,3.987500011920929,3.850000023841858,2.630000114440918
2021-03-05,3.7200000286102295,3.7200000286102295,3.259999990463257,3.640000104904175,191000,0,0,-0.010869554654186486,2.068181888993124,4.532500076293945,5.626592086371867,3.4384080662160237,4.050000071525574,4.459999918937683,4.110000014305115,3.850000023841858,2.6700000762939453
2021-03-08,3.640000104904175,3.799999952316284,3.509999990463257,3.5299999713897705,119800,0,0,-0.030219816028631663,2.005681812794004,4.445500075817108,5.5678456201744515,3.323154531459765,4.050000071525574,4.459999918937683,4.125,3.850000023841858,2.569999933242798
2021-03-09,3.650000095367432,3.890000104904175,3.609999895095825,3.7699999809265137,228900,0,0,0.06798867180790791,2.1420454553151456,4.384000074863434,5.512918495306856,3.255081654420012,4.010000109672546,4.459999918937683,4.165000081062317,3.850000023841858,2.5199999809265137
2021-03-10,3.799999952316284,3.920000076293945,3.740000009536743,3.75,139200,0,0,-0.005305034755357818,2.1306818297271426,4.32250007390976,5.448827089231873,3.1961730585876467,3.774999976158142,4.459999918937683,4.165000081062317,3.850000023841858,2.6700000762939453
2021-03-11,3.819999933242798,3.900000095367432,3.75,3.900000095367432,181300,0,0,0.04000002543131531,2.2159091571022698,4.289000070095062,5.423804504354164,3.154195635835959,3.71999990940094,4.459999918937683,4.165000081062317,3.850000023841858,2.509999990463257
2021-03-12,3.799999952316284,3.849999904632568,3.509999990463257,3.5799999237060547,227800,0,0,-0.08205132406060345,2.034090876764013,4.240500056743622,5.409316801109277,3.071683312377967,3.665000081062317,4.459999918937683,4.165000081062317,3.850000023841858,2.470000028610229
2021-03-15,3.4200000762939453,3.640000104904175,3.380000114440918,3.430000066757202,180100,0,0,-0.04189940227528577,1.9488636848539889,4.1740000486373905,5.368363176880198,2.979636920394583,3.6050000190734863,4.459999918937683,4.165000081062317,3.850000023841858,2.5999999046325684
2021-03-16,3.450000047683716,3.4800000190734863,3.2100000381469727,3.220000028610229,147700,0,0,-0.06122449972588828,1.8295454807148521,4.095000040531159,5.322211771007552,2.8677883100547654,3.565000057220459,4.434999942779541,4.330000042915344,4.014999985694885,2.5799999237060547
2021-03-17,3.220000028610229,3.289999961853028,3.049999952316284,3.220000028610229,134700,0,0,0.0,1.8295454807148521,3.9975000381469727,5.175953876780224,2.8190461995137213,3.4850000143051147,4.354999899864197,4.330000042915344,4.014999985694885,2.700000047683716
2021-03-18,3.2300000190734863,3.390000104904175,3.180000066757202,3.190000057220459,67100,0,0,-0.009316761218389868,1.8125000423328474,3.8885000467300417,4.933331372036559,2.843668721423525,3.4850000143051147,4.354999899864197,4.330000042915344,4.014999985694885,2.819999933242798
2021-03-19,3.1600000858306885,3.309999942779541,3.140000104904175,3.200000047683716,225100,0,0,0.0031347931924397,1.8181818551268492,3.7970000386238096,4.740506132186693,2.8534939450609262,3.4850000143051147,4.354999899864197,4.389999985694885,4.014999985694885,2.8499999046325684
2021-03-22,3.2699999809265137,3.359999895095825,3.1700000762939453,3.2799999713897705,180700,0,0,0.024999975785613415,1.8636363574788621,3.7175000429153444,4.5456923449101945,2.8893077409204944,3.4850000143051147,4.354999899864197,4.399999976158142,4.014999985694885,2.7300000190734863
2021-03-23,3.240000009536743,3.289999961853028,3.059999942779541,3.069999933242798,114000,0,0,-0.06402440243253826,1.7443181533397256,3.64000004529953,4.402692104207672,2.877307986391388,3.475000023841858,4.354999899864197,4.409999966621399,4.014999985694885,2.630000114440918
2021-03-24,3.0299999713897705,3.2300000190734863,2.900000095367432,2.9100000858306885,205500,0,0,-0.052117215274042006,1.6534091486356997,3.5545000553131105,4.236923767521961,2.87207634310426,3.375,4.2799999713897705,4.4174999594688416,4.014999985694885,2.559999942779541
2021-03-25,2.8499999046325684,3.059999942779541,2.789999961853028,3.039999961853028,127400,0,0,0.04467349559724476,1.7272727149577207,3.503000044822693,4.177365463580998,2.828634626064388,3.215000033378601,4.224999904632568,4.442499995231628,4.014999985694885,2.5799999237060547
2021-03-26,3.0799999237060547,3.0799999237060547,2.930000066757202,2.990000009536743,77900,0,0,-0.016447352942007054,1.6988636509877124,3.4510000348091125,4.114995818299001,2.7870042513192232,3.134999990463257,4.119999885559082,4.647499918937683,4.09499990940094,2.609999895095825
2021-03-29,3.0,3.0,2.8399999141693115,2.869999885559082,64700,0,0,-0.040133820600306125,1.6306817619945906,3.3930000185966493,4.047030720298638,2.738969316894661,3.090000033378601,4.075000047683716,4.682499885559082,4.09499990940094,2.4800000190734863
2021-03-30,2.8499999046325684,2.990000009536743,2.7100000381469727,2.7100000381469727,115700,0,0,-0.055749077976336214,1.5397727572905648,3.334000015258789,4.010798544332991,2.6572014861845865,3.0500000715255737,3.7750000953674316,4.802499890327454,4.09499990940094,2.430000066757202
2021-03-31,2.759999990463257,2.900000095367432,2.75,2.8399999141693115,245100,0,0,0.04797043328133288,1.613636323612586,3.291000008583069,3.9786309507000706,2.603369066466067,3.034999966621399,3.7750000953674316,4.737499952316284,4.09499990940094,2.5199999809265137
2021-04-01,2.950000047683716,3.049999952316284,2.869999885559082,3.0299999713897705,73300,0,0,0.06690143062065301,1.721590902163719,3.258500003814697,3.9306182145750967,2.5863817930542976,3.034999966621399,3.7350001335144043,4.75,4.09499990940094,2.690000057220459
2021-04-05,3.119999885559082,3.119999885559082,2.799999952316284,2.8399999141693115,215200,0,0,-0.06270629010379547,1.613636323612586,3.218499994277954,3.8902571163016377,2.5467428722542707,3.0,3.5,4.75,4.09499990940094,2.789999961853028
2021-04-06,2.8299999237060547,3.150000095367432,2.8299999237060547,3.0299999713897705,123700,0,0,0.06690143062065301,1.721590902163719,3.1934999942779543,3.8540267647912025,2.532973223764706,2.9700000286102295,3.444999933242798,4.7299999594688416,4.09499990940094,2.470000028610229
2021-04-07,3.0199999809265137,3.0199999809265137,2.809999942779541,2.880000114440918,104500,0,0,-0.04950490375089078,1.636363710253695,3.1490000009536745,3.7662207075375225,2.5317792943698265,2.930000066757202,3.390000104904175,4.712499916553497,4.09499990940094,2.4100000858306885
2021-04-08,2.880000114440918,2.9100000858306885,2.740000009536743,2.799999952316284,101500,0,0,-0.02777783296726144,1.5909090724365798,3.1014999985694884,3.670212093408204,2.532787903730773,2.930000066757202,3.3300000429153442,4.692499935626984,4.09499990940094,2.430000066757202
2021-04-09,2.8399999141693115,2.8399999141693115,2.700000047683716,2.759999990463257,77400,0,0,-0.014285700905079524,1.5681818212605734,3.04449999332428,3.497223385984244,2.5917766006643155,2.9250000715255737,3.3100000619888306,4.617499947547913,4.09499990940094,2.3299999237060547
2021-04-12,2.759999990463257,2.7699999809265137,2.4800000190734863,2.630000114440918,235600,0,0,-0.047101404518671286,1.4943182549385525,2.997000002861023,3.4124431261639434,2.5815568795581023,2.815000057220459,3.200000047683716,4.455000042915344,4.09499990940094,2.2699999809265137
2021-04-13,2.619999885559082,2.7100000381469727,2.569999933242798,2.6700000762939453,81000,0,0,0.015209110308928908,1.5170455061145591,2.9590000033378603,3.3468986395150004,2.57110136716072,2.815000057220459,3.200000047683716,4.254999995231628,4.099999904632568,2.259999990463257
2021-04-14,2.700000047683716,2.75,2.549999952316284,2.569999933242798,125700,0,0,-0.03745323602760009,1.4602272427094405,2.9264999985694886,3.3302527330897127,2.5227472640492645,2.815000057220459,3.200000047683716,4.254999995231628,4.099999904632568,2.130000114440918
2021-04-15,2.569999933242798,2.5999999046325684,2.470000028610229,2.5199999809265137,247700,0,0,-0.0194552348696736,1.4318181787394324,2.8914999961853027,3.3086999656910523,2.474300026679553,2.8100000619888306,3.195000052452087,4.235000014305115,4.1549999713897705,2.4200000762939453
2021-04-16,2.539999961853028,2.700000047683716,2.5,2.6700000762939453,189800,0,0,0.05952384781855513,1.5170455061145591,2.865499997138977,3.26951303158577,2.461486962692184,2.8100000619888306,3.1850000619888306,4.117499947547913,4.1549999713897705,2.309999942779541
2021-04-19,2.690000057220459,2.690000057220459,2.4100000858306885,2.509999990463257,198900,0,0,-0.05992512406695294,1.4261363659454307,2.830999994277954,3.23267539852871,2.429324590027198,2.715000033378601,3.1299999952316284,4.0899999141693115,4.1549999713897705,2.200000047683716
2021-04-20,2.4600000381469727,2.5,2.400000095367432,2.470000028610229,131500,0,0,-0.015936239842632482,1.403409114769424,2.7904999971389772,3.165064062543781,2.4159359317341735,2.65500009059906,3.0200001001358032,4.0625,4.1549999713897705,2.3299999237060547
2021-04-21,2.430000066757202,2.6600000858306885,2.430000066757202,2.5999999046325684,131800,0,0,0.052631528144347905,1.4772726810914454,2.7669999957084657,3.1270103910411495,2.406989600375782,2.6200000047683716,2.940000057220459,4.032499969005585,4.1549999713897705,2.4600000381469727
2021-04-22,2.630000114440918,2.700000047683716,2.5299999713897705,2.5799999237060547,115100,0,0,-0.0076923006385033466,1.4659090555034422,2.750499987602234,3.1130497819379337,2.387950193266534,2.5850000381469727,2.8950001001358032,4.0,4.1549999713897705,2.380000114440918
2021-04-23,2.619999885559082,2.740000009536743,2.5899999141693115,2.700000047683716,100100,0,0,0.04651167733574435,1.534090944496564,2.733499991893768,3.0709074369226115,2.396092546864925,2.575000047683716,2.8950001001358032,3.9199999570846558,4.1549999713897705,2.4100000858306885
2021-04-26,2.680000066757202,2.9600000381469727,2.680000066757202,2.819999933242798,157700,0,0,0.04444440127400284,1.6022726980245834,2.724999988079071,3.044001473682396,2.4059985024757458,2.680000066757202,2.8799999952316284,3.9199999570846558,4.1549999713897705,2.400000095367432
2021-04-27,2.859999895095825,3.0,2.799999952316284,2.8499999046325684,210400,0,0,0.010638287978706584,1.619318136406588,2.7239999890327455,3.0412791762964635,2.4067208017690276,2.700000047683716,2.8799999952316284,3.9199999570846558,4.179999947547913,2.509999990463257
2021-04-28,2.819999933242798,2.8299999237060547,2.700000047683716,2.7300000190734863,231400,0,0,-0.0421052244121225,1.5511363828785687,2.724999988079071,3.0422218172839863,2.4077781588741556,2.700000047683716,2.84500002861023,3.9199999570846558,4.199999928474426,2.549999952316284
2021-04-29,2.740000009536743,2.8399999141693115,2.569999933242798,2.630000114440918,71300,0,0,-0.03663000144099138,1.4943182549385525,2.714499998092651,3.0296740210994146,2.3993259750858877,2.700000047683716,2.815000057220459,3.9149999618530273,4.21999990940094,2.450000047683716
2021-04-30,2.619999885559082,2.7100000381469727,2.539999961853028,2.559999942779541,152800,0,0,-0.026616033694073615,1.4545454299154388,2.69099999666214,2.9770101558495887,2.4049898374746914,2.700000047683716,2.775000095367432,3.8274999856948853,4.229999899864197,2.4800000190734863
2021-05-03,2.5899999141693115,2.640000104904175,2.5199999809265137,2.5799999237060547,98800,0,0,0.007812492724042164,1.465909055503442,2.677999997138977,2.959284172009549,2.396715822268405,2.715000033378601,2.775000095367432,3.7199999690055847,4.224999904632568,2.4800000190734863
2021-05-04,2.539999961853028,2.630000114440918,2.440000057220459,2.609999895095825,150600,0,0,0.011627896231359847,1.4829544938854466,2.6569999933242796,2.887695292966309,2.4263046936822503,2.7200000286102295,2.775000095367432,3.6274999380111694,4.224999904632568,2.4100000858306885
2021-05-05,2.650000095367432,2.650000095367432,2.450000047683716,2.4800000190734863,194500,0,0,-0.04980838361971118,1.4090909275634256,2.636999988555908,2.8558207042925403,2.418179272819276,2.7200000286102295,2.775000095367432,3.5825000405311584,4.224999904632568,2.440000057220459
2021-05-06,2.450000047683716,2.5,2.3499999046325684,2.430000066757202,195100,0,0,-0.020161270940217135,1.3806818635934175,2.618499994277954,2.8416370822274377,2.3953629063284705,2.674999952316284,2.75,3.4125000834465027,4.184999942779541,2.319999933242798
2021-05-07,2.4600000381469727,2.5999999046325684,2.3499999046325684,2.5199999809265137,198800,0,0,0.03703700069828186,1.431818178739432,2.606499993801117,2.8235743121111097,2.389425675491124,2.674999952316284,2.75,3.4050000309944153,4.184999942779541,2.220000028610229
2021-05-10,2.549999952316284,2.75,2.440000057220459,2.690000057220459,233000,0,0,0.06746034824628944,1.5284091317025619,2.609499990940094,2.829461176265864,2.389538805614324,2.59499990940094,2.75,3.3850000500679016,4.184999942779541,2.180000066757202
2021-05-11,2.5199999809265137,2.859999895095825,2.430000066757202,2.789999961853028,387600,0,0,0.03717468494625131,1.585227259642578,2.6154999852180483,2.848061078856308,2.3829388915797884,2.6049998998641968,2.75,3.25,4.184999942779541,2.119999885559082
2021-05-12,2.740000009536743,2.7699999809265137,2.450000047683716,2.470000028610229,94900,0,0,-0.11469531814268019,1.4034091147694234,2.61049998998642,2.851010661617006,2.3699893183558336,2.6049998998641968,2.684999942779541,3.2074999809265137,4.184999942779541,2.0799999237060547
2021-05-13,2.4600000381469727,2.5799999237060547,2.400000095367432,2.4100000858306885,192400,0,0,-0.024291474528160273,1.369318238005414,2.6049999952316285,2.8583675853455723,2.3516324051176847,2.6049998998641968,2.674999952316284,3.1600000858306885,4.184999942779541,2.049999952316284
2021-05-14,2.430000066757202,2.539999961853028,2.3499999046325684,2.430000066757202,131400,0,0,0.008298746976857396,1.3806818635934173,2.5929999947547913,2.855584504775143,2.3304154847344396,2.6049998998641968,2.674999952316284,3.130000054836273,4.184999942779541,2.0999999046325684
2021-05-17,2.430000066757202,2.450000047683716,2.309999942779541,2.3299999237060547,240900,0,0,-0.04115232111272993,1.3238636001882986,2.583999991416931,2.8689832287230392,2.299016754110823,2.584999918937683,2.6549999713897705,3.117500066757202,4.179999947547913,2.440000057220459
2021-05-18,2.319999933242798,2.380000114440918,2.190000057220459,2.2699999809265137,283400,0,0,-0.025751049246433566,1.2897727234242888,2.573999989032745,2.8872386973675366,2.260761280697954,2.524999976158142,2.5950000286102295,3.0075000524520874,4.069999933242798,2.390000104904175
2021-05-19,2.2300000190734863,2.309999942779541,2.119999885559082,2.259999990463257,187700,0,0,-0.0044052821794189345,1.2840909106302871,2.55699999332428,2.8986843912710993,2.2153155953774606,2.4899998903274536,2.559999942779541,3.0075000524520874,4.069999933242798,2.380000114440918
2021-05-20,2.289999961853028,2.309999942779541,2.0999999046325684,2.130000114440918,314500,0,0,-0.05752206927916459,1.2102273443082663,2.534500002861023,2.9236774523165874,2.1453225534054585,2.4799998998641968,2.549999952316284,3.0075000524520874,4.069999933242798,2.450000047683716
2021-05-21,2.140000104904175,2.450000047683716,2.0799999237060547,2.4200000762939453,284600,0,0,0.13615020951731105,1.3750000507994158,2.5205000042915344,2.904920649556413,2.136079359026656,2.46999990940094,2.5399999618530273,3.002500057220459,4.064999938011169,2.3399999141693115
2021-05-24,2.4200000762939453,2.4200000762939453,2.25,2.309999942779541,108700,0,0,-0.045454599192765954,1.3124999746002954,2.4950000047683716,2.8637443499850064,2.126255659551737,2.424999952316284,2.5399999618530273,2.9975000619888306,4.064999938011169,2.369999885559082
2021-05-25,2.3499999046325684,2.380000114440918,2.190000057220459,2.200000047683716,75700,0,0,-0.04761900338554392,1.2500000338662776,2.462500011920929,2.814374650335669,2.1106253735061893,2.3299999237060547,2.5399999618530273,2.9225000143051147,4.034999966621399,2.3399999141693115
2021-05-26,2.190000057220459,2.3499999046325684,2.1700000762939453,2.3299999237060547,84300,0,0,0.05909085145666704,1.3238636001882986,2.4425000071525576,2.776086603065317,2.108913411239798,2.309999942779541,2.5399999618530273,2.8375000953674316,4.0299999713897705,2.289999961853028
2021-05-27,2.3499999046325684,2.5,2.3299999237060547,2.4600000381469727,157100,0,0,0.05579404235951313,1.3977273019754222,2.43400000333786,2.756399665012113,2.111600341663607,2.2899999618530273,2.5399999618530273,2.7800000309944153,4.0299999713897705,2.319999933242798
2021-05-28,2.549999952316284,2.609999895095825,2.3499999046325684,2.380000114440918,91300,0,0,-0.03252029368516418,1.3522727996234092,2.425000011920929,2.7427949467540054,2.1072050770878525,2.34499990940094,2.5399999618530273,2.740000069141388,4.0299999713897705,2.190000057220459
2021-06-01,2.390000104904175,2.490000009536743,2.3399999141693115,2.4100000858306885,69000,0,0,0.01260502938959629,1.3693182380054139,2.4165000200271605,2.726160080384551,2.10683995966977,2.34499990940094,2.5399999618530273,2.7350000739097595,4.0299999713897705,2.180000066757202
2021-06-02,2.430000066757202,2.490000009536743,2.390000104904175,2.400000095367432,80300,0,0,-0.004149373488428587,1.3636364252114124,2.406000030040741,2.7025268459907115,2.109473214090771,2.34499990940094,2.5399999618530273,2.7800000309944153,4.0299999713897705,2.25
2021-06-03,2.4100000858306885,2.5799999237060547,2.3499999046325684,2.509999990463257,109100,0,0,0.045833287802009126,1.42613636594543,2.4075000286102295,2.7058266022198847,2.1091734550005743,2.34499990940094,2.46999990940094,2.790000021457672,4.0299999713897705,2.3499999046325684
2021-06-04,2.549999952316284,2.6700000762939453,2.4100000858306885,2.549999952316284,152000,0,0,0.01593623984263237,1.4488636171214366,2.4135000228881838,2.718223693143374,2.1087763526329937,2.4200000762939453,2.46999990940094,2.7725000381469727,4.0299999713897705,2.309999942779541
2021-06-07,2.559999942779541,2.630000114440918,2.400000095367432,2.450000047683716,121900,0,0,-0.03921564960882995,1.3920454891814205,2.4100000262260437,2.711302307048409,2.1086977454036786,2.4200000762939453,2.46999990940094,2.7575000524520874,4.0299999713897705,2.190000057220459
2021-06-08,2.440000057220459,2.549999952316284,2.4200000762939453,2.4800000190734863,64000,0,0,0.012244886043219827,1.4090909275634251,2.3995000243186952,2.6742295393870332,2.1247705092503573,2.4200000762939453,2.46999990940094,2.7375000715255737,4.0299999713897705,2.150000095367432
2021-06-09,2.4800000190734863,2.5799999237060547,2.430000066757202,2.4800000190734863,62400,0,0,0.0,1.4090909275634251,2.384000027179718,2.596092250110823,2.171907804248613,2.5,2.46999990940094,2.7450000643730164,4.0299999713897705,2.059999942779541
2021-06-10,2.5,2.5,2.400000095367432,2.4100000858306885,72200,0,0,-0.02822577931630399,1.3693182380054139,2.381000030040741,2.589777433740837,2.172222626340645,2.5049999952316284,2.46999990940094,2.7475000619888306,3.924999952316284,2.109999895095825
2021-06-11,2.400000095367432,2.470000028610229,2.359999895095825,2.440000057220459,99900,0,0,0.012448120465286205,1.3863636763874188,2.3825000286102296,2.5925302311800795,2.1724698260403796,2.5049999952316284,2.46999990940094,2.7475000619888306,3.880000114440918,2.2100000381469727
2021-06-14,2.430000066757202,2.490000009536743,2.289999961853028,2.319999933242798,101800,0,0,-0.049180377526039876,1.318181787394297,2.377000021934509,2.587532621244321,2.1664674226246974,2.4800000190734863,2.46999990940094,2.712499976158142,3.5950000286102295,2.1700000762939453
2021-06-15,2.299999952316284,2.299999952316284,2.200000047683716,2.220000028610229,113100,0,0,-0.043103408409496446,1.2613636594542805,2.371500027179718,2.592268640149538,2.1507314142098983,2.4350000619888306,2.46999990940094,2.712499976158142,3.5950000286102295,2.220000028610229
2021-06-16,2.220000028610229,2.259999990463257,2.1600000858306885,2.180000066757202,154100,0,0,-0.018018000602490036,1.2386364082782744,2.3670000314712523,2.5993545566041907,2.134645506338314,2.415000081062317,2.46999990940094,2.67249995470047,3.555000066757202,2.220000028610229
2021-06-17,2.180000066757202,2.299999952316284,2.0999999046325684,2.119999885559082,183600,0,0,-0.0275230180553947,1.204545396049162,2.360000026226044,2.6126084237190286,2.107391628733059,2.365000009536743,2.424999952316284,2.6774999499320984,3.319999933242798,2.180000066757202
2021-06-18,2.119999885559082,2.1600000858306885,2.039999961853028,2.0799999237060547,218900,0,0,-0.01886790755296608,1.1818181448731555,2.3575000166893005,2.6200673033006407,2.0949327300779603,2.309999942779541,2.3550000190734863,2.644999921321869,3.2649998664855957,2.190000057220459
2021-06-21,2.069999933242798,2.130000114440918,2.009999990463257,2.049999952316284,149800,0,0,-0.014423063697193705,1.1647727064911506,2.3390000104904174,2.6320632705746543,2.0459367504061805,2.2949999570846558,2.340000033378601,2.6399999260902405,3.2100000381469727,2.180000066757202
2021-06-22,2.049999952316284,2.130000114440918,2.0199999809265137,2.0999999046325684,159500,0,0,0.02439022120941492,1.1931817704611587,2.328500008583069,2.639658295433119,2.0173417217330187,2.2549999952316284,2.340000033378601,2.6399999260902405,3.149999976158142,2.2799999713897705
2021-06-23,2.130000114440918,2.549999952316284,2.130000114440918,2.440000057220459,499300,0,0,0.16190484191825694,1.3863636763874185,2.340500009059906,2.6493887348449183,2.031611283274894,2.2799999713897705,2.340000033378601,2.619999945163727,3.115000009536743,2.549999952316284
2021-06-24,2.4800000190734863,2.5299999713897705,2.2699999809265137,2.390000104904175,289600,0,0,-0.02049178325562906,1.3579546124174104,2.343500018119812,2.653094875177401,2.033905161062223,2.2799999713897705,2.340000033378601,2.560000002384186,3.055000066757202,2.4600000381469727
2021-06-25,2.390000104904175,2.450000047683716,2.289999961853028,2.380000114440918,3132800,0,0,-0.0041840962444885665,1.3522727996234087,2.3395000219345095,2.6449660205802585,2.0340340232887604,2.2799999713897705,2.340000033378601,2.5249999165534973,3.0199999809265137,2.390000104904175
2021-06-28,2.359999895095825,2.4800000190734863,2.359999895095825,2.450000047683716,92500,0,0,0.02941173524239149,1.39204548918142,2.343000018596649,2.6518641997094488,2.0341358374838494,2.2799999713897705,2.340000033378601,2.5149999260902405,3.009999990463257,2.380000114440918
2021-06-29,2.4200000762939453,2.4600000381469727,2.3399999141693115,2.3399999141693115,69400,0,0,-0.04489801280551031,1.3295454129822997,2.3395000100135803,2.646813750632924,2.0321862693942365,2.2799999713897705,2.340000033378601,2.5049999356269836,3.0,2.569999933242798
2021-06-30,2.369999885559082,2.4600000381469727,2.289999961853028,2.369999885559082,130900,0,0,0.012820501064172207,1.3465908513643046,2.337999999523163,2.644399502841258,2.0316004962050678,2.2799999713897705,2.340000033378601,2.4824999570846558,2.990000009536743,2.440000057220459
2021-07-01,2.369999885559082,2.390000104904175,2.299999952316284,2.3399999141693115,83200,0,0,-0.012658216387505639,1.3295454129822997,2.3294999957084657,2.6254860215802958,2.0335139698366356,2.2799999713897705,2.340000033378601,2.434999942779541,2.9649999141693115,2.259999990463257
2021-07-02,2.309999942779541,2.309999942779541,2.2100000381469727,2.289999961853028,87800,0,0,-0.021367501773620123,1.3011363490122918,2.3164999961853026,2.5947252554964626,2.0382747368741425,2.284999966621399,2.340000033378601,2.424999952316284,2.8600000143051147,2.240000009536743
2021-07-06,2.299999952316284,2.400000095367432,2.25,2.319999933242798,102500,0,0,0.013100424405900313,1.3181817873942965,2.3099999904632567,2.5813621969644105,2.038637783962103,2.340000033378601,2.340000033378601,2.4149999618530273,2.7799999713897705,2.369999885559082
2021-07-07,2.299999952316284,2.3499999046325684,2.140000104904175,2.190000057220459,96200,0,0,-0.05603443093234517,1.2443182210722754,2.2954999923706056,2.5598018804254754,2.031198104315736,2.3350000381469727,2.340000033378601,2.4424999356269836,2.7350000143051147,2.309999942779541
2021-07-08,2.1700000762939453,2.190000057220459,2.0999999046325684,2.180000066757202,65800,0,0,-0.00456620557167875,1.2386364082782737,2.2804999947547913,2.5349804618151,2.0260195276944826,2.2899999618530273,2.340000033378601,2.4424999356269836,2.7350000143051147,1.9600000381469729
2021-07-09,2.220000028610229,2.3399999141693115,2.180000066757202,2.25,212000,0,0,0.03211006013725681,1.2784090978362848,2.272499990463257,2.52008597393975,2.024914006986764,2.2899999618530273,2.340000033378601,2.4424999356269836,2.71999990940094,2.25
2021-07-12,2.259999990463257,2.4200000762939453,2.200000047683716,2.3499999046325684,271400,0,0,0.0444444020589192,1.3352272257763007,2.2679999828338624,2.506240716322496,2.0297592493452288,2.2799999713897705,2.340000033378601,2.40749990940094,2.71999990940094,2.0899999141693115
2021-07-13,2.3399999141693115,2.369999885559082,2.220000028610229,2.309999942779541,127200,0,0,-0.01702126105374524,1.3124999746002943,2.2674999833106995,2.505339379553218,2.029660587068181,2.2799999713897705,2.3200000524520874,2.4449999928474426,2.684999942779541,2.069999933242798
2021-07-14,2.299999952316284,2.309999942779541,2.1600000858306885,2.190000057220459,96200,0,0,-0.051948003693320643,1.244318221072275,2.265999984741211,2.5054090258741404,2.026590943608282,2.259999990463257,2.2949999570846558,2.4449999928474426,2.6549999713897705,2.0299999713897705
2021-07-15,2.150000095367432,2.1600000858306885,2.0799999237060547,2.150000095367432,154300,0,0,-0.018264822286714777,1.2215909698962688,2.2644999861717223,2.50643563121135,2.0225643411320946,2.25,2.2949999570846558,2.4449999928474426,2.615000009536743,2.0899999141693115
2021-07-16,2.140000104904175,2.150000095367432,2.049999952316284,2.059999942779541,76400,0,0,-0.04186053423058578,1.1704545192851517,2.261499989032745,2.511960180666273,2.0110397973992176,2.2350000143051147,2.2799999713897705,2.48499995470047,2.615000009536743,2.220000028610229
2021-07-19,2.009999990463257,2.140000104904175,2.0,2.109999895095825,81600,0,0,0.024271822186955783,1.1988635832551597,2.262999987602234,2.509376401250731,2.016623573953737,2.2100000381469727,2.274999976158142,2.487499952316284,2.615000009536743,2.1700000762939453
2021-07-20,2.130000114440918,2.289999961853028,2.119999885559082,2.2100000381469727,94500,0,0,0.04739343508195093,1.2556818466602782,2.270999991893768,2.4986781557034776,2.043321828084059,2.2100000381469727,2.274999976158142,2.487499952316284,2.615000009536743,2.109999895095825
2021-07-21,2.25,2.25,2.1600000858306885,2.1700000762939453,40400,0,0,-0.018099529937821268,1.2329545954842718,2.274500000476837,2.4934477397930976,2.0555522611605763,2.2100000381469727,2.274999976158142,2.474999964237213,2.615000009536743,2.150000095367432
2021-07-22,2.190000057220459,2.2300000190734863,2.140000104904175,2.220000028610229,35300,0,0,0.023041451870212226,1.2613636594542796,2.2634999990463256,2.4696827881757306,2.0573172099169206,2.2100000381469727,2.274999976158142,2.4524999856948853,2.615000009536743,2.200000047683716
2021-07-23,2.1700000762939453,2.2300000190734863,2.1600000858306885,2.220000028610229,53000,0,0,0.0,1.2613636594542796,2.2549999952316284,2.453409367673286,2.0565906227899706,2.184999942779541,2.274999976158142,2.4424999952316284,2.615000009536743,2.240000009536743
2021-07-26,2.2300000190734863,2.2300000190734863,2.1600000858306885,2.180000066757202,24100,0,0,-0.018018000602490036,1.2386364082782735,2.2449999928474424,2.437197799808614,2.052802185886271,2.1549999713897705,2.274999976158142,2.3949999809265137,2.615000009536743,2.289999961853028
2021-07-27,2.1600000858306885,2.259999990463257,2.119999885559082,2.190000057220459,97300,0,0,0.0045871514481794495,1.244318221072275,2.23199999332428,2.4004375223330228,2.063562464315537,2.1449999809265137,2.274999976158142,2.3324999809265137,2.5299999713897705,2.2699999809265137
2021-07-28,2.190000057220459,2.240000009536743,2.1600000858306885,2.180000066757202,30400,0,0,-0.00456620557167875,1.2386364082782733,2.2240000009536742,2.3861751635849306,2.061824838322418,2.1449999809265137,2.274999976158142,2.3174999952316284,2.5049999952316284,2.25
2021-07-29,2.190000057220459,2.319999933242798,2.1600000858306885,2.2799999713897705,114400,0,0,0.045871514481795606,1.2954545362182894,2.2195000052452087,2.369643597534641,2.0693564129557767,2.159999966621399,2.274999976158142,2.2975000143051147,2.5049999952316284,2.25
2021-07-30,2.2699999809265137,2.650000095367432,2.240000009536743,2.549999952316284,331300,0,0,0.11842104575200296,1.4488636171214353,2.230000007152557,2.4330926775542028,2.0269073367509116,2.384999990463257,2.325000047683716,2.310000002384186,2.5049999952316284,2.359999895095825
2021-08-02,2.5899999141693115,2.7100000381469727,2.400000095367432,2.4600000381469727,186000,0,0,-0.03529408464794692,1.3977273019754208,2.238500010967255,2.464159962561646,2.0128400593728637,2.4149999618530273,2.3550000190734863,2.310000002384186,2.5049999952316284,2.390000104904175
2021-08-03,2.450000047683716,2.4600000381469727,2.359999895095825,2.390000104904175,43500,0,0,-0.028455256974518672,1.3579546124174096,2.2420000195503236,2.4747457944245737,2.0092542446760735,2.4149999618530273,2.3550000190734863,2.310000002384186,2.5049999952316284,2.369999885559082
2021-08-04,2.380000114440918,2.4600000381469727,2.299999952316284,2.380000114440918,55700,0,0,-0.0041840962444885665,1.3522727996234079,2.2515000224113466,2.4904758069365105,2.0125242378861827,2.4149999618530273,2.3550000190734863,2.310000002384186,2.5049999952316284,2.880000114440918
2021-08-05,2.369999885559082,2.5799999237060547,2.369999885559082,2.569999933242798,113400,0,0,0.07983185280077709,1.4602272427094385,2.271000015735626,2.544950152608384,1.997049878862868,2.4149999618530273,2.3550000190734863,2.310000002384186,2.5049999952316284,2.220000028610229
2021-08-06,2.549999952316284,2.569999933242798,2.369999885559082,2.440000057220459,100000,0,0,-0.05058361066115147,1.3863636763874174,2.280500018596649,2.56399480862679,1.997005228566508,2.4149999618530273,2.3550000190734863,2.310000002384186,2.5049999952316284,2.299999952316284
2021-08-09,2.400000095367432,2.430000066757202,2.009999990463257,2.259999990463257,657300,0,0,-0.07377051743279484,1.2840909106302858,2.2760000228881836,2.5577725503828503,1.994227495393517,2.3600000143051147,2.3550000190734863,2.310000002384186,2.5049999952316284,2.450000047683716
2021-08-10,2.240000009536743,2.3499999046325684,2.2100000381469727,2.240000009536743,51600,0,0,-0.008849549119871458,1.2727272850422826,2.2725000262260435,2.554234881624249,1.9907651708278382,2.3600000143051147,2.3550000190734863,2.3125,2.5049999952316284,2.470000028610229
2021-08-11,2.2799999713897705,2.369999885559082,2.220000028610229,2.369999885559082,217400,0,0,0.05803565869145877,1.3465908513643035,2.281500017642975,2.563622135688548,1.999377899597402,2.3600000143051147,2.3550000190734863,2.340000033378601,2.5049999952316284,2.470000028610229
2021-08-12,2.369999885559082,2.4200000762939453,2.220000028610229,2.309999942779541,132700,0,0,-0.025316432775011277,1.3124999746002939,2.2895000100135805,2.565184627288087,2.013815392739074,2.3600000143051147,2.3550000190734863,2.337500035762787,2.5049999952316284,2.4200000762939453
2021-08-13,2.299999952316284,2.3399999141693115,1.7599999904632568,1.9600000381469729,754700,0,0,-0.15151511398369377,1.1136363913451353,2.284500014781952,2.579802055493648,1.9891979740702563,2.1699999570846558,2.2350000143051147,2.314999997615814,2.5049999952316284,2.440000057220459
2021-08-16,2.0199999809265137,2.470000028610229,2.0199999809265137,2.25,660200,0,0,0.14795916133103715,1.278409097836284,2.2915000200271605,2.576261458828147,2.0067385812261738,2.1699999570846558,2.2350000143051147,2.314999997615814,2.5049999952316284,2.470000028610229
2021-08-17,2.180000066757202,2.190000057220459,2.059999942779541,2.0899999141693115,171500,0,0,-0.07111114925808382,1.1874999576671559,2.2855000138282775,2.5818273059483072,1.9891727217082478,2.1699999570846558,2.2350000143051147,2.310000002384186,2.434999942779541,2.559999942779541
2021-08-18,2.059999942779541,2.130000114440918,2.0299999713897705,2.069999933242798,64900,0,0,-0.009569369257348859,1.1761363320791527,2.2805000066757204,2.587747871677386,1.9732521416740547,2.1649999618530273,2.2350000143051147,2.300000011920929,2.434999942779541,2.7100000381469727
2021-08-19,2.0299999713897705,2.069999933242798,2.009999990463257,2.0299999713897705,63500,0,0,-0.019323653692280396,1.1534090809031463,2.2710000038146974,2.5965513491340624,1.9454486584953326,2.115000009536743,2.2350000143051147,2.2774999737739563,2.434999942779541,2.690000057220459
2021-08-20,2.059999942779541,2.0899999141693115,2.0199999809265137,2.0899999141693115,46700,0,0,0.029556622475449545,1.1874999576671559,2.2644999980926515,2.599030818245658,1.9299691779396453,2.115000009536743,2.2350000143051147,2.272499978542328,2.434999942779541,2.569999933242798
2021-08-23,2.0799999237060547,2.2300000190734863,2.0299999713897705,2.220000028610229,56100,0,0,0.062201014248647546,1.261363659454279,2.2664999961853027,2.5994435328669723,1.9335564595036334,2.115000009536743,2.2350000143051147,2.2574999928474426,2.434999942779541,2.5199999809265137
2021-08-24,2.200000047683716,2.200000047683716,2.150000095367432,2.1700000762939453,16000,0,0,-0.022522500753112573,1.232954595484271,2.265499997138977,2.5994864177871255,1.931513576490828,2.115000009536743,2.2350000143051147,2.2425000071525574,2.4299999475479126,2.559999942779541
2021-08-25,2.1700000762939453,2.299999952316284,2.0799999237060547,2.109999895095825,167300,0,0,-0.027649852114563944,1.198863583255159,2.261999988555908,2.6009813121682606,1.9230186649435554,2.115000009536743,2.2350000143051147,2.2425000071525574,2.4299999475479126,2.559999942779541
2021-08-26,2.109999895095825,2.25,2.0999999046325684,2.150000095367432,38200,0,0,0.018957441829536403,1.2215909698962684,2.2554999947547913,2.5978568825698627,1.9131431069397198,2.240000009536743,2.2350000143051147,2.2425000071525574,2.4299999475479126,2.440000057220459
2021-08-27,2.150000095367432,2.25,2.150000095367432,2.200000047683716,38600,0,0,0.023255790743459848,1.2500000338662762,2.2379999995231628,2.5527327165631957,1.9232672824831296,2.1549999713897705,2.2350000143051147,2.2425000071525574,2.4299999475479126,2.4600000381469727
2021-08-30,2.1700000762939453,2.2799999713897705,2.1700000762939453,2.240000009536743,23400,0,0,0.018181800448205276,1.2727272850422826,2.2269999980926514,2.5246633713843982,1.9293366248009045,2.1549999713897705,2.2350000143051147,2.2299999594688416,2.4299999475479126,2.400000095367432
2021-08-31,2.220000028610229,2.309999942779541,2.190000057220459,2.289999961853028,71400,0,0,0.022321407189022757,1.301136349012291,2.221999990940094,2.511711742003964,1.9322882398762236,2.159999966621399,2.2350000143051147,2.2149999737739563,2.384999990463257,2.4100000858306885
2021-09-01,2.3299999237060547,2.3299999237060547,2.220000028610229,2.2699999809265137,19900,0,0,-0.008733616270600542,1.2897727234242873,2.216499984264374,2.497976363765773,1.9350236047629743,2.174999952316284,2.2350000143051147,2.209999978542328,2.3350000381469727,2.4100000858306885
2021-09-02,2.2699999809265137,2.3299999237060547,2.25,2.25,27100,0,0,-0.008810564358837869,1.278409097836284,2.200499987602234,2.4310528137168124,1.9699471614876554,2.1799999475479126,2.2350000143051147,2.209999978542328,2.3350000381469727,2.400000095367432
2021-09-03,2.240000009536743,2.2799999713897705,2.190000057220459,2.25,23500,0,0,0.0,1.278409097836284,2.190999984741211,2.395174965861143,1.9868250036212787,2.2049999237060547,2.2350000143051147,2.2174999713897705,2.3350000381469727,2.359999895095825
2021-09-07,2.150000095367432,2.430000066757202,2.130000114440918,2.359999895095825,127800,0,0,0.04888884226481127,1.340909038570302,2.1959999799728394,2.4114029315750964,1.9805970283705823,2.2549999952316284,2.2350000143051147,2.3550000190734863,2.3350000381469727,2.319999933242798
2021-09-08,2.380000114440918,2.440000057220459,2.299999952316284,2.390000104904175,73500,0,0,0.012711953873680848,1.3579546124174093,2.203499984741211,2.4345608892602275,1.9724390802221947,2.2699999809265137,2.1699999570846558,2.384999990463257,2.3550000190734863,2.390000104904175
2021-09-09,2.3499999046325684,2.470000028610229,2.319999933242798,2.369999885559082,73400,0,0,-0.00836829224570046,1.3465908513643035,2.203499984741211,2.4345608892602275,1.9724390802221947,2.3000000715255737,2.1699999570846558,2.384999990463257,2.3550000190734863,2.309999942779541
2021-09-10,2.400000095367432,3.180000066757202,2.400000095367432,2.880000114440918,2481400,0,0,0.2151899803832804,1.6363637102536928,2.23199999332428,2.6066248629030078,1.8573751237455518,2.65500009059906,2.4700000286102295,2.384999990463257,2.3550000190734863,2.3399999141693115
2021-09-13,2.809999942779541,2.900000095367432,2.180000066757202,2.220000028610229,1519100,0,0,-0.22916668736272316,1.261363659454279,2.2449999928474424,2.5981723679817206,1.8918276177131643,2.65500009059906,2.4700000286102295,2.384999990463257,2.3550000190734863,2.369999885559082
2021-09-14,2.220000028610229,2.440000057220459,2.130000114440918,2.299999952316284,489000,0,0,0.03603600120498052,1.306818161806292,2.2474999904632567,2.601494369552991,1.8935056113735225,2.65500009059906,2.4700000286102295,2.384999990463257,2.3550000190734863,2.4100000858306885
2021-09-15,2.2699999809265137,2.549999952316284,2.200000047683716,2.450000047683716,262900,0,0,0.0652174341205396,1.3920454891814185,2.265499997138977,2.6222594412549913,1.9087405530229622,2.65500009059906,2.4700000286102295,2.3575000166893005,2.3550000190734863,2.369999885559082
2021-09-16,2.490000009536743,2.549999952316284,2.430000066757202,2.470000028610229,97400,0,0,0.008163257362146403,1.4034091147694214,2.285500001907349,2.6410104294078844,1.9299895744068132,2.65500009059906,2.4700000286102295,2.3575000166893005,2.3550000190734863,2.25
2021-09-17,2.470000028610229,2.559999942779541,2.380000114440918,2.470000028610229,209600,0,0,0.0,1.4034091147694214,2.3075000047683716,2.6511772794442057,1.9638227300925375,2.65500009059906,2.4700000286102295,2.3575000166893005,2.3550000190734863,2.2799999713897705
2021-09-20,2.3499999046325684,2.450000047683716,2.3499999046325684,2.4200000762939453,79800,0,0,-0.02024289544013358,1.3750000507994136,2.3240000128746034,2.655673461291842,1.9923265644573653,2.65500009059906,2.4700000286102295,2.3575000166893005,2.3550000190734863,2.289999961853028
2021-09-21,2.4200000762939453,2.440000057220459,2.259999990463257,2.440000057220459,62000,0,0,0.008264454667762822,1.386363676387417,2.335000014305115,2.6667405163302242,2.0032595122800054,2.65500009059906,2.5950000286102295,2.2024999856948853,2.2350000143051147,2.309999942779541
2021-09-22,2.440000057220459,2.5299999713897705,2.4100000858306885,2.470000028610229,81200,0,0,0.012295069953377258,1.4034091147694214,2.3500000119209288,2.677600695673805,2.0223993281680523,2.65500009059906,2.5950000286102295,2.2024999856948853,2.2350000143051147,2.390000104904175
2021-09-23,2.4800000190734863,2.5899999141693115,2.430000066757202,2.559999942779541,108800,0,0,0.03643721179224091,1.4545454299154361,2.372500014305115,2.692727221200882,2.0522728074093477,2.515000104904175,2.5950000286102295,2.2024999856948853,2.2350000143051147,2.25
2021-09-24,2.559999942779541,2.720000028610229,2.490000009536743,2.7100000381469727,137600,0,0,0.05859378856257624,1.5397727572905628,2.400500011444092,2.7357553565013415,2.0652446663868425,2.4250000715255737,2.5950000286102295,2.199999988079071,2.2350000143051147,2.220000028610229
2021-09-27,2.7300000190734863,2.799999952316284,2.6600000858306885,2.690000057220459,47000,0,0,-0.00738006665866664,1.5284091317025597,2.425000011920929,2.769653973029649,2.0803460508122087,2.5,2.600000023841858,2.175000011920929,2.2350000143051147,2.2799999713897705
2021-09-28,2.6600000858306885,2.690000057220459,2.509999990463257,2.569999933242798,54400,0,0,-0.04460971056694163,1.4602272427094378,2.4415000081062317,2.780640872480452,2.1023591437320115,2.5299999713897705,2.6050000190734863,2.175000011920929,2.2350000143051147,2.2300000190734863
2021-09-29,2.609999895095825,2.630000114440918,2.4800000190734863,2.5199999809265137,42800,0,0,-0.0194552348696736,1.4318181787394297,2.453000009059906,2.78629712828287,2.119702889836942,2.5299999713897705,2.6299999952316284,2.175000011920929,2.2350000143051147,2.1700000762939453
2021-09-30,2.509999990463257,2.650000095367432,2.450000047683716,2.559999942779541,180800,0,0,0.01587300085546861,1.4545454299154361,2.4675000071525575,2.7927391533502366,2.1422608609548783,2.5299999713897705,2.6299999952316284,2.175000011920929,2.2350000143051147,2.470000028610229
2021-10-01,2.569999933242798,2.5899999141693115,2.440000057220459,2.559999942779541,95900,0,0,0.0,1.4545454299154361,2.4830000042915343,2.7944067110509905,2.171593297532078,2.5299999713897705,2.6399999856948853,2.175000011920929,2.2350000143051147,2.3499999046325684
2021-10-04,2.5299999713897705,2.630000114440918,2.440000057220459,2.440000057220459,84900,0,0,-0.046874956344253316,1.386363676387417,2.4925000071525574,2.7857684293705978,2.199231584934517,2.6050000190734863,2.65500009059906,2.237500011920929,2.2350000143051147,2.319999933242798
2021-10-05,2.440000057220459,2.5899999141693115,2.400000095367432,2.4600000381469727,39800,0,0,0.00819671330225158,1.3977273019754202,2.497500014305115,2.784848478224845,2.210151550385385,2.600000023841858,2.65500009059906,2.1949999928474426,2.2350000143051147,2.289999961853028
2021-10-06,2.430000066757202,2.4600000381469727,2.390000104904175,2.400000095367432,60400,0,0,-0.02439022026387294,1.3636364252114108,2.4980000138282774,2.7846245785342765,2.2113754491222783,2.5950000286102295,2.65500009059906,2.1949999928474426,2.2350000143051147,2.3499999046325684
2021-10-07,2.400000095367432,2.5,2.299999952316284,2.4100000858306885,47100,0,0,0.004166662527455234,1.3693182380054123,2.500000023841858,2.7835322786540644,2.2164677690296513,2.549999952316284,2.65500009059906,2.197499990463257,2.2350000143051147,2.380000114440918
2021-10-08,2.4200000762939453,2.4600000381469727,2.3499999046325684,2.4100000858306885,53200,0,0,0.0,1.3693182380054123,2.4765000224113463,2.701442048429543,2.2515579963931494,2.4950000047683716,2.65500009059906,2.2049999833106995,2.2350000143051147,2.359999895095825
2021-10-11,2.390000104904175,2.450000047683716,2.359999895095825,2.400000095367432,12100,0,0,-0.004149373488428587,1.3636364252114108,2.4855000257492064,2.680825726086585,2.2901743254118276,2.475000023841858,2.65500009059906,2.2074999809265137,2.2350000143051147,2.3299999237060547
2021-10-12,2.400000095367432,2.4600000381469727,2.309999942779541,2.359999895095825,105200,0,0,-0.016666749450892415,1.3409090385703017,2.4885000228881835,2.6738183455649356,2.3031817002114314,2.475000023841858,2.65500009059906,2.2199999690055847,2.2350000143051147,2.390000104904175
2021-10-13,2.400000095367432,2.4200000762939453,2.2699999809265137,2.319999933242798,88000,0,0,-0.016949137131806236,1.3181817873942951,2.4820000171661376,2.6810300539565097,2.2829699803757655,2.450000047683716,2.65500009059906,2.2450000047683716,2.2350000143051147,2.2799999713897705
2021-10-14,2.289999961853028,2.400000095367432,2.289999961853028,2.390000104904175,28000,0,0,0.03017248865327926,1.357954612417409,2.478000020980835,2.681052891556667,2.274947150405003,2.450000047683716,2.65500009059906,2.2199999690055847,2.2350000143051147,2.130000114440918
2021-10-15,2.359999895095825,2.440000057220459,2.299999952316284,2.309999942779541,79000,0,0,-0.03347286971263186,1.3124999746002934,2.4700000166893004,2.6860216044100453,2.2539784289685554,2.4299999475479126,2.65500009059906,2.2350000143051147,2.2350000143051147,2.049999952316284
2021-10-18,2.289999961853028,2.3399999141693115,2.289999961853028,2.3399999141693115,22500,0,0,0.012987000923330161,1.3295454129822983,2.4660000085830687,2.688513290171316,2.2434867269948215,2.384999990463257,2.515000104904175,2.5625000596046448,2.4700000286102295,2.049999952316284
2021-10-19,2.2699999809265137,2.369999885559082,2.25,2.369999885559082,22400,0,0,0.012820501064172207,1.3465908513643032,2.4625,2.688750584997323,2.236249415002677,2.375,2.465000033378601,2.5625000596046448,2.4700000286102295,2.130000114440918
2021-10-20,2.3399999141693115,2.440000057220459,2.3399999141693115,2.4100000858306885,29300,0,0,0.016877722448569,1.369318238005412,2.4595000028610228,2.6868737982856183,2.232126207436427,2.3550000190734863,2.5,2.5625000596046448,2.4700000286102295,2.119999885559082
2021-10-21,2.4100000858306885,2.4200000762939453,2.3399999141693115,2.369999885559082,21900,0,0,-0.016597592882582446,1.346590851364303,2.45,2.675635372477518,2.2243646275224824,2.3550000190734863,2.524999976158142,2.5625000596046448,2.4700000286102295,2.069999933242798
2021-10-22,2.3499999046325684,2.359999895095825,2.2100000381469727,2.25,62000,0,0,-0.050632865550022665,1.2784090978362836,2.4269999980926515,2.634826182300259,2.2191738138850443,2.3350000381469727,2.5049999952316284,2.5625000596046448,2.4700000286102295,2.009999990463257
2021-10-25,2.25,2.289999961853028,2.1600000858306885,2.2799999713897705,44800,0,0,0.013333320617675781,1.2954545362182885,2.406499993801117,2.58503901904495,2.227960968557284,2.3000000715255737,2.4800000190734863,2.5625000596046448,2.4700000286102295,1.899999976158142
2021-10-26,2.2799999713897705,2.3399999141693115,2.180000066757202,2.289999961853028,68800,0,0,0.004385960784535348,1.3011363490122905,2.3924999952316286,2.5610906029042186,2.2239093875590386,2.3000000715255737,2.4800000190734863,2.5625000596046448,2.4700000286102295,2.0
2021-10-27,2.25,2.3499999046325684,2.25,2.309999942779541,12800,0,0,0.008733616270600209,1.3124999746002937,2.3819999933242797,2.5434505337540614,2.220549452894498,2.3000000715255737,2.4800000190734863,2.6250000596046448,2.4700000286102295,2.059999942779541
2021-10-28,2.289999961853028,2.400000095367432,2.289999961853028,2.390000104904175,39800,0,0,0.034632105673722435,1.3579546124174091,2.3735000014305117,2.512715254237477,2.2342847486235464,2.3000000715255737,2.4800000190734863,2.6250000596046448,2.4700000286102295,1.950000047683716
2021-10-29,2.3499999046325684,2.3499999046325684,2.25,2.25,53800,0,0,-0.05857744717956315,1.278409097836284,2.3580000042915343,2.478252283377438,2.237747725205631,2.3000000715255737,2.4800000190734863,2.555000066757202,2.4700000286102295,1.899999976158142
2021-11-01,2.25,2.450000047683716,2.220000028610229,2.220000028610229,86100,0,0,-0.013333320617676003,1.261363659454279,2.347000002861023,2.4753054321124877,2.2186945736095582,2.305000066757202,2.4800000190734863,2.5100000500679016,2.4700000286102295,1.899999976158142
2021-11-02,2.200000047683716,2.2799999713897705,2.1600000858306885,2.2799999713897705,99200,0,0,0.027027000903735443,1.2954545362182888,2.337999999523163,2.4582522609707125,2.217747738075613,2.305000066757202,2.4250000715255737,2.550000011920929,2.4700000286102295,1.899999976158142
2021-11-03,2.259999990463257,2.2799999713897705,2.200000047683716,2.2300000190734863,23500,0,0,-0.02192980392267585,1.2670454722482807,2.3294999957084657,2.454997249698212,2.2040027417187193,2.305000066757202,2.40500009059906,2.5674999952316284,2.4700000286102295,1.919999957084656
2021-11-04,2.2300000190734863,2.2699999809265137,2.1600000858306885,2.1700000762939453,77300,0,0,-0.026905803706885,1.232954595484271,2.3174999952316284,2.4553432370615758,2.179656753401681,2.305000066757202,2.40500009059906,2.5799999833106995,2.4700000286102295,1.870000004768372
2021-11-05,2.200000047683716,2.4800000190734863,2.200000047683716,2.470000028610229,248300,0,0,0.13824882109158332,1.4034091147694217,2.3204999923706056,2.4686099151138867,2.1723900696273244,2.3200000524520874,2.3950001001358032,2.5799999833106995,2.4700000286102295,1.870000004768372
2021-11-08,2.4800000190734863,2.490000009536743,2.309999942779541,2.3499999046325684,52900,0,0,-0.04858304558206017,1.3352272257763,2.317999982833862,2.4622544051182746,2.17374556054945,2.325000047683716,2.3950001001358032,2.584999978542328,2.4700000286102295,1.850000023841858
2021-11-09,2.3299999237060547,2.359999895095825,2.2699999809265137,2.319999933242798,21300,0,0,-0.012765945790308875,1.3181817873942954,2.315999984741211,2.4589591089617713,2.1730408605206506,2.325000047683716,2.375,2.630000054836273,2.4700000286102295,1.8600000143051147
2021-11-10,2.299999952316284,2.3399999141693115,2.2699999809265137,2.289999961853028,27400,0,0,-0.012931022522848723,1.3011363490122907,2.3144999861717226,2.45789335444767,2.171106617895775,2.325000047683716,2.3300000429153442,2.627500057220459,2.4700000286102295,1.8600000143051147
2021-11-11,2.299999952316284,2.3499999046325684,2.2799999713897705,2.3499999046325684,14100,0,0,0.026200848811800626,1.3352272257763,2.312499976158142,2.452670431986002,2.1723295203302824,2.325000047683716,2.3300000429153442,2.6250000596046448,2.4700000286102295,1.7400000095367432
2021-11-12,2.319999933242798,2.4100000858306885,2.299999952316284,2.380000114440918,30800,0,0,0.012766047245027501,1.3522727996234072,2.315999984741211,2.459241689104889,2.1727582803775327,2.325000047683716,2.325000047683716,2.602500021457672,2.4700000286102295,1.7400000095367432
2021-11-15,2.359999895095825,2.430000066757202,2.309999942779541,2.359999895095825,47200,0,0,-0.008403453102266312,1.3409090385703015,2.316999983787537,2.461184306310263,2.1728156612648104,2.325000047683716,2.325000047683716,2.575000047683716,2.4700000286102295,1.7300000190734863
2021-11-16,2.359999895095825,2.369999885559082,2.309999942779541,2.3299999237060547,46000,0,0,-0.012711852848854677,1.3238636001882966,2.314999985694885,2.4572644060998607,2.1727355652899094,2.325000047683716,2.325000047683716,2.565000057220459,2.4700000286102295,1.75
2021-11-17,2.3499999046325684,2.450000047683716,2.309999942779541,2.390000104904175,125800,0,0,0.025751151572007247,1.3579546124174087,2.3139999866485597,2.4538129942318667,2.1741869790652526,2.3450000286102295,2.325000047683716,2.565000057220459,2.4700000286102295,1.7200000286102295
2021-11-18,2.380000114440918,2.440000057220459,2.25,2.2799999713897705,58200,0,0,-0.04602515844609745,1.2954545362182885,2.309499990940094,2.447577714885423,2.171422266994765,2.3700000047683716,2.325000047683716,2.552500069141388,2.4700000286102295,1.7000000476837158
2021-11-19,2.25,2.309999942779541,2.049999952316284,2.130000114440918,227900,0,0,-0.06578941176802755,1.2102273443082645,2.30349999666214,2.46072170974705,2.14627828357723,2.25,2.2699999809265137,2.552500069141388,2.4700000286102295,1.6799999475479126
2021-11-22,2.0999999046325684,2.150000095367432,2.0199999809265137,2.049999952316284,94100,0,0,-0.037558759542899,1.164772706491149,2.2919999957084656,2.4845236864400673,2.099476304976864,2.2350000143051147,2.2549999952316284,2.5425000190734863,2.4700000286102295,1.7400000095367432
2021-11-23,2.069999933242798,2.0899999141693115,1.9700000286102293,2.049999952316284,122400,0,0,0.0,1.164772706491149,2.2799999952316283,2.499825575090621,2.060174415372636,2.2100000381469727,2.2300000190734863,2.450000047683716,2.4700000286102295,1.7200000286102295
2021-11-24,2.059999942779541,2.130000114440918,2.0,2.130000114440918,36900,0,0,0.03902447023681255,1.2102273443082645,2.2710000038146974,2.499829689989279,2.0421703176401156,2.2100000381469727,2.2300000190734863,2.4200000166893005,2.4700000286102295,1.7899999618530271
2021-11-26,2.109999895095825,2.119999885559082,2.0299999713897705,2.119999885559082,17000,0,0,-0.004694942884761688,1.2045453960491603,2.2574999928474426,2.4885258850211907,2.0264741006736946,2.2100000381469727,2.2300000190734863,2.427500009536743,2.4700000286102295,1.7999999523162842
2021-11-29,2.119999885559082,2.119999885559082,2.049999952316284,2.069999933242798,14200,0,0,-0.023584884441207543,1.1761363320791522,2.2484999895095825,2.493739200753721,2.003260778265444,2.2100000381469727,2.2300000190734863,2.439999997615814,2.4700000286102295,1.7999999523162842
2021-11-30,2.069999933242798,2.069999933242798,1.9800000190734863,2.009999990463257,131500,0,0,-0.02898548053842054,1.1420454553151427,2.237999987602234,2.504520543898228,1.97147943130624,2.2100000381469727,2.2300000190734863,2.4200000166893005,2.4700000286102295,1.7899999618530271
2021-12-01,2.0299999713897705,2.0899999141693115,1.899999976158142,1.899999976158142,80800,0,0,-0.05472637553583393,1.0795454468485737,2.2189999878406526,2.5228349311972273,1.9151650444840775,2.1700000166893005,2.1949999928474426,2.39000004529953,2.4700000286102295,1.7899999618530271
2021-12-02,1.9299999475479128,2.0299999713897705,1.899999976158142,2.0,66600,0,0,0.052631592156154205,1.136363642521141,2.2074999868869782,2.5260178431575553,1.8889821306164012,2.1049999594688416,2.1949999928474426,2.39000004529953,2.4700000286102295,1.75
2021-12-03,2.0,2.0899999141693115,1.899999976158142,2.059999942779541,87100,0,0,0.029999971389770508,1.1704545192851505,2.2019999802112578,2.5267242626583264,1.8772756977641891,2.025000035762787,2.1949999928474426,2.39000004529953,2.5950000286102295,1.7999999523162842
2021-12-06,2.049999952316284,2.049999952316284,1.8799999952316284,1.950000047683716,70700,0,0,-0.053398008811302744,1.1079545785511329,2.1759999811649324,2.4938521945993974,1.8581477677304672,2.005000054836273,2.185000002384186,2.39000004529953,2.5950000286102295,1.7799999713897705
2021-12-07,1.919999957084656,2.0,1.8799999952316284,1.899999976158142,106100,0,0,-0.025641061693801426,1.0795454468485735,2.153499984741211,2.482533971740706,1.824465997741716,2.005000054836273,2.185000002384186,2.39000004529953,2.5950000286102295,1.7999999523162842
2021-12-08,1.919999957084656,1.9900000095367432,1.8899999856948853,1.899999976158142,147800,0,0,0.0,1.0795454468485735,2.132499986886978,2.469943406622698,1.795056567151258,1.9999999403953552,2.185000002384186,2.3925000429153442,2.5950000286102295,1.6399999856948853
2021-12-09,1.899999976158142,1.9700000286102293,1.899999976158142,1.899999976158142,99900,0,0,0.0,1.0795454468485735,2.112999987602234,2.456866902842335,1.7691330723621332,1.9999999403953552,2.185000002384186,2.365000069141388,2.600000023841858,1.5800000429153442
2021-12-10,1.870000004768372,1.9299999475479128,1.8600000143051147,1.919999957084656,97000,0,0,0.010526305882884612,1.0909090724365769,2.0914999902248383,2.426984415585885,1.756015564863792,1.9749999642372131,2.175000011920929,2.355000078678131,2.6050000190734863,1.590000033378601
2021-12-13,1.899999976158142,1.9299999475479128,1.850000023841858,1.870000004768372,59800,0,0,-0.026041642413473953,1.062500008466569,2.065999984741211,2.386954022437802,1.7450459470446198,1.9699999690055847,2.1700000166893005,2.355000078678131,2.6299999952316284,1.5700000524520874
2021-12-14,1.850000023841858,1.909999966621399,1.840000033378601,1.870000004768372,43100,0,0,0.0,1.062500008466569,2.041499990224838,2.342954930991771,1.7400450494579052,1.9649999737739563,2.165000021457672,2.3575000762939453,2.6299999952316284,1.5199999809265137
2021-12-15,1.8899999856948853,1.8899999856948853,1.830000042915344,1.850000023841858,97600,0,0,-0.010695176938778306,1.0511363828785656,2.0174999952316286,2.2988039639382425,1.736196026525015,1.9599999785423279,2.14000004529953,2.3600000739097595,2.6399999856948853,1.409999966621399
2021-12-16,1.850000023841858,1.870000004768372,1.850000023841858,1.8600000143051147,45500,0,0,0.005405400180747089,1.0568181956725673,1.9909999907016753,2.2217653746311723,1.7602346067721784,1.9399999976158142,2.14000004529953,2.350000023841858,2.65500009059906,1.409999966621399
2021-12-17,1.830000042915344,1.8799999952316284,1.8200000524520876,1.8600000143051147,35200,0,0,0.0,1.0568181956725673,1.9699999928474425,2.1650693629687408,1.7749306227261443,1.9100000262260437,2.1350000500679016,2.32750004529953,2.65500009059906,1.4500000476837158
2021-12-20,1.830000042915344,1.850000023841858,1.7200000286102295,1.7400000095367432,372500,0,0,-0.06451613109971022,0.9886363744119967,1.950499987602234,2.155522353692176,1.745477621512292,1.8550000190734863,2.0850000381469727,2.32750004529953,2.65500009059906,1.409999966621399
2021-12-21,1.75,1.7999999523162842,1.7200000286102295,1.7400000095367432,158700,0,0,0.0,0.9886363744119967,1.9349999904632569,2.1541346291602013,1.7158653517663123,1.8450000286102295,2.0850000381469727,2.325000047683716,2.65500009059906,1.3799999952316284
2021-12-22,1.7300000190734863,1.7799999713897705,1.7200000286102295,1.7300000190734863,135400,0,0,-0.0057471209243954435,0.9829545616179951,1.9189999938011169,2.148799550910905,1.689200436691329,1.824999988079071,2.0850000381469727,2.325000047683716,2.65500009059906,1.4800000190734863
2021-12-23,1.7799999713897705,1.8200000524520876,1.7400000095367432,1.75,72700,0,0,0.011560682489023755,0.9943181872059983,1.899999988079071,2.119365146779084,1.680634829379058,1.824999988079071,2.0850000381469727,2.325000047683716,2.65500009059906,1.5099999904632568
2021-12-27,1.7300000190734863,1.75,1.7000000476837158,1.7200000286102295,71800,0,0,-0.017142840794154623,0.9772727488239934,1.8799999952316284,2.088010891124919,1.671989099338338,1.8050000071525574,2.0700000524520874,2.3350000381469727,2.65500009059906,1.4500000476837158
2021-12-28,1.7100000381469729,1.7699999809265137,1.7000000476837158,1.7000000476837158,47600,0,0,-0.011627895694091173,0.9659091232359902,1.8615000009536744,2.0643212192995244,1.6586787826078244,1.7950000166893005,2.0049999952316284,2.3475000262260437,2.65500009059906,1.440000057220459
2021-12-29,1.7000000476837158,1.7200000286102295,1.649999976158142,1.6799999475479126,129700,0,0,-0.01176476445577379,0.9545454299154358,1.844999998807907,2.05051732790407,1.6394826697117444,1.7649999856948853,1.900000035762787,2.259999990463257,2.615000009536743,1.440000057220459
2021-12-30,1.6799999475479126,1.75,1.6799999475479126,1.7400000095367432,95400,0,0,0.03571432372745331,0.9886363744119967,1.8370000004768372,2.0457967580622096,1.6282032428914646,1.7649999856948853,1.89000004529953,2.2450000047683716,2.600000023841858,1.409999966621399
2021-12-31,1.7000000476837158,1.8200000524520876,1.6699999570846558,1.7200000286102295,144400,0,0,-0.011494241848790776,0.9772727488239935,1.8230000019073487,2.0234976370121425,1.6225023668025547,1.75,1.89000004529953,2.2200000286102295,2.4350000619888306,1.4199999570846558
2022-01-03,1.7799999713897705,1.7999999523162842,1.7200000286102295,1.7899999618530271,72600,0,0,0.040697634929319104,1.0170454383820045,1.8095000028610229,1.9778025017902383,1.6411975039318074,1.7350000143051147,1.884999930858612,2.2200000286102295,2.384999990463257,1.7300000190734863
2022-01-04,1.7999999523162842,1.8799999952316284,1.75,1.7999999523162842,20500,0,0,0.005586586970038221,1.0227272511760062,1.8019999980926513,1.9573230233926862,1.6466769727926165,1.7649999856948853,1.884999930858612,2.2200000286102295,2.384999990463257,1.8600000143051147
2022-01-05,1.8600000143051147,1.8600000143051147,1.7799999713897705,1.7999999523162842,49200,0,0,0.0,1.0227272511760062,1.7969999969005586,1.9456039314453983,1.6483960623557188,1.7649999856948853,1.8699999451637268,2.2200000286102295,2.384999990463257,1.909999966621399
2022-01-06,1.830000042915344,1.850000023841858,1.7599999904632568,1.7899999618530271,17300,0,0,-0.005555550404536813,1.0170454383820045,1.7914999961853026,1.9323037064342077,1.6506962859363976,1.7649999856948853,1.8699999451637268,2.2200000286102295,2.384999990463257,1.8200000524520876
2022-01-07,1.809999942779541,1.8600000143051147,1.7699999809265137,1.7899999618530271,14200,0,0,0.0,1.0170454383820045,1.785999995470047,1.9176191086364818,1.6543808823036121,1.7649999856948853,1.8699999451637268,2.1825000047683716,2.349999964237213,1.7599999904632568
2022-01-10,1.7899999618530271,1.7999999523162842,1.75,1.75,22700,0,0,-0.02234634788015233,0.9943181872059982,1.7774999976158141,1.8943886313284666,1.6606113639031617,1.7649999856948853,1.8699999451637268,2.149999976158142,2.349999964237213,1.870000004768372
2022-01-11,1.7999999523162842,1.8200000524520876,1.7599999904632568,1.7999999523162842,19200,0,0,0.028571401323590928,1.0227272511760062,1.77399999499321,1.8834796289579931,1.6645203610284267,1.774999976158142,1.8499999642372131,2.1100000143051147,2.349999964237213,1.7899999618530271
2022-01-12,1.7799999713897705,1.7899999618530271,1.75,1.7799999713897705,16000,0,0,-0.011111100809073515,1.011363625588003,1.7694999933242799,1.8697387266079597,1.6692612600406,1.774999976158142,1.824999988079071,2.0950000286102295,2.3399999737739563,1.7999999523162842
2022-01-13,1.7699999809265137,1.7999999523162842,1.7699999809265137,1.7999999523162842,11000,0,0,0.01123594452133525,1.0227272511760062,1.766999989748001,1.8613417981663911,1.672658181329611,1.800000011920929,1.8199999928474426,2.0950000286102295,2.3399999737739563,
2022-01-14,1.7899999618530271,1.7999999523162842,1.6299999952316284,1.6399999856948853,105500,0,0,-0.08888887269997259,0.9318181787394293,1.7559999883174897,1.8556165266525377,1.6563834499824417,1.7549999952316284,1.800000011920929,2.0924999713897705,2.3399999737739563,
2022-01-18,1.6100000143051147,1.6299999952316284,1.559999942779541,1.5800000429153442,129700,0,0,-0.03658533128225516,0.8977273019754196,1.7419999897480012,1.856921732450476,1.6270782470455263,1.7099999785423279,1.7449999451637268,2.0924999713897705,2.2850000262260437,
2022-01-19,1.5700000524520874,1.600000023841858,1.559999942779541,1.590000033378601,20500,0,0,0.00632910771622841,0.9034091147694212,1.734499990940094,1.8673537377315057,1.6016462441486823,1.7099999785423279,1.7449999451637268,2.074999988079071,2.255000054836273,
2022-01-20,1.559999942779541,1.590000033378601,1.559999942779541,1.5700000524520874,26000,0,0,-0.012578604092237433,0.892045489181418,1.7259999930858612,1.8770732592022665,1.5749267269694558,1.7099999785423279,1.73499995470047,2.0699999928474426,2.2500000596046448,
2022-01-21,1.559999942779541,1.5700000524520874,1.3899999856948853,1.5199999809265137,142000,0,0,-0.031847178251670494,0.8636363574788588,1.7154999911785125,1.8914379979541398,1.5395619844028852,1.6050000190734863,1.6399999856948853,2.064999997615814,2.2350000739097595,
2022-01-24,1.440000057220459,1.4800000190734863,1.340000033378601,1.409999966621399,111500,0,0,-0.07236843137199545,0.8011363490122899,1.6984999895095825,1.918534686447933,1.478465292571232,1.5800000429153442,1.6100000143051147,2.050000011920929,2.230000078678131,
2022-01-25,1.409999966621399,1.4500000476837158,1.350000023841858,1.409999966621399,49500,0,0,0.0,0.8011363490122899,1.682999986410141,1.9363356769755795,1.4296642958447026,1.5699999928474426,1.6100000143051147,2.040000021457672,2.209999978542328,
2022-01-26,1.4199999570846558,1.4900000095367432,1.409999966621399,1.4500000476837158,19700,0,0,0.028368852488815266,0.8238636679208476,1.670499986410141,1.9433833963007314,1.3976165765195507,1.5699999928474426,1.6100000143051147,2.0225000381469727,2.1600000262260437,
2022-01-27,1.440000057220459,1.4600000381469729,1.409999966621399,1.409999966621399,16900,0,0,-0.02758626189441482,0.8011363490122899,1.6569999873638153,1.952686912559187,1.3613130621684435,1.5699999928474426,1.6100000143051147,1.9700000286102295,2.1100000143051147,
2022-01-28,1.409999966621399,1.440000057220459,1.350000023841858,1.3799999952316284,98000,0,0,-0.02127657595741339,0.7840909106302851,1.6389999866485596,1.9556093375125279,1.3223906357845914,1.4850000143051147,1.6100000143051147,1.965000033378601,2.1050000190734863,
2022-01-31,1.3600000143051147,1.4900000095367432,1.3600000143051147,1.4800000190734863,63900,0,0,0.0724637856430379,0.8409091063028525,1.6269999861717224,1.94862734634517,1.3053726259982747,1.4700000286102295,1.6100000143051147,1.9550000131130219,2.1050000190734863,
2022-02-01,1.4800000190734863,1.559999942779541,1.4600000381469729,1.5099999904632568,59000,0,0,0.020270250677801416,0.8579545446848573,1.6129999876022338,1.9293026547046648,1.296697320499803,1.465000033378601,1.6100000143051147,1.9550000131130219,2.1050000190734863,
2022-02-02,1.5099999904632568,1.5099999904632568,1.4199999570846558,1.4500000476837158,42900,0,0,-0.03973506169436036,0.8238636679208476,1.5954999923706055,1.9071256885091221,1.2838742962320888,1.4550000429153442,1.6100000143051147,1.9375000298023224,2.0950000286102295,
2022-02-03,1.4299999475479126,1.4500000476837158,1.4199999570846558,1.440000057220459,30200,0,0,-0.00689654492027858,0.818181855126846,1.5774999976158142,1.8812001200830664,1.273799875148562,1.449999988079071,1.6100000143051147,1.9000000059604645,2.0950000286102295,
2022-02-04,1.4600000381469729,1.4600000381469729,1.4299999475479126,1.440000057220459,7300,0,0,0.0,0.818181855126846,1.5600000023841858,1.8527249254945173,1.2672750792738543,1.4549999833106995,1.6100000143051147,1.832500010728836,2.0699999928474426,
2022-02-07,1.4299999475479126,1.440000057220459,1.399999976158142,1.409999966621399,69700,0,0,-0.020833395421502532,0.8011363490122899,1.5410000026226043,1.8204307070656403,1.2615692981795683,1.4549999833106995,1.6100000143051147,1.8275000154972076,2.0699999928474426,
2022-02-08,1.399999976158142,1.4900000095367432,1.350000023841858,1.4199999570846558,210500,0,0,0.0070921919858044635,0.8068181618062915,1.5245000004768372,1.7911627401856398,1.2578372607680346,1.4549999833106995,1.6100000143051147,1.820000022649765,2.0699999928474426,
2022-02-09,1.5199999809265137,1.75,1.4199999570846558,1.7300000190734863,133800,0,0,0.21830990940681372,0.982954561617995,1.5210000038146974,1.774479327930611,1.2675206796987837,1.550000011920929,1.6100000143051147,1.8099999725818634,2.0699999928474426,
2022-02-10,1.7400000095367432,1.919999957084656,1.7000000476837158,1.8600000143051147,103500,0,0,0.07514450508575754,1.056818195672567,1.5250000059604645,1.7967716312424058,1.2532283806785232,1.6349999904632568,1.6299999952316284,1.8249999582767487,2.0699999928474426,
2022-02-11,1.8799999952316284,1.919999957084656,1.7999999523162842,1.909999966621399,78400,0,0,0.026881694586956106,1.085227259642575,1.5305000066757202,1.8278490394224027,1.2331509739290376,1.6349999904632568,1.6299999952316284,1.817499965429306,2.0699999928474426,
2022-02-14,1.899999976158142,1.899999976158142,1.75,1.8200000524520876,31600,0,0,-0.04712037473409603,1.0340909444965607,1.5395000100135803,1.859828207918507,1.2191718121086537,1.6349999904632568,1.6299999952316284,1.817499965429306,2.0699999928474426,
2022-02-15,1.850000023841858,1.850000023841858,1.7599999904632568,1.7599999904632568,6100,0,0,-0.03296706607672495,0.9999999999999997,1.548500007390976,1.8828373621812673,1.2141626526006848,1.6349999904632568,1.6299999952316284,1.817499965429306,2.0699999928474426,
2022-02-16,1.7799999713897705,1.940000057220459,1.7599999904632568,1.870000004768372,31100,0,0,0.06250000846656922,1.0625000084665688,1.5625000059604646,1.9251836443582906,1.1998163675626385,1.6450000405311584,1.64000004529953,1.817499965429306,2.0699999928474426,
2022-02-17,1.850000023841858,1.850000023841858,1.7899999618530271,1.7899999618530271,18500,0,0,-0.042780771503395876,1.0170454383820042,1.5735000014305114,1.94966926523196,1.1973307376290627,1.6450000405311584,1.64000004529953,1.8124999701976776,2.0699999928474426,
2022-02-18,1.7599999904632568,1.825700044631958,1.75,1.7999999523162842,13808,0,0,0.005586586970038221,1.022727251176006,1.5875,1.9754494627103711,1.1995505372896287,1.6450000405311584,1.64000004529953,1.7999999821186066,2.0699999928474426,
