Date,Open,High,Low,Close,Volume,Dividends,Stock Splits,daily_return,cum_return,middle_band,upper_band,lower_band,Conversion,Baseline,SpanA,SpanB,Lagging
2019-06-04,9.850000381469728,9.850000381469728,9.850000381469728,9.850000381469728,500,0,0,,,,,,,,,,9.850000381469728
2019-06-05,9.850000381469728,9.850000381469728,9.850000381469728,9.850000381469728,0,0,0,0.0,1.0,,,,,,,,9.850000381469728
2019-06-06,9.850000381469728,9.850000381469728,9.850000381469728,9.850000381469728,0,0,0,0.0,1.0,,,,,,,,9.850000381469728
2019-06-07,9.850000381469728,9.850000381469728,9.850000381469728,9.850000381469728,0,0,0,0.0,1.0,,,,,,,,9.850000381469728
2019-06-10,9.850000381469728,9.850000381469728,9.850000381469728,9.850000381469728,0,0,0,0.0,1.0,,,,,,,,9.850000381469728
2019-06-11,9.850000381469728,9.850000381469728,9.850000381469728,9.850000381469728,0,0,0,0.0,1.0,,,,,,,,9.850000381469728
2019-06-12,9.824999809265137,9.824999809265137,9.824999809265137,9.824999809265137,60000,0,0,-0.002538129059530214,0.9974618709404698,,,,,,,,9.850000381469728
2019-06-13,9.824999809265137,9.824999809265137,9.824999809265137,9.824999809265137,0,0,0,0.0,0.9974618709404698,,,,,,,,9.850000381469728
2019-06-14,9.824999809265137,9.824999809265137,9.824999809265137,9.824999809265137,0,0,0,0.0,0.9974618709404698,,,,9.837500095367432,,,,9.850000381469728
2019-06-17,9.824999809265137,9.824999809265137,9.824999809265137,9.824999809265137,100,0,0,0.0,0.9974618709404698,,,,9.837500095367432,,,,9.850000381469728
2019-06-18,9.824999809265137,9.824999809265137,9.824999809265137,9.824999809265137,0,0,0,0.0,0.9974618709404698,,,,9.837500095367432,,,,9.850000381469728
2019-06-19,9.824999809265137,9.824999809265137,9.824999809265137,9.824999809265137,0,0,0,0.0,0.9974618709404698,,,,9.837500095367432,,,,9.850000381469728
2019-06-20,9.824999809265137,9.824999809265137,9.824999809265137,9.824999809265137,0,0,0,0.0,0.9974618709404698,,,,9.837500095367432,,,,9.850000381469728
2019-06-21,9.824999809265137,9.824999809265137,9.824999809265137,9.824999809265137,0,0,0,0.0,0.9974618709404698,,,,9.837500095367432,,,,9.850000381469728
2019-06-24,9.850000381469728,9.850000381469728,9.850000381469728,9.850000381469728,1000,0,0,0.0025445875511382887,1.0,,,,9.837500095367432,,,,9.850000381469728
2019-06-25,9.850000381469728,9.850000381469728,9.850000381469728,9.850000381469728,0,0,0,0.0,1.0,,,,9.837500095367432,,,,9.850000381469728
2019-06-26,9.850000381469728,9.850000381469728,9.850000381469728,9.850000381469728,0,0,0,0.0,1.0,,,,9.837500095367432,,,,9.850000381469728
2019-06-27,9.850000381469728,9.850000381469728,9.850000381469728,9.850000381469728,0,0,0,0.0,1.0,,,,9.837500095367432,,,,9.850000381469728
2019-06-28,9.850000381469728,9.850000381469728,9.850000381469728,9.850000381469728,0,0,0,0.0,1.0,,,,9.837500095367432,,,,9.850000381469728
2019-07-01,9.850000381469728,9.850000381469728,9.850000381469728,9.850000381469728,0,0,0,0.0,1.0,9.840000152587892,9.864629326099589,9.815370979076196,9.837500095367432,,,,9.850000381469728
2019-07-02,9.850000381469728,9.850000381469728,9.850000381469728,9.850000381469728,29800,0,0,0.0,1.0,9.840000152587892,9.864629326099589,9.815370979076196,9.837500095367432,,,,9.949999809265137
2019-07-03,9.850000381469728,9.850000381469728,9.850000381469728,9.850000381469728,0,0,0,0.0,1.0,9.840000152587892,9.864629326099589,9.815370979076196,9.837500095367432,,,,9.949999809265137
2019-07-05,9.850000381469728,9.850000381469728,9.850000381469728,9.850000381469728,0,0,0,0.0,1.0,9.840000152587892,9.864629326099589,9.815370979076196,9.850000381469728,,,,9.949999809265137
2019-07-08,9.850000381469728,9.850000381469728,9.850000381469728,9.850000381469728,490000,0,0,0.0,1.0,9.840000152587892,9.864629326099589,9.815370979076196,9.850000381469728,,,,9.949999809265137
2019-07-09,9.850000381469728,9.850000381469728,9.850000381469728,9.850000381469728,1400,0,0,0.0,1.0,9.840000152587892,9.864629326099589,9.815370979076196,9.850000381469728,,,,9.899999618530272
2019-07-10,9.850000381469728,9.850000381469728,9.850000381469728,9.850000381469728,0,0,0,0.0,1.0,9.840000152587892,9.864629326099589,9.815370979076196,9.850000381469728,9.837500095367432,,,9.899999618530272
2019-07-11,9.850000381469728,9.850000381469728,9.850000381469728,9.850000381469728,0,0,0,0.0,1.0,9.841250181198122,9.865229393787732,9.817270968608511,9.850000381469728,9.837500095367432,,,9.899999618530272
2019-07-12,9.850000381469728,9.850000381469728,9.850000381469728,9.850000381469728,0,0,0,0.0,1.0,9.842500209808351,9.865538692058395,9.819461727558307,9.850000381469728,9.837500095367432,,,9.880000114440918
2019-07-15,9.850000381469728,9.850000381469728,9.850000381469728,9.850000381469728,100,0,0,0.0,1.0,9.84375023841858,9.865519557925008,9.821980918912153,9.850000381469728,9.837500095367432,,,9.890000343322754
2019-07-16,9.850000381469728,9.850000381469728,9.850000381469728,9.850000381469728,0,0,0,0.0,1.0,9.84500026702881,9.865109902992188,9.824890631065433,9.850000381469728,9.837500095367432,,,9.949999809265137
2019-07-17,9.850000381469728,9.850000381469728,9.850000381469728,9.850000381469728,0,0,0,0.0,1.0,9.84625029563904,9.864201736383604,9.828298854894475,9.850000381469728,9.837500095367432,,,9.949999809265137
2019-07-18,9.850000381469728,9.850000381469728,9.850000381469728,9.850000381469728,0,0,0,0.0,1.0,9.847500324249271,9.862582551221806,9.832418097276737,9.850000381469728,9.837500095367432,,,9.949999809265137
2019-07-19,9.850000381469728,9.850000381469728,9.850000381469728,9.850000381469728,0,0,0,0.0,1.0,9.8487503528595,9.859707336728974,9.837793368990027,9.850000381469728,9.837500095367432,,,9.949999809265137
2019-07-22,9.850000381469728,9.850000381469728,9.850000381469728,9.850000381469728,0,0,0,0.0,1.0,9.85000038146973,9.850000392286137,9.850000370653323,9.850000381469728,9.837500095367432,,,9.949999809265137
2019-07-23,9.850000381469728,9.850000381469728,9.850000381469728,9.850000381469728,10000,0,0,0.0,1.0,9.85000038146973,9.850000392286137,9.850000370653323,9.850000381469728,9.837500095367432,,,9.949999809265137
2019-07-24,9.850000381469728,9.850000381469728,9.850000381469728,9.850000381469728,0,0,0,0.0,1.0,9.85000038146973,9.850000392286137,9.850000370653323,9.850000381469728,9.837500095367432,,,9.949999809265137
2019-07-25,9.850000381469728,9.850000381469728,9.850000381469728,9.850000381469728,0,0,0,0.0,1.0,9.850000381469728,9.850000392286136,9.850000370653321,9.850000381469728,9.837500095367432,,,9.949999809265137
2019-07-26,9.850000381469728,9.850000381469728,9.850000381469728,9.850000381469728,78700,0,0,0.0,1.0,9.850000381469728,9.850000392286136,9.850000370653321,9.850000381469728,9.837500095367432,,,9.949999809265137
2019-07-29,9.850000381469728,9.850000381469728,9.850000381469728,9.850000381469728,78700,0,0,0.0,1.0,9.850000381469728,9.850000392286136,9.850000370653321,9.850000381469728,9.837500095367432,,,9.949999809265137
2019-07-30,9.850000381469728,9.850000381469728,9.850000381469728,9.850000381469728,78700,0,0,0.0,1.0,9.850000381469728,9.850000392286136,9.850000370653321,9.850000381469728,9.850000381469728,,,9.949999809265137
2019-07-31,9.850000381469728,9.850000381469728,9.850000381469728,9.850000381469728,78700,0,0,0.0,1.0,9.850000381469728,9.850000392286136,9.850000370653321,9.850000381469728,9.850000381469728,,,9.949999809265137
2019-08-01,9.850000381469728,9.850000381469728,9.850000381469728,9.850000381469728,0,0,0,0.0,1.0,9.850000381469728,9.850000392286136,9.850000370653321,9.850000381469728,9.850000381469728,,,9.949999809265137
2019-08-02,9.850000381469728,9.850000381469728,9.850000381469728,9.850000381469728,0,0,0,0.0,1.0,9.850000381469728,9.850000392286136,9.850000370653321,9.850000381469728,9.850000381469728,,,9.949999809265137
2019-08-05,9.850000381469728,9.850000381469728,9.850000381469728,9.850000381469728,0,0,0,0.0,1.0,9.850000381469728,9.850000392286136,9.850000370653321,9.850000381469728,9.850000381469728,,,9.949999809265137
2019-08-06,9.850000381469728,9.850000381469728,9.850000381469728,9.850000381469728,0,0,0,0.0,1.0,9.850000381469728,9.850000392286136,9.850000370653321,9.850000381469728,9.850000381469728,,,9.949999809265137
2019-08-07,9.850000381469728,9.850000381469728,9.850000381469728,9.850000381469728,0,0,0,0.0,1.0,9.850000381469728,9.850000392286136,9.850000370653321,9.850000381469728,9.850000381469728,,,9.949999809265137
2019-08-08,9.84000015258789,9.949999809265137,9.84000015258789,9.949999809265137,79800,0,0,0.010152225778948365,1.0101522257789484,9.855000352859498,9.898827034438778,9.811173671280219,9.894999980926514,9.894999980926514,,,9.949999809265137
2019-08-09,9.84000015258789,9.949999809265137,9.84000015258789,9.949999809265137,79800,0,0,0.0,1.0101522257789484,9.860000324249269,9.920327506154997,9.79967314234354,9.894999980926514,9.894999980926514,,,9.949999809265137
2019-08-12,9.949999809265137,9.949999809265137,9.949999809265137,9.949999809265137,0,0,0,0.0,1.0101522257789484,9.865000295639039,9.936804004284946,9.793196586993131,9.894999980926514,9.894999980926514,,,9.949999809265137
2019-08-13,9.949999809265137,9.949999809265137,9.949999809265137,9.949999809265137,0,0,0,0.0,1.0101522257789484,9.87000026702881,9.950436509569782,9.78956402448784,9.894999980926514,9.894999980926514,,,9.949999809265137
2019-08-14,9.899999618530272,9.899999618530272,9.899999618530272,9.899999618530272,100,0,0,-0.005025144893802569,1.005076064479612,9.872500228881837,9.95340637201377,9.791594085749903,9.894999980926514,9.894999980926514,,,9.949999809265137
2019-08-15,9.899999618530272,9.899999618530272,9.899999618530272,9.899999618530272,100,0,0,0.0,1.005076064479612,9.875000190734863,9.95606234622687,9.793938035242855,9.894999980926514,9.894999980926514,9.843750238418579,,9.949999809265137
2019-08-16,9.899999618530272,9.899999618530272,9.899999618530272,9.899999618530272,0,0,0,0.0,1.005076064479612,9.87750015258789,9.958406248054711,9.79659405712107,9.894999980926514,9.894999980926514,9.843750238418579,,9.949999809265137
2019-08-19,9.869999885559082,9.880000114440918,9.869999885559082,9.880000114440918,450000,0,0,-0.002020152006058651,1.003045658051712,9.87900013923645,9.958906699172198,9.7990935793007,9.894999980926514,9.894999980926514,9.843750238418579,,9.960000038146973
2019-08-20,9.880000114440918,9.890000343322754,9.880000114440918,9.890000343322754,251400,0,0,0.0010121689034414683,1.004060909675524,9.881000137329101,9.959888099155629,9.802112175502574,9.894999980926514,9.894999980926514,9.843750238418579,,9.960000038146973
2019-08-21,9.880000114440918,9.949999809265137,9.880000114440918,9.949999809265137,105400,0,0,0.006066679864464408,1.0101522257789484,9.886000108718871,9.969009330182764,9.802990887254978,9.894999980926514,9.894999980926514,9.843750238418579,,9.960000038146973
2019-08-22,9.949999809265137,9.949999809265137,9.949999809265137,9.949999809265137,0,0,0,0.0,1.0101522257789484,9.891000080108643,9.97676466496232,9.805235495254967,9.90999984741211,9.894999980926514,9.843750238418579,,9.960000038146973
2019-08-23,9.949999809265137,9.949999809265137,9.949999809265137,9.949999809265137,1500,0,0,0.0,1.0101522257789484,9.896000051498413,9.98328355522271,9.808716547774116,9.90999984741211,9.894999980926514,9.843750238418579,,9.869999885559082
2019-08-26,9.949999809265137,9.949999809265137,9.949999809265137,9.949999809265137,0,0,0,0.0,1.0101522257789484,9.901000022888184,9.988630319417636,9.813369726358731,9.90999984741211,9.894999980926514,9.843750238418579,,9.880000114440918
2019-08-27,9.949999809265137,9.949999809265137,9.949999809265137,9.949999809265137,0,0,0,0.0,1.0101522257789484,9.905999994277954,9.99281900462404,9.819180983931867,9.90999984741211,9.894999980926514,9.843750238418579,,9.880000114440918
2019-08-28,9.949999809265137,9.949999809265137,9.949999809265137,9.949999809265137,0,0,0,0.0,1.0101522257789484,9.910999965667724,9.99581638557149,9.826183545763957,9.90999984741211,9.894999980926514,9.843750238418579,,9.880000114440918
2019-08-29,9.949999809265137,9.949999809265137,9.949999809265137,9.949999809265137,0,0,0,0.0,1.0101522257789484,9.915999937057496,9.997534729957794,9.834465144157198,9.90999984741211,9.894999980926514,9.843750238418579,,9.880000114440918
2019-08-30,9.949999809265137,9.949999809265137,9.949999809265137,9.949999809265137,0,0,0,0.0,1.0101522257789484,9.920999908447266,9.99781027663725,9.844189540257283,9.914999961853027,9.894999980926514,9.843750238418579,,9.880000114440918
2019-09-03,9.901000022888184,9.949999809265137,9.901000022888184,9.949999809265137,3000,0,0,0.0,1.0101522257789484,9.925999879837036,9.996352958730936,9.855646800943136,9.914999961853027,9.894999980926514,9.843750238418579,,9.880000114440918
2019-09-04,9.949999809265137,9.949999809265137,9.949999809265137,9.949999809265137,0,0,0,0.0,1.0101522257789484,9.930999851226806,9.992620396488965,9.869379305964648,9.92549991607666,9.894999980926514,9.843750238418579,,9.880000114440918
2019-09-05,9.949999809265137,9.949999809265137,9.949999809265137,9.949999809265137,0,0,0,0.0,1.0101522257789484,9.935999822616576,9.985420874073869,9.886578771159284,9.92549991607666,9.894999980926514,9.850000381469728,,9.880000114440918
2019-09-06,9.949999809265137,9.949999809265137,9.949999809265137,9.949999809265137,0,0,0,0.0,1.0101522257789484,9.935999822616576,9.985420874073869,9.886578771159284,9.92549991607666,9.894999980926514,9.850000381469728,,9.880000114440918
2019-09-09,9.949999809265137,9.949999809265137,9.949999809265137,9.949999809265137,0,0,0,0.0,1.0101522257789484,9.935999822616576,9.985420874073869,9.886578771159284,9.92549991607666,9.894999980926514,9.850000381469728,,9.880000114440918
2019-09-10,9.949999809265137,9.949999809265137,9.949999809265137,9.949999809265137,0,0,0,0.0,1.0101522257789484,9.935999822616576,9.985420874073869,9.886578771159284,9.92549991607666,9.894999980926514,9.850000381469728,,9.880000114440918
2019-09-11,9.949999809265137,9.949999809265137,9.949999809265137,9.949999809265137,0,0,0,0.0,1.0101522257789484,9.935999822616576,9.985420874073869,9.886578771159284,9.92549991607666,9.894999980926514,9.850000381469728,,9.880000114440918
2019-09-12,9.949999809265137,9.949999809265137,9.949999809265137,9.949999809265137,0,0,0,0.0,1.0101522257789484,9.93849983215332,9.985348044311818,9.891651619994823,9.92549991607666,9.894999980926514,9.850000381469728,,9.880000114440918
2019-09-13,9.949999809265137,9.949999809265137,9.949999809265137,9.949999809265137,0,0,0,0.0,1.0101522257789484,9.940999841690063,9.984548916119758,9.897450767260368,9.92549991607666,9.894999980926514,9.850000381469728,,9.880000114440918
2019-09-16,9.949999809265137,9.949999809265137,9.949999809265137,9.949999809265137,0,0,0,0.0,1.0101522257789484,9.943499851226807,9.982841191199553,9.904158511254062,9.949999809265137,9.894999980926514,9.894999980926514,,9.880000114440918
2019-09-17,9.949999809265137,9.949999809265137,9.949999809265137,9.949999809265137,0,0,0,0.0,1.0101522257789484,9.946999835968018,9.973295761322358,9.920703910613678,9.949999809265137,9.90999984741211,9.894999980926514,,9.880000114440918
2019-09-18,9.880000114440918,9.949999809265137,9.880000114440918,9.949999809265137,8200,0,0,0.0,1.0101522257789484,9.949999809265137,9.949999834176014,9.94999978435426,9.914999961853027,9.90999984741211,9.894999980926514,,9.920000076293944
2019-09-19,9.949999809265137,9.949999809265137,9.949999809265137,9.949999809265137,0,0,0,0.0,1.0101522257789484,9.949999809265137,9.949999834176014,9.94999978435426,9.914999961853027,9.90999984741211,9.894999980926514,,9.920000076293944
2019-09-20,9.949999809265137,9.949999809265137,9.949999809265137,9.949999809265137,100,0,0,0.0,1.0101522257789484,9.949999809265137,9.949999834176014,9.94999978435426,9.914999961853027,9.90999984741211,9.894999980926514,,9.90999984741211
2019-09-23,9.949999809265137,9.949999809265137,9.949999809265137,9.949999809265137,0,0,0,0.0,1.0101522257789484,9.949999809265137,9.949999834176014,9.94999978435426,9.914999961853027,9.90999984741211,9.894999980926514,9.887499809265137,9.90999984741211
2019-09-24,9.949999809265137,9.949999809265137,9.949999809265137,9.949999809265137,0,0,0,0.0,1.0101522257789484,9.949999809265137,9.949999834176014,9.94999978435426,9.914999961853027,9.90999984741211,9.894999980926514,9.887499809265137,9.90999984741211
2019-09-25,9.960000038146973,9.960000038146973,9.960000038146973,9.960000038146973,125000,0,0,0.0010050481480938789,1.0111674774027604,9.95049982070923,9.954882614257086,9.946117027161373,9.920000076293945,9.920000076293945,9.894999980926514,9.887499809265137,9.90999984741211
2019-09-26,9.960000038146973,9.960000038146973,9.960000038146973,9.960000038146973,0,0,0,0.0,1.0111674774027604,9.95099983215332,9.957032722942381,9.944966941364259,9.920000076293945,9.920000076293945,9.894999980926514,9.887499809265137,9.90999984741211
2019-09-27,9.960000038146973,9.960000038146973,9.960000038146973,9.960000038146973,0,0,0,0.0,1.0111674774027604,9.951499843597412,9.958680419895277,9.944319267299548,9.920000076293945,9.920000076293945,9.894999980926514,9.887499809265137,9.90999984741211
2019-09-30,9.960000038146973,9.960000038146973,9.960000038146973,9.960000038146973,0,0,0,0.0,1.0111674774027604,9.951999855041503,9.960043709426888,9.943956000656119,9.920000076293945,9.920000076293945,9.902499914169312,9.887499809265137,9.90999984741211
2019-10-01,9.850000381469728,9.949999809265137,9.850000381469728,9.869999885559082,195300,0,0,-0.00903615986377393,1.0020304064279,9.947999858856202,9.984860614401931,9.911139103310472,9.90500020980835,9.90500020980835,9.902499914169312,9.887499809265137,9.90999984741211
2019-10-02,9.880000114440918,9.880000114440918,9.880000114440918,9.880000114440918,200,0,0,0.001013194427333941,1.003045658051712,9.94449987411499,9.991863232218101,9.89713651601188,9.90500020980835,9.90500020980835,9.902499914169312,9.887499809265137,9.90999984741211
2019-10-03,9.880000114440918,9.880000114440918,9.880000114440918,9.880000114440918,0,0,0,0.0,1.003045658051712,9.94099988937378,9.996034315907945,9.885965462839614,9.90500020980835,9.90500020980835,9.902499914169312,9.887499809265137,9.90999984741211
2019-10-04,9.880000114440918,9.880000114440918,9.880000114440918,9.880000114440918,0,0,0,0.0,1.003045658051712,9.937499904632569,9.998452480778495,9.876547328486643,9.90500020980835,9.90500020980835,9.902499914169312,9.887499809265137,9.90999984741211
2019-10-07,9.880000114440918,9.880000114440918,9.880000114440918,9.880000114440918,300,0,0,0.0,1.003045658051712,9.933999919891358,9.999593921106749,9.868405918675967,9.90500020980835,9.90500020980835,9.902499914169312,9.887499809265137,9.90999984741211
2019-10-08,9.880000114440918,9.880000114440918,9.880000114440918,9.880000114440918,0,0,0,0.0,1.003045658051712,9.930499935150147,9.999715955505293,9.861283914795,9.90500020980835,9.90500020980835,9.90499997138977,9.887499809265137,9.90999984741211
2019-10-09,9.880000114440918,9.880000114440918,9.880000114440918,9.880000114440918,0,0,0,0.0,1.003045658051712,9.926999950408936,9.998972653386543,9.855027247431329,9.90500020980835,9.90500020980835,9.90499997138977,9.887499809265137,9.90999984741211
2019-10-10,9.880000114440918,9.880000114440918,9.880000114440918,9.880000114440918,0,0,0,0.0,1.003045658051712,9.923499965667725,9.997460837050783,9.849539094284667,9.90500020980835,9.90500020980835,9.910249948501587,9.887499809265137,9.90999984741211
2019-10-11,9.880000114440918,9.880000114440918,9.880000114440918,9.880000114440918,1200,0,0,0.0,1.003045658051712,9.919999980926514,9.99524145246528,9.844758509387749,9.900000095367432,9.90500020980835,9.910249948501587,9.894999980926514,9.90999984741211
2019-10-14,9.880000114440918,9.880000114440918,9.880000114440918,9.880000114440918,0,0,0,0.0,1.003045658051712,9.916499996185303,9.992350346248017,9.84064964612259,9.880000114440918,9.90500020980835,9.910249948501587,9.894999980926514,9.90999984741211
2019-10-15,9.880000114440918,9.880000114440918,9.880000114440918,9.880000114440918,0,0,0,0.0,1.003045658051712,9.913000011444092,9.988803706549891,9.837196316338293,9.880000114440918,9.90500020980835,9.910249948501587,9.894999980926514,9.90999984741211
2019-10-16,9.880000114440918,9.880000114440918,9.880000114440918,9.880000114440918,0,0,0,0.0,1.003045658051712,9.909500026702881,9.984600311658994,9.834399741746768,9.880000114440918,9.90500020980835,9.910249948501587,9.894999980926514,9.90999984741211
2019-10-17,9.880000114440918,9.880000114440918,9.880000114440918,9.880000114440918,0,0,0,0.0,1.003045658051712,9.90600004196167,9.979721364732121,9.832278719191219,9.880000114440918,9.90500020980835,9.910249948501587,9.894999980926514,9.90999984741211
2019-10-18,9.880000114440918,9.880000114440918,9.880000114440918,9.880000114440918,0,0,0,0.0,1.003045658051712,9.90250005722046,9.974127859666858,9.83087225477406,9.880000114440918,9.90500020980835,9.910249948501587,9.894999980926514,9.90999984741211
2019-10-21,9.880000114440918,9.880000114440918,9.880000114440918,9.880000114440918,10600,0,0,0.0,1.003045658051712,9.899000072479248,9.96775455420455,9.830245590753947,9.880000114440918,9.90500020980835,9.910249948501587,9.894999980926514,9.90999984741211
2019-10-22,9.880000114440918,9.880000114440918,9.880000114440918,9.880000114440918,0,0,0,0.0,1.003045658051712,9.895500087738037,9.960498114270148,9.830502061205927,9.880000114440918,9.90500020980835,9.922499895095825,9.894999980926514,9.90999984741211
2019-10-23,9.880000114440918,9.880000114440918,9.880000114440918,9.880000114440918,0,0,0,0.0,1.003045658051712,9.891500091552734,9.949529922968482,9.833470260136986,9.880000114440918,9.90500020980835,9.929999828338623,9.894999980926514,9.90999984741211
2019-10-24,9.93000030517578,9.9399995803833,9.920000076293944,9.920000076293944,777800,0,0,0.004048579088026472,1.007106567727236,9.889500093460082,9.940163614386728,9.838836572533436,9.90999984741211,9.90500020980835,9.912499904632568,9.894999980926514,9.90999984741211
2019-10-25,9.9399995803833,9.9399995803833,9.920000076293944,9.920000076293944,118300,0,0,0.0,1.007106567727236,9.887500095367432,9.929138696654496,9.845861494080369,9.90999984741211,9.90500020980835,9.912499904632568,9.894999980926514,9.90999984741211
2019-10-28,9.90999984741211,9.920000076293944,9.90999984741211,9.90999984741211,101900,0,0,-0.0010080875811414591,1.0060913161034242,9.885000085830688,9.912351478147212,9.857648693514165,9.90999984741211,9.90500020980835,9.912499904632568,9.894999980926514,9.90999984741211
2019-10-29,9.90999984741211,9.90999984741211,9.90999984741211,9.90999984741211,0,0,0,0.0,1.0060913161034242,9.88700008392334,9.915509655982836,9.858490511863844,9.90999984741211,9.90500020980835,9.912499904632568,9.894999980926514,9.90999984741211
2019-10-30,9.90999984741211,9.90999984741211,9.90999984741211,9.90999984741211,100000,0,0,0.0,1.0060913161034242,9.888500070571899,9.918512504140518,9.85848763700328,9.90999984741211,9.90500020980835,9.912499904632568,9.894999980926514,9.90999984741211
2019-10-31,9.90999984741211,9.90999984741211,9.90999984741211,9.90999984741211,0,0,0,0.0,1.0060913161034242,9.890000057220458,9.92115290475829,9.858847209682626,9.90999984741211,9.90500020980835,9.920000076293945,9.900000095367432,9.90999984741211
2019-11-01,9.90999984741211,9.90999984741211,9.90999984741211,9.90999984741211,0,0,0,0.0,1.0060913161034242,9.89150004386902,9.923469668859461,9.859530418878578,9.90999984741211,9.90500020980835,9.920000076293945,9.900000095367432,9.90999984741211
2019-11-04,9.90999984741211,9.90999984741211,9.90999984741211,9.90999984741211,0,0,0,0.0,1.0060913161034242,9.893000030517578,9.92548721577043,9.860512845264727,9.90999984741211,9.90500020980835,9.920000076293945,9.900000095367432,9.90999984741211
2019-11-05,9.90999984741211,9.90999984741211,9.90999984741211,9.90999984741211,0,0,0,0.0,1.0060913161034242,9.894500017166138,9.927219747614082,9.861780286718194,9.924999713897705,9.900000095367432,9.920000076293945,9.900000095367432,10.0
2019-11-06,9.90999984741211,9.90999984741211,9.90999984741211,9.90999984741211,0,0,0,0.0,1.0060913161034242,9.896000003814697,9.928673350549131,9.863326657080263,9.924999713897705,9.90999984741211,9.90500020980835,9.900000095367432,10.0
2019-11-07,9.90999984741211,9.90999984741211,9.90999984741211,9.90999984741211,0,0,0,0.0,1.0060913161034242,9.897499990463256,9.929846824688271,9.865153156238241,9.914999961853027,9.90999984741211,9.90500020980835,9.900000095367432,10.0
2019-11-08,9.90999984741211,9.90999984741211,9.90999984741211,9.90999984741211,0,0,0,0.0,1.0060913161034242,9.898999977111817,9.930731523768763,9.867268430454871,9.90999984741211,9.90999984741211,9.90500020980835,9.900000095367432,10.0
2019-11-11,9.90999984741211,9.90999984741211,9.90999984741211,9.90999984741211,0,0,0,0.0,1.0060913161034242,9.900499963760376,9.931310151903471,9.869689775617282,9.90999984741211,9.90999984741211,9.90500020980835,9.900000095367432,10.0
2019-11-12,9.90999984741211,9.90999984741211,9.90999984741211,9.90999984741211,0,0,0,0.0,1.0060913161034242,9.901999950408936,9.931554097408862,9.87244580340901,9.90999984741211,9.90999984741211,9.90500020980835,9.900000095367432,10.0
2019-11-13,9.90999984741211,9.90999984741211,9.90999984741211,9.90999984741211,0,0,0,0.0,1.0060913161034242,9.903499937057495,9.931418224750027,9.875581649364962,9.90999984741211,9.90999984741211,9.90500020980835,9.900000095367432,10.0
2019-11-14,9.90999984741211,9.90999984741211,9.90999984741211,9.90999984741211,0,0,0,0.0,1.0060913161034242,9.904999923706054,9.930830472321643,9.879169375090465,9.90999984741211,9.90999984741211,9.90500020980835,9.900000095367432,10.0
2019-11-15,9.90999984741211,9.90999984741211,9.90999984741211,9.90999984741211,0,0,0,0.0,1.0060913161034242,9.906499910354615,9.929669005442491,9.883330815266739,9.90999984741211,9.90999984741211,9.90500020980835,9.900000095367432,10.0
2019-11-18,9.90999984741211,9.90999984741211,9.90999984741211,9.90999984741211,0,0,0,0.0,1.0060913161034242,9.907999897003174,9.927702687767665,9.888297106238683,9.90999984741211,9.90999984741211,9.90250015258789,9.900000095367432,10.0
2019-11-19,9.90999984741211,9.90999984741211,9.90999984741211,9.90999984741211,13100,0,0,0.0,1.0060913161034242,9.909499883651733,9.924379273153221,9.894620494150246,9.90999984741211,9.90999984741211,9.892500162124634,9.900000095367432,10.0
2019-11-20,9.90999984741211,9.90999984741211,9.90999984741211,9.90999984741211,10000,0,0,0.0,1.0060913161034242,9.910999870300293,9.917032761089468,9.904966979511117,9.90999984741211,9.90999984741211,9.892500162124634,9.900000095367432,10.0
2019-11-21,9.90999984741211,9.90999984741211,9.90999984741211,9.90999984741211,0,0,0,0.0,1.0060913161034242,9.910499858856202,9.914882652404215,9.90611706530819,9.90999984741211,9.90999984741211,9.892500162124634,9.900000095367432,10.0
2019-11-22,9.90999984741211,9.90999984741211,9.90999984741211,9.90999984741211,0,0,0,0.0,1.0060913161034242,9.90999984741211,9.909999892043569,9.90999980278065,9.90999984741211,9.90999984741211,9.892500162124634,9.900000095367432,10.0
2019-11-25,9.90999984741211,9.90999984741211,9.90999984741211,9.90999984741211,0,0,0,0.0,1.0060913161034242,9.90999984741211,9.909999892043569,9.90999980278065,9.90999984741211,9.90999984741211,9.892500162124634,9.900000095367432,10.0
2019-11-26,9.90999984741211,9.90999984741211,9.90999984741211,9.90999984741211,0,0,0,0.0,1.0060913161034242,9.90999984741211,9.909999892043569,9.90999980278065,9.90999984741211,9.90999984741211,9.892500162124634,9.900000095367432,10.050000190734863
2019-11-27,9.90999984741211,9.90999984741211,9.90999984741211,9.90999984741211,0,0,0,0.0,1.0060913161034242,9.90999984741211,9.909999892043569,9.90999980278065,9.90999984741211,9.90999984741211,9.892500162124634,9.900000095367432,10.079999923706056
2019-11-29,9.90999984741211,9.90999984741211,9.90999984741211,9.90999984741211,0,0,0,0.0,1.0060913161034242,9.90999984741211,9.909999892043569,9.90999980278065,9.90999984741211,9.924999713897705,9.892500162124634,9.90500020980835,10.050000190734863
2019-12-02,9.90999984741211,9.90999984741211,9.90999984741211,9.90999984741211,0,0,0,0.0,1.0060913161034242,9.90999984741211,9.909999892043569,9.90999980278065,9.90999984741211,9.924999713897705,9.90750002861023,9.90500020980835,10.050000190734863
2019-12-03,9.90999984741211,9.90999984741211,9.90999984741211,9.90999984741211,0,0,0,0.0,1.0060913161034242,9.90999984741211,9.909999892043569,9.90999980278065,9.90999984741211,9.914999961853027,9.90750002861023,9.90500020980835,10.050000190734863
2019-12-04,9.90999984741211,9.90999984741211,9.90999984741211,9.90999984741211,0,0,0,0.0,1.0060913161034242,9.90999984741211,9.909999892043569,9.90999980278065,9.90999984741211,9.90999984741211,9.90750002861023,9.90500020980835,10.050000190734863
2019-12-05,9.90999984741211,9.90999984741211,9.90999984741211,9.90999984741211,0,0,0,0.0,1.0060913161034242,9.90999984741211,9.909999892043569,9.90999980278065,9.90999984741211,9.90999984741211,9.90750002861023,9.90500020980835,10.050000190734863
2019-12-06,9.90999984741211,9.90999984741211,9.90999984741211,9.90999984741211,0,0,0,0.0,1.0060913161034242,9.90999984741211,9.909999892043569,9.90999980278065,9.90999984741211,9.90999984741211,9.90750002861023,9.90500020980835,10.050000190734863
2019-12-09,9.90999984741211,9.90999984741211,9.90999984741211,9.90999984741211,0,0,0,0.0,1.0060913161034242,9.90999984741211,9.909999892043569,9.90999980278065,9.90999984741211,9.90999984741211,9.90750002861023,9.90500020980835,10.050000190734863
2019-12-10,9.90999984741211,9.90999984741211,9.90999984741211,9.90999984741211,0,0,0,0.0,1.0060913161034242,9.90999984741211,9.909999892043569,9.90999980278065,9.90999984741211,9.90999984741211,9.90750002861023,9.90500020980835,10.050000190734863
2019-12-11,9.90999984741211,9.90999984741211,9.90999984741211,9.90999984741211,0,0,0,0.0,1.0060913161034242,9.90999984741211,9.909999892043569,9.90999980278065,9.90999984741211,9.90999984741211,9.90750002861023,9.90500020980835,10.050000190734863
2019-12-12,9.970000267028809,10.0,9.970000267028809,10.0,29500,0,0,0.009081751157785645,1.0152283870782846,9.914499855041504,9.953944161039216,9.875055549043791,9.954999923706055,9.954999923706055,9.912499904632568,9.90500020980835,10.050000190734863
2019-12-13,10.0,10.0,10.0,10.0,0,0,0,0.0,1.0152283870782846,9.918999862670898,9.97329472911576,9.864704996226035,9.954999923706055,9.954999923706055,9.917499780654907,9.90500020980835,10.050000190734863
2019-12-16,10.0,10.0,10.0,10.0,3800,0,0,0.0,1.0152283870782846,9.923499870300294,9.988123687425835,9.858876053174752,9.954999923706055,9.954999923706055,9.912499904632568,9.90500020980835,10.050000190734863
2019-12-17,10.0,10.0,10.0,10.0,0,0,0,0.0,1.0152283870782846,9.927999877929688,10.000393033189495,9.855606722669881,9.954999923706055,9.954999923706055,9.90999984741211,9.90500020980835,10.050000190734863
2019-12-18,10.0,10.0,10.0,10.0,0,0,0,0.0,1.0152283870782846,9.932499885559082,10.01086777495296,9.854131996165204,9.954999923706055,9.954999923706055,9.90999984741211,9.90500020980835,10.050000190734863
2019-12-19,10.0,10.0,10.0,10.0,0,0,0,0.0,1.0152283870782846,9.936999893188476,10.019936671632163,9.85406311474479,9.954999923706055,9.954999923706055,9.90999984741211,9.90500020980835,10.0600004196167
2019-12-20,10.0,10.0,10.0,10.0,0,0,0,0.0,1.0152283870782846,9.94149990081787,10.027823236713608,9.855176564922132,9.954999923706055,9.954999923706055,9.90999984741211,9.90500020980835,10.0600004196167
2019-12-23,10.0,10.0,10.0,10.0,0,0,0,0.0,1.0152283870782846,9.945999908447266,10.034663054075565,9.857336762818967,9.954999923706055,9.954999923706055,9.90999984741211,9.90500020980835,10.0600004196167
2019-12-24,10.0,10.0,10.0,10.0,0,0,0,0.0,1.0152283870782846,9.95049991607666,10.040537766096676,9.860462066056645,9.985000133514404,9.954999923706055,9.90999984741211,9.90500020980835,10.0600004196167
2019-12-26,10.0,10.0,10.0,10.0,0,0,0,0.0,1.0152283870782846,9.954999923706055,10.045491367780809,9.8645084796313,10.0,9.954999923706055,9.90999984741211,9.90500020980835,10.0600004196167
2019-12-27,10.0,10.0,10.0,10.0,0,0,0,0.0,1.0152283870782846,9.959499931335449,10.049537781355465,9.869462081315433,10.0,9.954999923706055,9.90999984741211,9.90500020980835,10.06999969482422
2019-12-30,10.0,10.0,10.0,10.0,0,0,0,0.0,1.0152283870782846,9.963999938964843,10.052663084593142,9.875336793336544,10.0,9.954999923706055,9.90999984741211,9.90500020980835,10.06999969482422
2019-12-31,10.0,10.0,10.0,10.0,0,0,0,0.0,1.0152283870782846,9.968499946594239,10.054823282489977,9.882176610698501,10.0,9.954999923706055,9.90999984741211,9.90500020980835,10.06999969482422
2020-01-02,10.0,10.0,10.0,10.0,0,0,0,0.0,1.0152283870782846,9.972999954223633,10.05593673266732,9.890063175779947,10.0,9.954999923706055,9.90999984741211,9.90500020980835,10.06999969482422
2020-01-03,10.0,10.0,10.0,10.0,0,0,0,0.0,1.0152283870782846,9.977499961853027,10.055867851246905,9.89913207245915,10.0,9.954999923706055,9.90999984741211,9.90500020980835,10.06999969482422
2020-01-06,10.050000190734863,10.050000190734863,10.050000190734863,10.050000190734863,100000,0,0,0.005000019073486239,1.0203045483776207,9.984499979019166,10.062505848350295,9.906494109688037,10.025000095367432,9.980000019073486,9.90999984741211,9.90500020980835,10.079999923706056
2020-01-07,10.079999923706056,10.079999923706056,10.079999923706056,10.079999923706056,50000,0,0,0.002985048000183177,1.0233502064293332,9.992999982833862,10.073712818978587,9.912287146689136,10.039999961853027,9.994999885559082,9.90999984741211,9.90500020980835,10.079999923706056
2020-01-08,10.09000015258789,10.09000015258789,10.050000190734863,10.050000190734863,200300,0,0,-0.002976164007763571,1.0203045483776207,10.0,10.074702381656104,9.925297618343896,10.045000076293945,10.0,9.917499780654907,9.90500020980835,10.079999923706056
2020-01-09,10.050000190734863,10.050000190734863,10.050000190734863,10.050000190734863,0,0,0,0.0,1.0203045483776207,10.007000017166138,10.07219232054303,9.941807713789247,10.045000076293945,10.0,9.917499780654907,9.90500020980835,10.079999923706056
2020-01-10,10.050000190734863,10.050000190734863,10.050000190734863,10.050000190734863,0,0,0,0.0,1.0203045483776207,10.014000034332275,10.06423282941673,9.96376723924782,10.045000076293945,10.0,9.912499904632568,9.90500020980835,10.079999923706056
2020-01-13,10.050000190734863,10.050000190734863,10.050000190734863,10.050000190734863,0,0,0,0.0,1.0203045483776207,10.01650004386902,10.06865817198447,9.964341915753568,10.045000076293945,10.0,9.90999984741211,9.90500020980835,10.079999923706056
2020-01-14,10.050000190734863,10.050000190734863,10.050000190734863,10.050000190734863,0,0,0,0.0,1.0203045483776207,10.019000053405762,10.072544980345212,9.965455126466312,10.045000076293945,10.0,9.90999984741211,9.90500020980835,10.079999923706056
2020-01-15,10.050000190734863,10.050000190734863,10.050000190734863,10.050000190734863,0,0,0,0.0,1.0203045483776207,10.021500062942504,10.07593443002183,9.967065695863178,10.045000076293945,10.0,9.90999984741211,9.90500020980835,10.079999923706056
2020-01-16,10.050000190734863,10.050000190734863,10.050000190734863,10.050000190734863,0,0,0,0.0,1.0203045483776207,10.024000072479248,10.078850721369074,9.969149423589423,10.070000171661377,10.0,9.90999984741211,9.90500020980835,10.09000015258789
2020-01-17,10.050000190734863,10.050000190734863,10.050000190734863,10.050000190734863,0,0,0,0.0,1.0203045483776207,10.02650008201599,10.081304637427703,9.971695526604279,10.070000171661377,10.0,9.90999984741211,9.90500020980835,10.09000015258789
2020-01-21,10.050000190734863,10.050000190734863,10.050000190734863,10.050000190734863,0,0,0,0.0,1.0203045483776207,10.029000091552735,10.083295000614712,9.974705182490759,10.070000171661377,10.03000020980835,9.90999984741211,9.90500020980835,10.09000015258789
2020-01-22,10.050000190734863,10.050000190734863,10.050000190734863,10.050000190734863,0,0,0,0.0,1.0203045483776207,10.031500101089478,10.08480851742455,9.978191684754405,10.050000190734863,10.045000076293945,9.954999923706055,9.925000190734863,10.09000015258789
2020-01-23,10.050000190734863,10.050000190734863,10.050000190734863,10.050000190734863,39900,0,0,0.0,1.0203045483776207,10.03400011062622,10.08581796083434,9.9821822604181,10.050000190734863,10.045000076293945,9.954999923706055,9.940000057220459,10.09000015258789
2020-01-24,10.050000190734863,10.050000190734863,10.050000190734863,10.050000190734863,0,0,0,0.0,1.0203045483776207,10.036500120162964,10.086278069037553,9.986722171288376,10.050000190734863,10.045000076293945,9.954999923706055,9.940000057220459,10.09000015258789
2020-01-27,10.050000190734863,10.050000190734863,10.050000190734863,10.050000190734863,0,0,0,0.0,1.0203045483776207,10.039000129699707,10.086117547222992,9.991882712176421,10.050000190734863,10.045000076293945,9.954999923706055,9.940000057220459,10.09000015258789
2020-01-28,10.050000190734863,10.050000190734863,10.050000190734863,10.050000190734863,0,0,0,0.0,1.0203045483776207,10.041500139236451,10.08522324662715,9.997777031845752,10.050000190734863,10.045000076293945,9.954999923706055,9.940000057220459,10.09000015258789
2020-01-29,10.0600004196167,10.0600004196167,10.0600004196167,10.0600004196167,300,0,0,0.000995047631049406,1.0213198000014327,10.044500160217286,10.084453805768204,10.004546514666368,10.055000305175781,10.045000076293945,9.954999923706055,9.940000057220459,10.09000015258789
2020-01-30,10.0600004196167,10.0600004196167,10.0600004196167,10.0600004196167,0,0,0,0.0,1.0213198000014327,10.04750018119812,10.082257744937307,10.012742617458935,10.055000305175781,10.045000076293945,9.954999923706055,9.940000057220459,10.09000015258789
2020-01-31,10.0600004196167,10.0600004196167,10.0600004196167,10.0600004196167,0,0,0,0.0,1.0213198000014327,10.050500202178956,10.0778332124911,10.023167191866811,10.055000305175781,10.045000076293945,9.954999923706055,9.940000057220459,10.050000190734863
2020-02-03,10.0600004196167,10.0600004196167,10.0600004196167,10.0600004196167,0,0,0,0.0,1.0213198000014327,10.05350022315979,10.06810534006207,10.038895106257511,10.055000305175781,10.045000076293945,9.97000002861023,9.940000057220459,10.050000190734863
2020-02-04,10.0600004196167,10.0600004196167,10.0600004196167,10.0600004196167,0,0,0,0.0,1.0213198000014327,10.054000234603881,10.0687773994466,10.039223069761164,10.055000305175781,10.045000076293945,9.977499961853027,9.940000057220459,9.989999771118164
2020-02-05,10.0600004196167,10.100000381469728,10.0600004196167,10.06999969482422,10100,0,0,0.0009939636968625543,1.0223349548055212,10.05350022315979,10.06500821188762,10.041992234431962,10.075000286102295,10.050000190734863,9.977499961853027,9.940000057220459,10.0
2020-02-06,10.06999969482422,10.06999969482422,10.06999969482422,10.06999969482422,0,0,0,0.0,1.0223349548055212,10.054500198364257,10.06795218363608,10.041048213092434,10.075000286102295,10.050000190734863,9.977499961853027,9.940000057220459,10.0
2020-02-07,10.06999969482422,10.06999969482422,10.06999969482422,10.06999969482422,0,0,0,0.0,1.0223349548055212,10.055500173568726,10.070379381647994,10.040620965489458,10.075000286102295,10.050000190734863,9.977499961853027,9.940000057220459,9.800000190734863
2020-02-10,10.06999969482422,10.06999969482422,10.06999969482422,10.06999969482422,0,0,0,0.0,1.0223349548055212,10.056500148773193,10.07242932265316,10.040570974893225,10.080000400543213,10.050000190734863,9.977499961853027,9.940000057220459,9.854999542236328
2020-02-11,10.06999969482422,10.06999969482422,10.06999969482422,10.06999969482422,0,0,0,0.0,1.0223349548055212,10.057500123977661,10.074173430489859,10.040826817465463,10.080000400543213,10.075000286102295,9.977499961853027,9.940000057220459,9.800000190734863
2020-02-12,10.079999923706056,10.079999923706056,10.079999923706056,10.079999923706056,300,0,0,0.0009930714185597544,1.0233502064293332,10.05900011062622,10.07797073078364,10.0400294904688,10.080000400543213,10.075000286102295,10.002500057220459,9.96500015258789,9.800000190734863
2020-02-13,10.079999923706056,10.079999923706056,10.079999923706056,10.079999923706056,0,0,0,0.0,1.0233502064293332,10.060500097274781,10.08108098597216,10.039919208577402,10.080000400543213,10.075000286102295,10.017499923706055,9.980000019073486,9.850000381469728
2020-02-14,10.079999923706056,10.079999923706056,10.079999923706056,10.079999923706056,0,0,0,0.0,1.0233502064293332,10.06200008392334,10.083657987822384,10.040342180024297,10.080000400543213,10.075000286102295,10.022500038146973,10.0,9.9399995803833
2020-02-18,10.079999923706056,10.079999923706056,10.079999923706056,10.079999923706056,0,0,0,0.0,1.0233502064293332,10.063500070571902,10.085779206424444,10.041220934719359,10.080000400543213,10.075000286102295,10.022500038146973,10.0,9.949999809265137
2020-02-19,10.079999923706056,10.079999923706056,10.079999923706056,10.079999923706056,0,0,0,0.0,1.0233502064293332,10.06500005722046,10.087482456084489,10.042517658356433,10.074999809265138,10.075000286102295,10.022500038146973,10.0,10.0
2020-02-20,10.079999923706056,10.079999923706056,10.079999923706056,10.079999923706056,0,0,0,0.0,1.0233502064293332,10.06650004386902,10.088779179721561,10.044220908016479,10.074999809265138,10.075000286102295,10.022500038146973,10.0,10.039999961853027
2020-02-21,10.079999923706056,10.079999923706056,10.079999923706056,10.079999923706056,0,0,0,0.0,1.0233502064293332,10.06800003051758,10.089657934416621,10.046342126618537,10.074999809265138,10.075000286102295,10.022500038146973,10.0,10.039999961853027
2020-02-24,10.079999923706056,10.079999923706056,10.079999923706056,10.079999923706056,0,0,0,0.0,1.0233502064293332,10.069500017166138,10.090080905863514,10.048919128468762,10.074999809265138,10.075000286102295,10.022500038146973,10.0,10.0600004196167
2020-02-25,10.09000015258789,10.09000015258789,10.09000015258789,10.09000015258789,500,0,0,0.0009920862061036928,1.0243654580531452,10.07150001525879,10.091883536121182,10.051116494396398,10.085000038146973,10.075000286102295,10.035000085830688,10.0,10.0600004196167
2020-02-26,10.09000015258789,10.09000015258789,10.09000015258789,10.09000015258789,0,0,0,0.0,1.0243654580531452,10.073500013351442,10.092866288466581,10.054133738236303,10.085000038146973,10.075000286102295,10.035000085830688,10.0,10.0600004196167
2020-02-27,10.09000015258789,10.09000015258789,10.09000015258789,10.09000015258789,0,0,0,0.0,1.0243654580531452,10.075000000000001,10.094599858340356,10.055400141659646,10.085000038146973,10.075000286102295,10.050000190734863,10.0,10.010000228881836
2020-02-28,10.09000015258789,10.09000015258789,10.09000015258789,10.09000015258789,0,0,0,0.0,1.0243654580531452,10.07649998664856,10.09586644098068,10.05713353231644,10.085000038146973,10.075000286102295,10.047500133514404,10.0,10.050000190734863
2020-03-02,10.09000015258789,10.09000015258789,10.09000015258789,10.09000015258789,0,0,0,0.0,1.0243654580531452,10.077999973297121,10.096648510267718,10.059351436326525,10.085000038146973,10.075000286102295,10.047500133514404,10.0,10.050000190734863
2020-03-03,10.09000015258789,10.09000015258789,10.09000015258789,10.09000015258789,0,0,0,0.0,1.0243654580531452,10.07949995994568,10.096886149298117,10.062113770593244,10.085000038146973,10.075000286102295,10.047500133514404,10.0,10.050000190734863
2020-03-04,10.09000015258789,10.09000015258789,10.09000015258789,10.09000015258789,0,0,0,0.0,1.0243654580531452,10.08099994659424,10.096446451071412,10.065553442117068,10.085000038146973,10.075000286102295,10.047500133514404,10.0,10.050000190734863
2020-03-05,10.09000015258789,10.09000015258789,10.09000015258789,10.09000015258789,0,0,0,0.0,1.0243654580531452,10.081999969482423,10.097048643072007,10.066951295892839,10.085000038146973,10.080000400543213,10.047500133514404,10.0,10.050000190734863
2020-03-06,10.09000015258789,10.09000015258789,10.09000015258789,10.09000015258789,0,0,0,0.0,1.0243654580531452,10.082999992370606,10.097361144966303,10.06863883977491,10.09000015258789,10.080000400543213,10.050000190734863,10.0,10.050000190734863
2020-03-09,10.09000015258789,10.09000015258789,10.09000015258789,10.09000015258789,0,0,0,0.0,1.0243654580531452,10.084000015258791,10.097339238691072,10.07066079182651,10.09000015258789,10.080000400543213,10.050000190734863,10.0,10.050000190734863
2020-03-10,10.050000190734863,10.050000190734863,10.050000190734863,10.050000190734863,42800,0,0,-0.003964317269387618,1.020304548377621,10.083000040054323,10.102183078418465,10.06381700169018,10.070000171661377,10.075000286102295,10.050000190734863,10.0,10.050000190734863
2020-03-11,10.0600004196167,10.0600004196167,10.050000190734863,10.050000190734863,100000,0,0,0.0,1.020304548377621,10.082000064849854,10.105451202606972,10.058548927092737,10.070000171661377,10.075000286102295,10.050000190734863,10.0,10.59000015258789
2020-03-12,10.050000190734863,10.050000190734863,9.989999771118164,9.989999771118164,308400,0,0,-0.005970190893330951,1.0142131354544728,10.077500057220458,10.124175560522369,10.030824553918547,10.039999961853027,10.045000076293945,10.050000190734863,10.0,10.06999969482422
2020-03-13,10.0,10.0,10.0,10.0,10000,0,0,0.0010010239350302097,1.0152283870782848,10.073500061035157,10.131180567886656,10.015819554183658,10.039999961853027,10.039999961853027,10.062500238418579,10.005000114440918,10.06999969482422
2020-03-16,10.0,10.0,10.0,10.0,0,0,0,0.0,1.0152283870782848,10.069500064849853,10.135424856214412,10.003575273485295,10.039999961853027,10.039999961853027,10.062500238418579,10.005000114440918,10.06999969482422
2020-03-17,9.90999984741211,9.90999984741211,9.800000190734863,9.800000190734863,476800,0,0,-0.019999980926513672,0.9949238387006638,10.055500078201295,10.190467720261372,9.920532436141217,9.945000171661377,9.945000171661377,10.062500238418579,10.005000114440918,10.06999969482422
2020-03-18,9.75,9.854999542236328,9.519000053405762,9.854999542236328,451300,0,0,0.005612178615410857,1.000507528992182,10.044250059127808,10.204597240911959,9.883902877343658,9.804500102996826,9.804500102996826,10.065000295639038,10.005000114440918,10.06999969482422
2020-03-19,9.699999809265137,9.800000190734863,9.699999809265137,9.800000190734863,251200,0,0,-0.005580857844361131,0.9949238387006637,10.030250072479248,10.221881092707324,9.838619052251172,9.804500102996826,9.804500102996826,10.077500343322754,10.005000114440918,10.09000015258789
2020-03-20,9.800000190734863,9.800000190734863,9.800000190734863,9.800000190734863,100000,0,0,0.0,0.9949238387006637,10.016250085830688,10.231072139333033,9.801428032328342,9.78950023651123,9.804500102996826,10.077500343322754,10.005000114440918,10.09000015258789
2020-03-23,9.850000381469728,10.0,9.84000015258789,9.850000381469728,76200,0,0,0.005102060179767776,1.0,10.004750108718872,10.229205731923473,9.78029448551427,9.78950023651123,9.804500102996826,10.077500343322754,10.005000114440918,10.09000015258789
2020-03-24,9.850000381469728,9.9399995803833,9.850000381469728,9.9399995803833,270600,0,0,0.009136974155136368,1.0091369741551364,9.997250080108643,10.219806009224726,9.77469415099256,9.784500122070312,9.804500102996826,10.077500343322754,10.005000114440918,10.06999969482422
2020-03-25,9.949999809265137,10.0,9.899999618530272,9.949999809265137,15600,0,0,0.001006059286116301,1.0101522257789484,9.990250062942504,10.209441874919808,9.7710582509652,9.75950002670288,9.804500102996826,10.077500343322754,10.005000114440918,10.06999969482422
2020-03-26,10.0,10.0,10.0,10.0,42300,0,0,0.005025144893802347,1.0152283870782846,9.98575005531311,10.200157569864388,9.771342540761832,9.75950002670288,9.804500102996826,10.075000047683716,10.005000114440918,10.06999969482422
2020-03-27,10.038999557495115,10.095000267028809,9.994999885559082,10.039999961853027,96400,0,0,0.003999996185302779,1.0192892967538087,9.983250045776368,10.193827705296613,9.772672386256122,9.807000160217285,9.807000160217285,10.075000047683716,10.005000114440918,10.06999969482422
2020-03-30,10.039999961853027,10.039999961853027,10.039999961853027,10.039999961853027,0,0,0,0.0,1.0192892967538087,9.980750036239623,10.187304560101786,9.77419551237746,9.807000160217285,9.807000160217285,10.075000047683716,10.005000114440918,10.06999969482422
2020-03-31,10.0600004196167,10.0600004196167,10.0600004196167,10.0600004196167,400,0,0,0.001992077474070042,1.0213198000014327,9.979250049591064,10.182995721044323,9.775504378137805,9.897500038146973,9.807000160217285,10.075000047683716,10.005000114440918,10.06999969482422
2020-04-01,10.0600004196167,10.0600004196167,10.0600004196167,10.0600004196167,0,0,0,0.0,1.0213198000014327,9.977750062942505,10.178602320124902,9.776897805760107,9.947500228881836,9.807000160217285,10.080000162124634,10.005000114440918,10.06999969482422
2020-04-02,10.0600004196167,10.0600004196167,10.0600004196167,10.0600004196167,0,0,0,0.0,1.0213198000014327,9.976250076293946,10.174120647794352,9.77837950479354,9.96750020980835,9.807000160217285,10.080000162124634,10.005000114440918,10.06999969482422
2020-04-03,10.010000228881836,10.010000228881836,10.010000228881836,10.010000228881836,35700,0,0,-0.004970197678855426,1.0162436387020966,9.972250080108642,10.163828328720966,9.780671831496319,9.972500324249268,9.807000160217285,10.080000162124634,10.035000324249268,10.06999969482422
2020-04-06,10.029999732971191,10.050000190734863,10.029999732971191,10.050000190734863,101800,0,0,0.003996000093747787,1.0203045483776207,9.97025008201599,10.157613174852088,9.782886989179893,9.997499942779541,9.807000160217285,10.080000162124634,10.050000190734863,10.06999969482422
2020-04-07,10.050000190734863,10.050000190734863,10.050000190734863,10.050000190734863,0,0,0,0.0,1.0203045483776207,9.97025008201599,10.157613174852088,9.782886989179893,10.045000076293945,9.807000160217285,10.080000162124634,10.050000190734863,10.06999969482422
2020-04-08,10.050000190734863,10.050000190734863,10.050000190734863,10.050000190734863,212300,0,0,0.0,1.0203045483776207,9.97025008201599,10.157613174852088,9.782886989179893,10.045000076293945,9.807000160217285,10.080000162124634,10.050000190734863,10.06999969482422
2020-04-09,10.050000190734863,10.050000190734863,10.050000190734863,10.050000190734863,0,0,0,0.0,1.0203045483776207,9.973250102996825,10.163711676784684,9.782788529208966,10.035000324249268,9.807000160217285,10.080000162124634,10.050000190734863,10.06999969482422
2020-04-13,10.050000190734863,10.050000190734863,10.050000190734863,10.050000190734863,136100,0,0,0.0,1.0203045483776207,9.97575011253357,10.168873574537038,9.782626650530101,10.035000324249268,9.807000160217285,10.082500219345093,10.050000190734863,10.06999969482422
2020-04-14,10.050000190734863,10.050000190734863,10.050000190734863,10.050000190734863,500,0,0,0.0,1.0203045483776207,9.978250122070312,10.173870121836682,9.782630122303942,10.035000324249268,9.807000160217285,10.085000276565552,10.050000190734863,10.06999969482422
2020-04-15,10.039999961853027,10.050000190734863,10.039999961853027,10.050000190734863,25800,0,0,0.0,1.0203045483776207,9.990750122070313,10.170338691885082,9.811161552255545,10.035000324249268,9.807000160217285,10.085000276565552,10.050000190734863,10.06999969482422
2020-04-16,10.050000190734863,10.050000190734863,10.050000190734863,10.050000190734863,0,0,0,0.0,1.0203045483776207,10.000500154495239,10.170357292868008,9.830643016122469,10.03000020980835,9.807000160217285,10.072500228881836,10.050000190734863,10.06999969482422
2020-04-17,10.609999656677246,10.609999656677246,10.5600004196167,10.59000015258789,800,0,0,0.05373133846811817,1.075126877407059,10.04000015258789,10.33099323700854,9.74900706816724,10.319999694824219,10.064499855041504,10.072500228881836,10.050000190734863,10.06999969482422
2020-04-20,10.079999923706056,10.079999923706056,10.06999969482422,10.06999969482422,4200,0,0,-0.04910296980841844,1.022334954805521,10.053500127792358,10.322713523163655,9.78428673242106,10.324999809265137,10.064499855041504,10.042500019073486,10.045000076293945,10.06999969482422
2020-04-21,10.06999969482422,10.06999969482422,10.06999969482422,10.06999969482422,0,0,0,0.0,1.022334954805521,10.064500093460083,10.316826270886276,9.81217391603389,10.324999809265137,10.064499855041504,10.039999961853027,10.045000076293945,10.06999969482422
2020-04-22,10.06999969482422,10.06999969482422,10.06999969482422,10.06999969482422,0,0,0,0.0,1.022334954805521,10.071000099182129,10.316702666390917,9.82529753197334,10.324999809265137,10.064499855041504,10.039999961853027,10.045000076293945,10.06999969482422
2020-04-23,10.06999969482422,10.06999969482422,10.06999969482422,10.06999969482422,0,0,0,0.0,1.022334954805521,10.077000093460082,10.316299294195895,9.83770089272427,10.324999809265137,10.064499855041504,9.945000171661377,9.950000286102295,10.06999969482422
2020-04-24,10.06999969482422,10.06999969482422,10.06999969482422,10.06999969482422,0,0,0,0.0,1.022334954805521,10.080500078201293,10.317197555156058,9.843802601246528,10.324999809265137,10.154999732971191,9.804500102996826,9.809500217437744,10.079999923706056
2020-04-27,10.100000381469728,10.100000381469728,10.09000015258789,10.09000015258789,1600,0,0,0.001986142837119509,1.0243654580531447,10.083000087738037,10.318981075141245,9.84701910033483,10.324999809265137,10.204999923706055,9.804500102996826,9.809500217437744,10.100000381469728
2020-04-28,10.09000015258789,10.09000015258789,10.09000015258789,10.09000015258789,0,0,0,0.0,1.0243654580531447,10.08550009727478,10.320654960037103,9.850345234512456,10.329999923706055,10.224999904632568,9.797000169754028,9.809500217437744,10.140000343322754
2020-04-29,10.09000015258789,10.09000015258789,10.09000015258789,10.09000015258789,400100,0,0,0.0,1.0243654580531447,10.08700008392334,10.321864587781448,9.85213558006523,10.339999675750732,10.230000019073486,9.797000169754028,9.809500217437744,10.149999618530272
2020-04-30,10.06999969482422,10.06999969482422,10.06999969482422,10.06999969482422,95900,0,0,-0.0019822058930831776,1.022334954805521,10.087500047683715,10.322172942035174,9.852827153332257,10.085000038146974,10.25499963760376,9.79450011253357,9.809500217437744,10.149999618530272
2020-05-01,10.06999969482422,10.06999969482422,10.06999969482422,10.06999969482422,2100,0,0,0.0,1.022334954805521,10.088000011444091,10.322476828874748,9.853523194013434,10.085000038146974,10.302499771118164,9.782000064849854,9.809500217437744,10.43000030517578
2020-05-04,10.06999969482422,10.06999969482422,10.06999969482422,10.06999969482422,0,0,0,0.0,1.022334954805521,10.090999984741211,10.322901649783882,9.859098319698541,10.085000038146974,10.302499771118164,9.782000064849854,9.809500217437744,10.395000457763672
2020-05-05,10.06999969482422,10.06999969482422,10.06999969482422,10.06999969482422,0,0,0,0.0,1.022334954805521,10.09199995994568,10.323351704245361,9.860648215645998,10.085000038146974,10.309999942779541,9.807000160217285,9.809500217437744,10.395000457763672
2020-05-06,10.06999969482422,10.06999969482422,10.06999969482422,10.06999969482422,950000,0,0,0.0,1.022334954805521,10.092999935150148,10.323782927923807,9.86221694237649,10.085000038146974,10.309999942779541,9.807000160217285,9.809500217437744,10.130000114440918
2020-05-07,10.06999969482422,10.06999969482422,10.06999969482422,10.06999969482422,0,0,0,0.0,1.022334954805521,10.093999910354615,10.324195181241631,9.863804639467599,10.085000038146974,10.309999942779541,9.852250099182129,9.809500217437744,10.25
2020-05-08,10.06999969482422,10.06999969482422,10.06999969482422,10.06999969482422,66400,0,0,0.0,1.022334954805521,10.094999885559083,10.324588318512589,9.865411452605578,10.079999923706055,10.309999942779541,9.87725019454956,9.809500217437744,10.25
2020-05-11,10.06999969482422,10.06999969482422,10.06999969482422,10.06999969482422,0,0,0,0.0,1.022334954805521,10.095999860763552,10.324962187742175,9.867037533784929,10.079999923706055,10.309999942779541,9.887250185012817,9.809500217437744,10.199999809265137
2020-05-12,10.06999969482422,10.06999969482422,10.06999969482422,10.06999969482422,0,0,0,0.0,1.022334954805521,10.096999835968019,10.325316630416005,9.868683041520033,10.06999969482422,10.319999694824219,9.889750242233276,9.809500217437744,10.234999656677246
2020-05-13,10.06999969482422,10.06999969482422,10.06999969482422,10.06999969482422,0,0,0,0.0,1.022334954805521,10.097999811172487,10.325651481275436,9.870348141069538,10.06999969482422,10.324999809265137,9.902250051498413,9.809500217437744,11.0
2020-05-14,10.06999969482422,10.06999969482422,10.06999969482422,10.06999969482422,0,0,0,0.0,1.022334954805521,10.098999786376954,10.32596656807956,9.872033004674348,10.06999969482422,10.324999809265137,9.926000118255615,9.809500217437744,12.5
2020-05-15,10.06999969482422,10.079999923706056,10.06999969482422,10.06999969482422,235300,0,0,0.0,1.022334954805521,10.07299976348877,10.08736091608458,10.058638610892961,10.074999809265138,10.324999809265137,9.926000118255615,9.809500217437744,12.5
2020-05-18,10.079999923706056,10.079999923706056,10.06999969482422,10.06999969482422,49800,0,0,0.0,1.022334954805521,10.07299976348877,10.08736091608458,10.058638610892961,10.074999809265138,10.324999809265137,9.921000242233276,9.809500217437744,12.100000381469728
2020-05-19,10.079999923706056,10.079999923706056,10.06999969482422,10.06999969482422,50000,0,0,0.0,1.022334954805521,10.07299976348877,10.08736091608458,10.058638610892961,10.074999809265138,10.324999809265137,9.921000242233276,9.809500217437744,11.449999809265137
2020-05-20,10.06999969482422,10.079999923706056,10.06999969482422,10.06999969482422,2200,0,0,0.0,1.022334954805521,10.07299976348877,10.08736091608458,10.058638610892961,10.074999809265138,10.324999809265137,9.921000242233276,9.809500217437744,11.550000190734863
2020-05-21,10.06999969482422,10.06999969482422,10.06999969482422,10.06999969482422,25000,0,0,0.0,1.022334954805521,10.07299976348877,10.08736091608458,10.058638610892961,10.074999809265138,10.329999923706055,9.921000242233276,9.809500217437744,13.539999961853027
2020-05-22,10.06999969482422,10.06999969482422,10.06999969482422,10.06999969482422,0,0,0,0.0,1.022334954805521,10.07299976348877,10.08736091608458,10.058638610892961,10.074999809265138,10.339999675750732,9.918500185012817,9.809500217437744,12.960000038146973
2020-05-26,10.06999969482422,10.06999969482422,10.06999969482422,10.06999969482422,0,0,0,0.0,1.022334954805521,10.071999740600587,10.084065522178804,10.05993395902237,10.074999809265138,10.085000038146974,10.192249774932861,10.064499855041504,12.579999923706056
2020-05-27,10.06999969482422,10.06999969482422,10.06999969482422,10.06999969482422,0,0,0,0.0,1.022334954805521,10.070999717712406,10.079765304808246,10.062234130616565,10.074999809265138,10.085000038146974,10.19474983215332,10.064499855041504,12.5
2020-05-28,10.098999977111816,10.098999977111816,10.06999969482422,10.06999969482422,300,0,0,0.0,1.022334954805521,10.069999694824222,10.069999763460086,10.069999626188359,10.084499835968018,10.085000038146974,10.19474983215332,10.064499855041504,13.010000228881836
2020-05-29,10.06999969482422,10.06999969482422,10.06999969482422,10.06999969482422,0,0,0,0.0,1.022334954805521,10.069999694824222,10.069999763460086,10.069999626188359,10.084499835968018,10.085000038146974,10.19474983215332,10.064499855041504,12.43000030517578
2020-06-01,10.06999969482422,10.06999969482422,10.06999969482422,10.06999969482422,0,0,0,0.0,1.022334954805521,10.069999694824222,10.069999763460086,10.069999626188359,10.084499835968018,10.085000038146974,10.19474983215332,10.064499855041504,12.18000030517578
2020-06-02,10.079999923706056,10.09000015258789,10.079999923706056,10.079999923706056,100900,0,0,0.0009930714185597544,1.023350206429333,10.070499706268313,10.074882499816637,10.06611691271999,10.084499835968018,10.085000038146974,10.239999771118164,10.064499855041504,12.09000015258789
2020-06-03,10.100000381469728,10.100000381469728,10.100000381469728,10.100000381469728,100600,0,0,0.0019841724122076076,1.025380709676957,10.071999740600587,10.08563875929517,10.058360721906004,10.085000038146974,10.085000038146974,10.264999866485596,10.064499855041504,12.550000190734863
2020-06-04,10.119999885559082,10.140000343322754,10.109999656677246,10.140000343322754,374800,0,0,0.003960392113094624,1.029441619352481,10.075499773025514,10.108220063321351,10.042779482729678,10.105000019073486,10.105000019073486,10.277499914169312,10.064499855041504,12.210000038146973
2020-06-05,10.119999885559082,10.149999618530272,10.119999885559082,10.149999618530272,126200,0,0,0.000986121781948679,1.0304567741565689,10.079499769210816,10.125564918242661,10.033434620178971,10.109999656677246,10.109999656677246,10.28499984741211,10.064499855041504,11.729999542236328
2020-06-08,10.149999618530272,10.149999618530272,10.149999618530272,10.149999618530272,0,0,0,0.0,1.0304567741565689,10.08349976539612,10.13867201836139,10.028327512430849,10.109999656677246,10.109999656677246,10.169999837875366,10.064499855041504,11.630000114440918
2020-06-09,10.199999809265137,10.43000030517578,10.15999984741211,10.43000030517578,86000,0,0,0.027586275583136644,1.058883238704962,10.101499795913698,10.262659141338277,9.940340450489119,10.25,10.25,10.193749904632568,10.064499855041504,11.199999809265137
2020-06-10,10.267999649047852,10.395000457763672,10.267999649047852,10.395000457763672,800,0,0,-0.0033556899700893927,1.055329954841344,10.117749834060671,10.322983913576765,9.912515754544577,10.25,10.25,10.193749904632568,10.064499855041504,11.25
2020-06-11,10.395000457763672,10.395000457763672,10.395000457763672,10.395000457763672,0,0,0,0.0,1.055329954841344,10.133999872207642,10.370926197949139,9.897073546466146,10.25,10.25,10.197499990463257,10.064499855041504,11.350000381469728
2020-06-12,10.149999618530272,10.149999618530272,10.130000114440918,10.130000114440918,800,0,0,-0.02549305739807195,1.028426367728669,10.136999893188477,10.372101469490888,9.901898316886067,10.255000114440918,10.25,10.197499990463257,10.064499855041504,11.539999961853027
2020-06-15,10.199999809265137,10.25,10.149999618530272,10.25,1700,0,0,0.011845990543279061,1.0406090967552415,10.145999908447267,10.383948078161435,9.9080517387331,10.265000343322754,10.25,10.197499990463257,10.064499855041504,11.649999618530272
2020-06-16,10.25,10.25,10.25,10.25,0,0,0,0.0,1.0406090967552415,10.154999923706056,10.39439669821379,9.915603149198322,10.269999980926514,10.25,10.194999933242798,10.064499855041504,11.600000381469728
2020-06-17,10.239999771118164,10.239999771118164,10.199999809265137,10.199999809265137,51100,0,0,-0.004878067388767171,1.0355329354559053,10.161499929428102,10.39833018515108,9.924669673705123,10.275000095367432,10.25,10.194999933242798,10.064499855041504,11.640000343322754
2020-06-18,10.199999809265137,10.234999656677246,10.199999809265137,10.234999656677246,1300,0,0,0.0034313576535871526,1.0390862193195234,10.169749927520753,10.40472401164073,9.934775843400777,10.28000020980835,10.25,10.194999694824219,10.064499855041504,11.15999984741211
2020-06-19,10.239999771118164,11.0,10.220000267028809,11.0,74800,0,0,0.07474356316403719,1.1167512257861127,10.216249942779543,10.645003482027011,9.787496403532074,10.565000057220459,10.53499984741211,10.197499752044678,10.064499855041504,11.15999984741211
2020-06-22,12.239999771118164,12.56999969482422,11.871000289916992,12.5,2085300,0,0,0.13636363636363646,1.2690354838478555,10.337749958038332,11.42141576881412,9.254084147262544,11.349999904632568,11.31999969482422,10.197499752044678,10.064499855041504,11.18000030517578
2020-06-23,12.75,12.93000030517578,12.253000259399414,12.5,524800,0,0,0.0,1.2690354838478555,10.459249973297121,11.889439712166705,9.029060234427536,11.53000020980835,11.5,10.199999809265137,10.064499855041504,10.93000030517578
2020-06-24,12.404999732971191,12.600000381469728,11.789999961853027,12.100000381469728,392600,0,0,-0.031999969482421786,1.2284263870926138,10.560750007629395,12.147398744522368,8.974101270736421,11.53000020980835,11.5,10.199999809265137,10.064499855041504,10.710000038146973
2020-06-25,11.970000267028809,12.0,11.170000076293944,11.449999809265137,234300,0,0,-0.053719053860528776,1.1624364838406909,10.62975001335144,12.245111165931073,9.014388860771808,11.539999961853026,11.5,10.199999809265137,10.064499855041504,10.800000190734863
2020-06-26,11.5,12.0,11.279999732971191,11.550000190734863,643500,0,0,0.008733657915767745,1.1725888064393633,10.703750038146973,12.345433324583782,9.062066751710164,11.565000057220459,11.5,10.199999809265137,10.064499855041504,10.640000343322754
2020-06-29,14.869999885559082,14.90999984741211,13.020000457763672,13.539999961853027,4995300,0,0,0.17229434963252155,1.374619232231208,10.877250051498413,12.90669950710168,8.847800595895146,12.554999828338623,12.489999771118164,10.202499866485596,10.064499855041504,11.1899995803833
2020-06-30,13.510000228881836,14.270000457763672,12.93000030517578,12.960000038146973,1903100,0,0,-0.0428360358449128,1.3157359935262456,11.02125005722046,13.208341041214213,8.834159073226706,12.554999828338623,12.489999771118164,10.207499742507935,10.064499855041504,11.4399995803833
2020-07-01,13.1899995803833,13.239999771118164,12.40999984741211,12.579999923706056,628500,0,0,-0.029320996398334076,1.277157303198904,11.145250034332275,13.39043405414092,8.90006601452363,12.565000057220459,12.489999771118164,10.079999923706056,10.064499855041504,11.350000381469728
2020-07-02,12.949999809265137,13.100000381469728,12.199999809265137,12.5,1050600,0,0,-0.006359294450813402,1.2690354838478555,11.263250017166138,13.532901004220282,8.993599030111994,13.039999961853027,12.489999771118164,10.079999923706056,10.064499855041504,11.600000381469728
2020-07-06,12.899999618530272,13.300000190734863,12.850000381469728,13.010000228881836,2153800,0,0,0.040800018310546804,1.3208121548255816,11.406250047683717,13.737548612260817,9.074951483106616,13.039999961853027,12.489999771118164,10.084749937057495,10.064499855041504,11.449999809265137
2020-07-07,12.779999732971191,13.0,12.329999923706056,12.43000030517578,1030100,0,0,-0.04458108481954315,1.2619289161206189,11.520250082015991,13.81703460088848,9.223465563143503,13.039999961853027,12.489999771118164,10.084749937057495,10.064499855041504,11.68000030517578
2020-07-08,12.399999618530272,12.5600004196167,12.001999855041504,12.18000030517578,341600,0,0,-0.020112630238303453,1.2365482064436617,11.607750082015992,13.864281607645436,9.351218556386547,13.039999961853027,12.494999885559082,10.084749937057495,10.064499855041504,11.600000381469728
2020-07-09,12.300000190734863,12.460000038146973,11.859999656677246,12.09000015258789,440000,0,0,-0.007389174904178342,1.2274111354688015,11.692500066757201,13.886250158079715,9.498749975434688,13.09499979019165,12.505000114440918,10.084749937057495,10.154999732971191,11.4399995803833
2020-07-10,12.239999771118164,12.760000228881836,11.899999618530272,12.550000190734863,1436700,0,0,0.03804797620689104,1.2741116451471917,11.800250053405762,13.938912021899744,9.661588084911779,13.384999752044678,12.509999752044678,10.085000038146974,10.204999923706055,11.5
2020-07-13,12.359999656677246,12.5,12.199999809265137,12.210000038146973,807700,0,0,-0.02709164521279439,1.2395938644953741,11.904250049591065,13.904257294766754,9.904242804415375,13.065000057220459,12.514999866485596,10.105000019073486,10.224999904632568,11.68000030517578
2020-07-14,11.989999771118164,12.100000381469728,11.321000099182127,11.729999542236328,525800,0,0,-0.03931207980434137,1.19086285156936,11.97825002670288,13.830471421670804,10.126028631734957,12.310500144958496,12.519999980926514,10.109999656677246,10.230000019073486,11.880000114440918
2020-07-15,11.739999771118164,11.75,11.050000190734863,11.630000114440918,352800,0,0,-0.008525100741508251,1.1807106257904114,12.047250032424927,13.73012955573514,10.364370509114714,12.175000190734863,12.519999980926514,10.109999656677246,10.25499963760376,12.130000114440918
2020-07-16,11.5,11.600000381469728,11.020000457763672,11.199999809265137,316300,0,0,-0.0369733706745069,1.1370557741637335,12.097250032424927,13.606280976179685,10.58821908867017,12.160000324249268,12.519999980926514,10.25,10.302499771118164,11.949999809265137
2020-07-17,11.25,11.414999961853027,11.050000190734863,11.25,146100,0,0,0.00446430282021093,1.1421319354630697,12.148000049591065,13.45594087896992,10.84005922021221,12.010000228881836,12.519999980926514,10.25,10.302499771118164,12.0600004196167
2020-07-20,11.489999771118164,11.489999771118164,11.229999542236328,11.350000381469728,141000,0,0,0.00888892279730924,1.1522842580617423,12.165500068664551,13.419198365419883,10.91180177190922,11.890000343322754,12.519999980926514,10.25,10.309999942779541,12.119999885559082
2020-07-21,11.520000457763672,11.550000190734863,11.170000076293944,11.539999961853027,363100,0,0,0.01674005057246486,1.171573554815551,12.117500066757202,13.389870380491583,10.845129753022821,11.890000343322754,12.529999732971191,10.252500057220459,10.309999942779541,12.095000267028809
2020-07-22,11.539999961853027,11.75,11.5,11.649999618530272,54500,0,0,0.009532032672518342,1.1827410322183114,12.075000047683716,13.350237436766676,10.799762658600756,11.890000343322754,12.554999828338623,10.257500171661377,10.309999942779541,12.350000381469728
2020-07-23,11.574999809265137,11.649999618530272,11.52299976348877,11.600000381469728,192400,0,0,-0.0042917801457277305,1.1776649677386992,12.050000047683715,13.341973574573876,10.758026520793555,11.760000228881836,12.554999828338623,10.259999990463257,10.309999942779541,12.989999771118164
2020-07-24,11.5,11.784000396728516,11.25,11.640000343322754,858200,0,0,0.0034482724601392345,1.1817258774142234,12.059500074386596,13.336226502902475,10.782773645870718,11.5600004196167,12.554999828338623,10.262500047683716,10.309999942779541,13.399999618530272
2020-07-27,11.640000343322754,11.649999618530272,11.119999885559082,11.15999984741211,113800,0,0,-0.041237154789775854,1.1329948644882093,12.040000057220459,13.358938252827564,10.721061861613354,11.402000427246094,12.565000057220459,10.265000104904175,10.319999694824219,13.979999542236328
2020-07-28,11.25,11.479999542236328,11.15999984741211,11.15999984741211,222200,0,0,0.0,1.1329948644882093,11.921000051498414,13.09742820515972,10.744571897837108,11.402000427246094,12.96500015258789,10.549999952316284,10.519999980926514,13.75
2020-07-29,11.270000457763672,11.449999809265137,11.15999984741211,11.18000030517578,113300,0,0,0.0017921557380942144,1.135025367735833,11.832000064849854,12.9476626030269,10.716337526672808,11.41700029373169,12.96500015258789,11.334999799728394,11.304999828338623,12.859999656677246
2020-07-30,11.25,11.369999885559082,10.609999656677246,10.93000030517578,265700,0,0,-0.022361358960273248,1.109644658058876,11.74950008392334,12.875802072738756,10.623198095107925,11.19700002670288,12.759999752044678,11.515000104904175,11.485000133514404,13.5
2020-07-31,10.6899995803833,10.880000114440918,10.510000228881836,10.710000038146973,218500,0,0,-0.020128111700475237,1.0873096064336312,11.660000085830688,12.817911605810494,10.502088565850883,11.147000312805176,12.710000038146973,11.515000104904175,11.485000133514404,13.399999618530272
2020-08-03,10.649999618530272,10.800000190734863,10.600000381469728,10.800000190734863,137100,0,0,0.008403375561842008,1.0964466774084916,11.54950008392334,12.585083161396282,10.513917006450397,11.147000312805176,12.710000038146973,11.519999980926514,11.485000133514404,13.0
2020-08-04,10.920000076293944,10.989999771118164,10.600000381469728,10.640000343322754,398400,0,0,-0.014814800424667651,1.0802030387063948,11.46000008583069,12.484956684177918,10.43504348748346,11.147000312805176,12.710000038146973,11.53250002861023,11.485000133514404,12.850000381469728
2020-08-05,10.710000038146973,11.1899995803833,10.6850004196167,11.1899995803833,353800,0,0,0.051691655950528714,1.1360405225399215,11.410500049591064,12.385462766635323,10.435537332546806,11.147000312805176,12.390000343322754,12.522499799728394,12.480000019073486,12.770000457763672
2020-08-06,11.1899995803833,11.5,11.0,11.4399995803833,381500,0,0,0.022341377066560808,1.1614212322168787,11.378000020980835,12.301635223119131,10.454364818842539,11.079999923706055,11.90500020980835,12.522499799728394,12.489999771118164,12.84000015258789
2020-08-07,11.5,11.5,11.050000190734863,11.350000381469728,176800,0,0,-0.007867063130657659,1.1522842580617423,11.318000030517577,12.066985047152963,10.569015013882192,11.005000114440918,11.90500020980835,12.527499914169312,12.489999771118164,12.859999656677246
2020-08-10,11.40999984741211,11.699999809265137,11.239999771118164,11.600000381469728,701000,0,0,0.02202643097776069,1.1776649677386994,11.287500047683716,11.929700088018057,10.645300007349375,11.105000019073486,11.90500020980835,12.764999866485596,12.489999771118164,12.31999969482422
2020-08-11,11.829999923706056,11.890000343322754,11.31999969482422,11.449999809265137,253400,0,0,-0.012931083385497866,1.1624364838406906,11.273500061035156,11.887810640884549,10.659189481185763,11.200000286102295,11.755000114440918,12.764999866485596,12.489999771118164,12.079999923706056
2020-08-12,11.350000381469728,11.6899995803833,11.109999656677246,11.68000030517578,302900,0,0,0.02008737989013154,1.1857867870897474,11.2760000705719,11.896536754009503,10.655463387134297,11.200000286102295,11.635000228881836,12.764999866485596,12.489999771118164,12.170000076293944
2020-08-13,11.520000457763672,11.6899995803833,11.390000343322754,11.600000381469728,194300,0,0,-0.006849308357517847,1.1776649677386994,11.296000099182129,11.931220913991245,10.660779284373012,11.24500036239624,11.635000228881836,12.767499923706055,12.489999771118164,11.59000015258789
2020-08-14,11.600000381469728,11.600000381469728,11.210000038146973,11.4399995803833,429700,0,0,-0.013793172053857772,1.1614212322168787,11.305500078201295,11.943391345678698,10.667608810723891,11.24500036239624,11.635000228881836,12.799999952316284,12.489999771118164,12.670000076293944
2020-08-17,11.359999656677246,11.550000190734863,11.260000228881836,11.5,488900,0,0,0.005244792116914532,1.1675126451400268,11.313000059127807,11.956371093715621,10.669629024539994,11.287500381469727,11.505000114440918,12.947499752044678,12.489999771118164,12.220000267028809
2020-08-18,11.43000030517578,11.93000030517578,11.43000030517578,11.68000030517578,439500,0,0,0.015652200450067877,1.1857867870897476,11.320000076293946,11.976157270544412,10.663842882043479,11.46500015258789,11.305000305175781,12.789999961853027,12.489999771118164,11.850000381469728
2020-08-19,11.5,11.914999961853027,11.380000114440918,11.880000114440918,159700,0,0,0.017123270893795395,1.2060913354673686,11.331500101089478,12.018082743668263,10.644917458510694,11.490000247955322,11.220000267028809,12.415250062942505,12.489999771118164,11.979999542236328
2020-08-20,11.90999984741211,12.130000114440918,11.539999961853027,12.130000114440918,190800,0,0,0.02104377084105491,1.2314720451443257,11.358000087738038,12.121476426550084,10.594523748925992,11.619999885559082,11.320000171661377,12.347500085830688,12.489999771118164,11.949999809265137
2020-08-21,11.760000228881836,12.039999961853027,11.699999809265137,11.949999809265137,362300,0,0,-0.014839266568636655,1.213197903194605,11.373500061035156,12.171438481618067,10.575561640452245,11.619999885559082,11.320000171661377,12.34000015258789,12.489999771118164,12.100000381469728
2020-08-24,11.989999771118164,12.479999542236328,11.510000228881836,12.0600004196167,470400,0,0,0.009205072142869586,1.2243654774170893,11.418500089645386,12.263833857452163,10.57316632183861,11.794999599456787,11.494999885559082,12.265000104904175,12.489999771118164,11.8100004196167
2020-08-25,12.420000076293944,12.420000076293944,11.902000427246094,12.119999885559082,87800,0,0,0.004975079921621495,1.2304567935205135,11.466500091552735,12.356027687223808,10.576972495881662,11.84499979019165,11.494999885559082,12.205000162124634,12.489999771118164,11.640000343322754
2020-08-26,12.010000228881836,12.270000457763672,12.010000228881836,12.095000267028809,50300,0,0,-0.002062674815703658,1.2279187612807072,11.512250089645386,12.432068909526594,10.592431269764178,11.84499979019165,11.494999885559082,12.210000038146973,12.489999771118164,11.670000076293944
2020-08-27,12.140000343322754,12.489999771118164,12.0,12.350000381469728,346300,0,0,0.021083101183226427,1.2538070967695705,11.583250093460084,12.531426463675649,10.635073723244519,11.875,11.5,12.222500085830688,12.489999771118164,11.260000228881836
2020-08-28,12.350000381469728,13.0,12.199999809265137,12.989999771118164,421400,0,0,0.05182181132631447,1.3187816515779573,11.697250080108642,12.742441154719007,10.652059005498277,12.190000057220459,11.755000114440918,12.15750002861023,12.489999771118164,11.0
2020-08-31,13.050000190734863,13.489999771118164,12.899999618530272,13.399999618530272,404500,0,0,0.031562729379233545,1.360405999957011,11.827250051498414,13.030383255874758,10.62411684712207,12.434999942779541,12.0,12.057500123977661,12.489999771118164,11.100000381469728
2020-09-01,13.489999771118164,14.0,13.449000358581545,13.979999542236328,593700,0,0,0.04328357762816659,1.419289238661974,11.994250011444091,13.403777082049917,10.584722940838265,12.755000114440918,12.255000114440918,11.983500242233276,12.489999771118164,10.9399995803833
2020-09-02,14.0,14.199999809265137,13.609999656677246,13.75,460900,0,0,-0.016452042186514637,1.395939032232641,12.122250032424926,13.675637992201109,10.568862072648743,12.855000019073486,12.355000019073486,12.183500289916992,12.489999771118164,11.31999969482422
2020-09-03,13.770000457763672,13.949999809265137,12.859999656677246,12.859999656677246,329300,0,0,-0.06472729769620034,1.305583670927573,12.193250036239624,13.745204843655637,10.64129522882361,12.855000019073486,12.355000019073486,12.19100022315979,12.489999771118164,11.3100004196167
2020-09-04,13.010000228881836,13.538999557495115,12.75,13.5,417700,0,0,0.04976674653256685,1.3705583225556837,12.300750017166138,13.901787075629617,10.699712958702658,13.051000118255615,12.355000019073486,11.97849988937378,12.489999771118164,11.979999542236328
2020-09-08,14.489999771118164,14.489999771118164,13.350000381469728,13.399999618530272,144000,0,0,-0.007407435664424367,1.360405999957011,12.390749979019166,14.026474720872105,10.755025237166226,13.244999885559082,12.545000076293945,11.928500175476074,12.489999771118164,11.65999984741211
2020-09-09,13.420000076293944,13.579999923706056,12.81999969482422,13.0,130300,0,0,-0.029850718650553554,1.3197969032017693,12.468249988555907,14.064313066532938,10.872186910578877,13.244999885559082,12.545000076293945,11.928500175476074,12.489999771118164,11.420000076293944
2020-09-10,13.229999542236328,13.420000076293944,12.850000381469728,12.850000381469728,213900,0,0,-0.011538432194636239,1.3045685161234848,12.526749992370606,14.087972694452755,10.965527290288456,13.34499979019165,12.587500095367432,11.928500175476074,12.489999771118164,11.239999771118164
2020-09-11,13.100000381469728,13.199999809265137,12.220000267028809,12.770000457763672,198500,0,0,-0.006225674811762616,1.2964466967724362,12.585249996185302,14.089207357816353,11.081292634554252,13.355000019073486,12.744999885559082,11.768500328063965,12.489999771118164,10.720000267028809
2020-09-14,13.079999923706056,13.199999809265137,12.619999885559082,12.84000015258789,289500,0,0,0.005481573399761519,1.3035532644996726,12.655250024795532,14.06592481640828,11.244575233182783,13.355000019073486,12.769999980926514,11.492500066757202,12.489999771118164,10.829999923706056
2020-09-15,13.0,13.119999885559082,12.770000457763672,12.859999656677246,67900,0,0,0.0015575937579195287,1.305583670927573,12.723250007629394,14.030896199724758,11.41560381553403,13.355000019073486,12.799999713897705,11.455000162124634,12.489999771118164,10.920000076293944
2020-09-16,12.949999809265137,13.390000343322754,12.31999969482422,12.31999969482422,220200,0,0,-0.04199066689497488,1.2507613418981347,12.755249977111816,13.987572573088134,11.5229273811355,13.355000019073486,12.799999713897705,11.505000114440918,12.489999771118164,9.93000030517578
2020-09-17,12.446000099182127,12.6899995803833,12.0,12.079999923706056,342300,0,0,-0.01948050138499524,1.2263958838449895,12.765249967575073,13.971697525397758,11.558802409752388,13.244999885559082,12.799999713897705,11.477500200271606,12.489999771118164,9.579999923706056
2020-09-18,12.050000190734863,12.5,11.869999885559082,12.170000076293944,252500,0,0,0.007450343804329629,1.2355329548198495,12.767249965667725,13.96955931866817,11.56494061266728,13.179999828338623,12.849999904632568,11.417500257492065,12.489999771118164,9.550000190734863
2020-09-21,12.229999542236328,12.289999961853027,11.59000015258789,11.59000015258789,194000,0,0,-0.047658169274447215,1.1766497161148872,12.749249982833863,14.009969436258997,11.48853052940873,12.585000038146973,12.849999904632568,11.440000295639038,12.494999885559082,9.510000228881836
2020-09-22,12.06999969482422,13.06999969482422,12.06999969482422,12.670000076293944,737900,0,0,0.09318377131038291,1.2862943741737638,12.779749965667724,14.000761241473226,11.558738689862222,12.505000114440918,12.875,11.440000295639038,12.505000114440918,9.0
2020-09-23,12.949999809265137,13.050000190734863,11.68000030517578,12.220000267028809,351600,0,0,-0.03551695395070298,1.240609116119186,12.784749984741211,13.995580420530942,11.57391954895148,12.490000247955322,12.934999942779541,11.396250247955322,12.509999752044678,9.289999961853027
2020-09-24,11.65999984741211,12.130000114440918,11.25,11.850000381469728,447100,0,0,-0.030278222379208075,1.2030456774156564,12.772499990463256,14.015872568743331,11.52912741218318,12.320000171661377,12.869999885559082,11.385000228881836,12.514999866485596,8.899999618530273
2020-09-25,11.90999984741211,12.010000228881836,11.5,11.979999542236328,265500,0,0,0.010970392960483188,1.2162435612463167,12.753999948501587,14.032861107320175,11.475138789683,12.320000171661377,12.869999885559082,11.355000257492065,12.519999980926514,8.859999656677246
2020-09-28,12.329999923706056,12.329999923706056,11.93000030517578,11.949999809265137,287200,0,0,-0.0025041514288398625,1.2131979031946045,12.701999950408936,14.022601663906164,11.381398236911709,12.320000171661377,12.869999885559082,11.47000002861023,12.519999980926514,9.079999923706056
2020-09-29,12.229999542236328,12.25,11.989999771118164,12.100000381469728,138900,0,0,0.012552349338808666,1.2284263870926133,12.636999988555909,13.941480972565426,11.332519004546391,12.15999984741211,12.869999885559082,11.47000002861023,12.519999980926514,8.859999656677246
2020-09-30,12.119999885559082,12.329999923706056,11.8100004196167,11.8100004196167,127800,0,0,-0.023966938240526203,1.198984767740132,12.528500032424926,13.723351770618429,11.333648294231423,12.15999984741211,12.869999885559082,11.644999742507935,12.519999980926514,8.670000076293945
2020-10-01,12.010000228881836,12.239999771118164,11.5600004196167,11.640000343322754,148000,0,0,-0.014394586812340071,1.1817258774142232,12.423000049591064,13.53682131781152,11.309178781370607,12.15999984741211,12.869999885559082,11.669999837875366,12.519999980926514,8.6899995803833
2020-10-02,11.5,11.890000343322754,11.300000190734863,11.670000076293944,145000,0,0,0.002577296570991816,1.1847715354659352,12.363500070571899,13.504689447029051,11.222310694114746,12.15999984741211,12.869999885559082,11.669999837875366,12.529999732971191,8.40999984741211
2020-10-05,12.3100004196167,12.3100004196167,11.260000228881836,11.260000228881836,474600,0,0,-0.03513280588960477,1.1431471870868815,12.25150008201599,13.363544156701165,11.139456007330816,12.150000095367432,12.869999885559082,11.6875,12.554999828338623,8.970000267028809
2020-10-06,11.270000457763672,11.562000274658203,10.800000190734863,11.0,463100,0,0,-0.02309060600326962,1.1167512257861123,12.131500101089477,13.239829009306721,11.023171192872233,11.565000057220459,12.644999980926514,11.972500085830688,12.554999828338623,9.529999732971191
2020-10-07,11.109999656677246,11.279999732971191,10.718999862670898,11.100000381469728,565500,0,0,0.009090943769975324,1.126903548384785,12.036500120162964,13.156551807361454,10.916448432964474,11.524499893188477,12.604499816894531,12.21749997138977,12.554999828338623,9.890000343322754
2020-10-08,11.0,11.0600004196167,10.68000030517578,10.9399995803833,272400,0,0,-0.014414486088985323,1.1106598128629641,11.941000080108642,13.09292239072769,10.789077769489595,11.505000114440918,12.585000038146973,12.505000114440918,12.565000057220459,7.289999961853027
2020-10-09,10.989999771118164,11.670000076293944,10.970000267028809,11.31999969482422,244700,0,0,0.03473492952616786,1.1492385031903058,11.86850004196167,12.984156549943076,10.752843533980265,11.505000114440918,12.585000038146973,12.605000019073486,12.710000038146973,7.010000228881836
2020-10-12,11.140000343322754,11.829999923706056,11.10099983215332,11.3100004196167,333700,0,0,-0.0008833282223579264,1.1482233483862174,11.79200005531311,12.837592016757165,10.746408093869055,11.505000114440918,12.585000038146973,12.605000019073486,12.710000038146973,6.840000152587891
2020-10-13,11.600000381469728,11.979999542236328,11.100000381469728,11.979999542236328,722300,0,0,0.059239531190250494,1.2162435612463167,11.748000049591065,12.67641694035797,10.819583158824159,11.49500036239624,12.585000038146973,12.70300006866455,12.710000038146973,6.599999904632568
2020-10-14,11.800000190734863,12.0,11.329999923706056,11.65999984741211,628700,0,0,-0.026711160855727667,1.1837562838421234,11.71500005722046,12.605486958943793,10.824513155497126,11.49500036239624,12.130000114440918,12.894999980926514,12.710000038146973,6.715000152587891
2020-10-15,11.699999809265137,12.75,10.1899995803833,11.420000076293944,805800,0,0,-0.0205831710342117,1.159390825788978,11.682000064849854,12.564735643144491,10.799264486555217,11.46999979019165,11.804999828338623,12.894999980926514,12.710000038146973,6.590000152587891
2020-10-16,12.239999771118164,12.34000015258789,11.06999969482422,11.239999771118164,396400,0,0,-0.01576184798364677,1.1411166838392575,11.635500049591064,12.508328094636036,10.762672004546092,11.46999979019165,11.789999961853027,12.966249942779541,12.710000038146973,6.630000114440918
2020-10-19,11.75,11.75,10.640000343322754,10.720000267028809,504900,0,0,-0.04626330201763207,1.0883248580574432,11.592000055313111,12.552844169755904,10.631155940870318,11.46999979019165,11.789999961853027,13.049999952316284,12.5,7.320000171661377
2020-10-20,10.6899995803833,11.079999923706056,10.6899995803833,10.829999923706056,280600,0,0,0.01026116174787517,1.099492335460204,11.500000047683717,12.378313064953435,10.621687030413998,11.46999979019165,11.789999961853027,13.0625,12.5,8.989999771118164
2020-10-21,11.260000228881836,11.30500030517578,10.850000381469728,10.920000076293944,451400,0,0,0.008310263455393319,1.108629406435064,11.435000038146972,12.282083378782357,10.587916697511588,11.46999979019165,11.789999961853027,13.077499866485596,12.5,9.210000038146973
2020-10-22,10.859999656677246,11.02299976348877,9.68000030517578,9.93000030517578,987500,0,0,-0.09065931906606295,1.0081218193510475,11.339000034332276,12.389440194279734,10.288559874384818,11.21500015258789,11.375,13.077499866485596,12.5,9.390000343322754
2020-10-23,9.84000015258789,10.329999923706056,9.130000114440918,9.579999923706056,1018500,0,0,-0.03524676442228236,0.9725887870754184,11.219000053405761,12.47904329939107,9.958956807420453,10.940000057220459,11.099999904632568,13.022499799728394,12.5,8.699999809265137
2020-10-26,9.5,9.6899995803833,9.25,9.550000190734863,670000,0,0,-0.0031314961597189717,0.969543129023706,11.099000072479248,12.507775198070506,9.690224946887989,10.940000057220459,11.099999904632568,13.014999866485596,12.5,8.970000267028809
2020-10-27,9.600000381469728,9.68000030517578,9.369999885559082,9.510000228881836,495600,0,0,-0.004188477597292017,0.9654822193481818,10.969500064849854,12.461059702867798,9.477940426831909,10.940000057220459,11.099999904632568,12.71749997138977,12.5,8.579999923706055
2020-10-28,9.31999969482422,9.399999618530272,8.899999618530273,9.0,552800,0,0,-0.05362778302917037,0.9137055483704556,10.82900004386902,12.49824200631897,9.159758081419069,10.619999885559082,10.974999904632568,12.690000057220459,12.5,8.949999809265137
2020-10-29,9.100000381469728,9.4399995803833,8.96500015258789,9.289999961853027,239600,0,0,0.032222217983669754,0.9431471677229369,10.711500024795532,12.465479741631448,8.957520307959616,10.324999809265137,10.824999809265137,12.712500095367432,12.5,9.470000267028809
2020-10-30,9.260000228881836,9.300000190734863,8.800000190734863,8.899999618530273,691700,0,0,-0.04198066145577928,0.9035532257717832,10.57300000190735,12.437567358899356,8.708432644915343,10.052500247955322,10.775000095367432,12.59500002861023,12.5,9.3100004196167
2020-11-02,8.90999984741211,9.100000381469728,8.699999809265137,8.859999656677246,252600,0,0,-0.004494377928932147,0.899492316096259,10.45299997329712,12.431952314476284,8.474047632117955,10.002500057220459,10.724999904632568,12.59500002861023,12.5,8.680000305175781
2020-11-03,8.84000015258789,9.25,8.779999732971191,9.079999923706056,275800,0,0,0.02483073087514276,0.9218273677215041,10.356999969482422,12.406302571256873,8.30769736770797,9.861499786376953,10.724999904632568,12.59500002861023,12.5,8.779999732971191
2020-11-04,9.210000038146973,9.279999732971191,8.609999656677246,8.859999656677246,1011300,0,0,-0.02422910450191018,0.899492316096259,10.244999933242799,12.364057701380409,8.125942165105188,9.46999979019165,10.679999828338623,12.514999866485596,12.5,8.640000343322754
2020-11-05,8.90999984741211,8.949999809265137,8.550000190734863,8.670000076293945,602100,0,0,-0.021444648729767146,0.88020301934245,10.13149995803833,12.332001364811193,7.930998551265466,9.119999885559082,10.650000095367432,12.514999866485596,12.5,8.479999542236328
2020-11-06,8.680000305175781,8.800000190734863,8.449999809265137,8.6899995803833,743700,0,0,0.002306747856212654,0.8822334257703501,9.999999952316283,12.215133225312265,7.784866679320302,9.065000057220459,10.599999904632568,12.514999866485596,12.5,8.1899995803833
2020-11-09,8.930000305175781,8.979999542236328,8.3149995803833,8.40999984741211,609200,0,0,-0.032220914440923454,0.8538070580416809,9.854999923706055,12.087929027469412,7.622070819942698,8.8774995803833,10.53249979019165,12.514999866485596,12.5,8.180000305175781
2020-11-10,8.600000381469727,9.164999961853027,8.479999542236328,8.970000267028809,714100,0,0,0.06658744706030162,0.9106598903187432,9.704499959945679,11.739132063636788,7.6698678562545695,8.8774995803833,10.53249979019165,12.509999990463257,12.5,8.829999923706055
2020-11-11,9.210000038146973,9.6899995803833,9.109999656677246,9.529999732971191,507800,0,0,0.0624302619032,0.9675126257760817,9.597999954223633,11.421965521931106,7.77403438651616,9.0024995803833,10.53249979019165,12.105000019073486,12.5,8.640000343322754
2020-11-12,9.510000228881836,10.220000267028809,9.350000381469728,9.890000343322754,659300,0,0,0.037775511063873335,1.004060909675523,9.521499967575073,11.149142253836855,7.893857681313291,9.267499923706055,10.53249979019165,12.064499855041504,12.5,9.140000343322754
2020-11-13,7.199999809265137,7.670000076293945,6.400000095367432,7.289999961853027,6086400,0,0,-0.2628918393541938,0.7401014903072798,9.323999977111816,11.02728889734492,7.6207110568787115,8.31000018119812,9.575000047683716,12.045000076293945,12.5,9.43000030517578
2020-11-16,7.445000171661377,7.75,6.900000095367432,7.010000228881836,1868500,0,0,-0.038408742721038225,0.7116751225786105,9.138499975204468,10.99609460337912,7.280905347029815,8.31000018119812,9.575000047683716,12.045000076293945,12.5,9.31999969482422
2020-11-17,7.03000020980835,7.090000152587891,6.630000114440918,6.840000152587891,1160400,0,0,-0.02425107999191345,0.6944162322527019,8.93899998664856,10.883068558340831,6.9949314149562865,8.31000018119812,9.575000047683716,12.045000076293945,12.5,9.18000030517578
2020-11-18,6.900000095367432,6.910999774932861,6.599999904632568,6.599999904632568,1355700,0,0,-0.03508775476628012,0.6700507257896948,8.722999978065491,10.698710916676227,6.747289039454757,8.31000018119812,9.575000047683716,12.040000200271606,12.5,9.329999923706056
2020-11-19,6.639999866485596,6.829999923706055,6.579999923706055,6.715000152587891,792600,0,0,0.017424280245004642,0.6817258774142232,8.562249970436095,10.640619757673361,6.4838801831988295,8.31000018119812,9.575000047683716,11.812500238418579,12.545000076293945,8.779999732971191
2020-11-20,6.889999866485596,6.889999866485596,6.590000152587891,6.590000152587891,1166600,0,0,-0.01861504053009233,0.6690355225757447,8.412749981880188,10.605073136431368,6.220426827329008,8.31000018119812,9.370000123977661,11.637499809265137,12.339999675750732,8.630000114440918
2020-11-23,6.670000076293945,6.800000190734863,6.619999885559082,6.630000114440918,2014900,0,0,0.006069796802253391,0.6730964322512689,8.26674997806549,10.525329631921487,6.008170324209495,8.31000018119812,9.075000047683716,11.629999876022339,12.339999675750732,8.270000457763672
2020-11-24,6.769999980926514,7.329999923706055,6.75,7.320000171661377,1928000,0,0,0.10407240502418058,0.7431471967688539,8.157249975204468,10.375674438969952,5.938825511438984,8.31000018119812,8.852500200271606,11.629999876022339,12.339999675750732,8.3100004196167
2020-11-25,7.28000020980835,9.989999771118164,7.050000190734863,8.989999771118164,5679500,0,0,0.22814201643355392,0.9126902967466433,8.156749963760376,10.374410516828071,5.93908941069268,8.194999933242798,8.852500200271606,11.629999876022339,12.339999675750732,8.050000190734863
2020-11-27,10.574999809265137,11.489999771118164,9.100000381469728,9.210000038146973,8472700,0,0,0.0244716654760766,0.9350253483718882,8.152749967575073,10.362407560493878,5.943092374656268,9.03499984741211,8.944999933242798,11.629999876022339,12.339999675750732,7.929999828338623
2020-11-30,9.5600004196167,9.9399995803833,8.260000228881836,9.390000343322754,3764300,0,0,0.019544006995682484,0.9532994903216089,8.177250003814697,10.430418824554549,5.924081183074845,9.03499984741211,8.944999933242798,11.295000076293945,12.085000038146973,7.940000057220459
2020-12-01,9.329999923706056,9.329999923706056,8.600000381469727,8.699999809265137,1837100,0,0,-0.07348248230345145,0.883248677394162,8.169250011444092,10.413690405340246,5.924809617547938,9.03499984741211,8.944999933242798,11.019999980926514,11.809999942779541,8.029999732971191
2020-12-02,8.670000076293945,9.399999618530272,8.399999618530273,8.970000267028809,1933200,0,0,0.031034536055521755,0.9106598903187431,8.16375002861023,10.399667127183974,5.927832930036484,9.03499984741211,8.944999933242798,11.019999980926514,11.809999942779541,8.380000114440918
2020-12-03,9.020000457763672,9.149999618530272,8.550000190734863,8.579999923706055,1233900,0,0,-0.043478297849810055,0.8710659483675894,8.14975004196167,10.371359988931706,5.928140094991635,9.039999961853027,8.944999933242798,11.019999980926514,11.809999942779541,8.449999809265137
2020-12-04,8.800000190734863,9.289999961853027,8.710000038146973,8.949999809265137,1764700,0,0,0.04312353016889814,0.9086293870711191,8.16375002861023,10.401944753991994,5.925555303228463,9.054999828338623,8.944999933242798,10.797499895095825,11.694999694824219,8.5
2020-12-07,8.979999542236328,9.739999771118164,8.930000305175781,9.470000267028809,3478000,0,0,0.05810061104418818,0.9614213096726573,8.202750062942505,10.503264083686776,5.902236042198233,9.119999885559082,8.944999933242798,10.574999809265137,11.694999694824219,8.40999984741211
2020-12-08,9.520000457763672,9.699999809265137,9.06999969482422,9.3100004196167,1726100,0,0,-0.016895442756128753,0.9451776709705606,8.247750091552735,10.597936575674769,5.8975636074307,9.269999980926514,8.944999933242798,10.413750171661377,11.644999980926514,8.3100004196167
2020-12-09,9.34000015258789,9.420000076293944,8.649999618530273,8.680000305175781,1867500,0,0,-0.06766918217462936,0.8812182709662618,8.233250093460082,10.568808322875405,5.897691864044759,9.875,8.944999933242798,10.363749980926514,11.59499979019165,8.079999923706055
2020-12-10,8.720000267028809,9.204999923706056,8.649999618530273,8.779999732971191,1969300,0,0,0.011520670999951577,0.8913704967452103,8.195750093460083,10.469424114141198,5.922076072778968,9.099999904632568,8.944999933242798,10.29324984550476,11.59499979019165,8.449999809265137
2020-12-11,8.890000343322754,8.899999618530273,8.510000228881836,8.640000343322754,1141800,0,0,-0.015945261264952326,0.8771573612907376,8.133250093460083,10.281114064140613,5.985386122779553,9.069999694824219,8.944999933242798,10.074999809265137,11.549999713897705,8.260000228881836
2020-12-14,8.65999984741211,8.850000381469727,8.300999641418457,8.479999542236328,2429000,0,0,-0.01851861050099135,0.8609136257689171,8.192750072479248,10.309243134387707,6.07625701057079,9.02049970626831,8.944999933242798,9.884999990463257,11.519999980926514,8.239999771118164
2020-12-15,8.550000190734863,8.600000381469727,8.09000015258789,8.1899995803833,1942400,0,0,-0.034198110555150985,0.8314720064164357,8.251750040054322,10.296896907135054,6.20660317297359,8.914999961853027,8.944999933242798,9.832499980926514,11.46999979019165,8.859999656677246
2020-12-16,8.25,8.4399995803833,8.149999618530273,8.180000305175781,1733600,0,0,-0.001220912786304651,0.8304568516123475,8.318750047683716,10.25847754312158,6.379022552245852,8.914999961853027,8.944999933242798,9.704999685287476,11.402499675750732,9.06999969482422
2020-12-17,8.239999771118164,8.979999542236328,8.239999771118164,8.829999923706055,2295700,0,0,0.07946205309051102,0.8964466580445465,8.43025004863739,10.210089529723211,6.65041056755157,8.914999961853027,8.944999933242798,9.704999685287476,11.402499675750732,8.420000076293945
2020-12-18,8.850000381469727,8.850000381469727,8.36400032043457,8.640000343322754,5111100,0,0,-0.021517506458092472,0.8771573612907375,8.526500058174133,10.121618851044216,6.931381265304049,8.894999980926514,8.944999933242798,9.767499685287476,11.402499675750732,8.3100004196167
2020-12-21,8.5,9.229999542236328,8.420000076293945,9.140000343322754,2836100,0,0,0.05787036807080859,0.9279187806446517,8.654000067710877,9.994354769900593,7.313645365521161,8.755000114440918,8.944999933242798,9.899999856948853,11.402499675750732,8.199999809265137
2020-12-22,9.09000015258789,9.4350004196167,8.869999885559082,9.43000030517578,1742900,0,0,0.03172865984243489,0.9573603999971328,8.79400007724762,9.79936650752095,7.78863364697429,8.762500286102295,9.03499984741211,8.942500114440918,10.444999933242798,8.119999885559082
2020-12-23,9.529999732971191,9.789999961853027,9.210000038146973,9.31999969482422,1271400,0,0,-0.011664963604633538,0.9461928257746489,8.894000053405762,9.660141369674358,8.127858737137165,8.940000057220459,9.03499984741211,8.942500114440918,10.444999933242798,8.260000228881836
2020-12-24,9.479999542236328,9.550000190734863,9.18000030517578,9.18000030517578,702200,0,0,-0.015021394230966378,0.9319796903201758,8.903500080108643,9.678924166991717,8.128075993225568,8.940000057220459,9.03499984741211,8.942500114440918,10.444999933242798,8.350000381469727
2020-12-28,9.399999618530272,9.5,9.0600004196167,9.329999923706056,1242100,0,0,0.016339827183415867,0.9472080773984609,8.909500074386596,9.69621571723779,8.122784431535402,8.940000057220459,9.03499984741211,8.942500114440918,10.444999933242798,8.260000228881836
2020-12-29,9.279999732971191,9.380000114440918,8.550000190734863,8.779999732971191,1343200,0,0,-0.058949645791250394,0.8913704967452104,8.879000043869018,9.63522020852616,8.122779879211876,8.96999979019165,9.039999961853027,8.942500114440918,9.990000009536743,8.170000076293945
2020-12-30,8.8100004196167,8.989999771118164,8.579999923706055,8.630000114440918,1165500,0,0,-0.01708423953214777,0.8761421096669257,8.875500059127807,9.635682257017942,8.115317861237672,9.014999866485596,9.054999828338623,8.84000015258789,9.910000085830688,9.800000190734863
2020-12-31,8.630000114440918,8.638999938964844,8.199999809265137,8.270000457763672,1072400,0,0,-0.041714907520666755,0.8395939225872081,8.84050006866455,9.643772378512796,8.037227758816304,8.994999885559082,9.119999885559082,8.692500114440918,9.895000219345093,10.050000190734863
2021-01-04,8.300000190734863,8.420000076293945,8.118000030517578,8.3100004196167,835900,0,0,0.004836754490802564,0.8436548322627323,8.827000093460082,9.656271424920416,7.997728761999748,8.953999996185303,9.269999980926514,8.581250190734863,9.895000219345093,10.100000381469728
2021-01-05,8.279999732971191,8.369999885559082,8.029999732971191,8.050000190734863,1302400,0,0,-0.03128763125788492,0.8172588709619631,8.78200011253357,9.6755945296051,7.888405695462041,8.90999984741211,9.759999752044678,8.523750066757202,9.895000219345093,9.81999969482422
2021-01-06,8.100000381469727,8.25,7.849999904632568,7.929999828338623,1217700,0,0,-0.014906876963103,0.8050760935255287,8.70500009059906,9.613625629078712,7.79637455211941,8.819999933242798,8.894999742507935,8.989999890327454,9.895000219345093,10.149999618530272
2021-01-07,8.0,8.100000381469727,7.859000205993652,7.940000057220459,1085600,0,0,0.0012610629379963267,0.8060913451493406,8.636500072479247,9.558967280809426,7.714032864149067,8.700000047683716,8.819999933242798,8.989999890327454,9.734999895095825,10.279999732971191
2021-01-08,7.980000019073486,8.029999732971191,7.760000228881836,8.029999732971191,1080400,0,0,0.011334971675332595,0.815228367714339,8.604000043869018,9.56351336183841,7.644486725899625,8.630000114440918,8.775000095367432,8.989999890327454,9.734999895095825,10.579999923706056
2021-01-11,8.0,8.470999717712402,7.960000038146973,8.380000114440918,1153400,0,0,0.04358659939085974,0.8507613999899685,8.584000062942504,9.544692702804698,7.623307423080311,8.570000171661377,8.775000095367432,8.989999890327454,9.734999895095825,10.3100004196167
2021-01-12,8.369999885559082,8.5,8.149999618530273,8.449999809265137,836400,0,0,0.008353185425808096,0.8578679677172047,8.574500036239623,9.536561286696388,7.612438785782858,8.375,8.775000095367432,8.992499947547913,9.734999895095825,10.619999885559082
2021-01-13,8.479999542236328,8.682999610900879,8.359999656677246,8.5,997400,0,0,0.005917182469050486,0.8629441290165409,8.575500059127808,9.537203957138399,7.613796161117219,8.221499919891357,8.775000095367432,8.99999988079071,9.725000143051147,9.979999542236328
2021-01-14,8.569999694824219,8.890000343322754,8.350000381469727,8.40999984741211,1080000,0,0,-0.010588253245634172,0.8538070580416806,8.586500072479248,9.535117813865666,7.63788233109283,8.325000286102295,8.775000095367432,9.03249990940094,9.575000047683716,9.300000190734863
2021-01-15,8.470000267028809,8.5600004196167,8.045000076293945,8.3100004196167,1230400,0,0,-0.011890538598069211,0.8436548322627321,8.593000078201294,9.53201677929641,7.653983377106179,8.325000286102295,8.775000095367432,9.107499957084656,9.575000047683716,9.369999885559082
2021-01-19,8.300000190734863,8.399999618530273,7.96999979019165,8.079999923706055,1291000,0,0,-0.027677555270358645,0.8203045290136751,8.555500078201295,9.513581000616922,7.597419155785667,8.325000286102295,8.775000095367432,9.409999966621399,9.575000047683716,8.979999542236328
2021-01-20,8.25,8.489999771118164,8.045000076293945,8.449999809265137,1233200,0,0,0.04579206547682424,0.8578679677172047,8.546000051498414,9.504311503094023,7.587688599902805,8.325000286102295,8.775000095367432,9.022499918937683,9.575000047683716,8.850000381469727
2021-01-21,8.449999809265137,8.498000144958496,8.149999618530273,8.260000228881836,932500,0,0,-0.022485157949349577,0.8385786709633959,8.502000045776366,9.42705708955437,7.576943001998363,8.325000286102295,8.775000095367432,9.007499814033508,9.575000047683716,9.720000267028809
2021-01-22,8.220000267028809,8.300000190734863,8.029999732971191,8.239999771118164,1687000,0,0,-0.002421362858288867,0.8365481677157719,8.442500019073487,9.267830972080702,7.617169066066271,8.425000190734863,8.775000095367432,8.982749819755554,9.575000047683716,9.279999732971191
2021-01-25,8.479999542236328,9.399999618530272,8.399999618530273,8.859999656677246,3210500,0,0,0.0752427066481518,0.8994923160962586,8.419500017166138,9.16688733402833,7.672112700303947,8.684999704360962,8.775000095367432,8.929999947547913,9.575000047683716,8.869999885559082
2021-01-26,9.029999732971191,9.220000267028809,8.539999961853027,9.06999969482422,3186900,0,0,0.02370203682668426,0.9208121160976916,8.413999986648559,9.140005133905564,7.6879948393915525,8.684999704360962,8.775000095367432,8.929999947547913,9.575000047683716,8.0600004196167
2021-01-27,8.630000114440918,9.0,8.333999633789062,8.420000076293945,1864000,0,0,-0.07166478945982724,0.8548223096654926,8.368499994277954,8.959322161105549,7.77767782745036,8.684999704360962,8.775000095367432,8.929999947547913,9.575000047683716,8.010000228881836
2021-01-28,8.630000114440918,8.649999618530273,8.09000015258789,8.3100004196167,1173900,0,0,-0.013064092123578952,0.843654832262732,8.34500002861023,8.904725349141893,7.785274708078566,8.684999704360962,8.775000095367432,8.919999957084656,9.575000047683716,7.679999828338623
2021-01-29,8.25,8.479999542236328,8.109999656677246,8.199999809265137,1246900,0,0,-0.013237136558007068,0.8324872580402476,8.32350001335144,8.87053875673303,7.776461269969849,8.684999704360962,8.775000095367432,8.850000023841858,9.575000047683716,8.09000015258789
2021-02-01,8.289999961853027,8.350000381469727,7.949999809265137,8.119999885559082,1424000,0,0,-0.009756088483765968,0.8243654386891992,8.315999984741211,8.869911842538466,7.762088126943956,8.674999713897705,8.775000095367432,8.898750066757202,9.575000047683716,8.550000190734863
2021-02-02,8.270000457763672,8.420000076293945,8.119999885559082,8.260000228881836,1366400,0,0,0.01724142183446764,0.8385786709633957,8.313499975204468,8.867954531706872,7.759045418702066,8.674999713897705,8.65500020980835,8.987499952316284,9.575000047683716,9.550000190734863
2021-02-03,8.300000190734863,8.479999542236328,8.170000076293945,8.350000381469727,1558700,0,0,0.010895901948428266,0.8477157419382562,8.32849998474121,8.869555367527381,7.787444601955039,8.674999713897705,8.630000114440918,8.987499952316284,9.575000047683716,10.149999618530272
2021-02-04,8.579999923706055,8.600000381469727,8.1899995803833,8.260000228881836,1211100,0,0,-0.010778460895357389,0.8385786709633958,8.345000004768371,8.855372957744432,7.83462705179231,8.674999713897705,8.579999923706055,8.987499952316284,9.575000047683716,9.789999961853027
2021-02-05,8.390000343322754,8.420000076293945,8.050000190734863,8.170000076293945,1918700,0,0,-0.010895901948428155,0.8294415999885354,8.356500005722046,8.839173485024666,7.873826526419424,8.585000038146973,8.579999923706055,9.004999876022339,9.575000047683716,8.979999542236328
2021-02-08,8.3100004196167,10.0600004196167,8.25,9.800000190734863,4940900,0,0,0.19951041606113606,0.9949238387006625,8.44500002861023,9.220273244738298,7.66972681248216,9.005000114440918,8.910000324249268,9.03499984741211,9.370000123977661,9.130000114440918
2021-02-09,10.510000228881836,10.899999618530272,9.699999809265137,10.050000190734863,3705800,0,0,0.025510203585134228,1.0203045483776196,8.528500032424926,9.573892418953593,7.483107645896259,9.424999713897705,9.329999923706055,9.057499885559082,9.075000047683716,8.84000015258789
2021-02-10,10.289999961853027,10.600000381469728,9.43000030517578,10.100000381469728,1818000,0,0,0.004975143262281767,1.025380709676956,8.611000061035156,9.861362430227523,7.36063769184279,9.424999713897705,9.329999923706055,9.111999988555908,8.944999933242798,8.819999694824219
2021-02-11,10.130000114440918,10.210000038146973,9.34000015258789,9.81999969482422,1558100,0,0,-0.02772283921485974,0.996954245128563,8.677000045776367,10.033037091468993,7.320963000083741,9.424999713897705,9.329999923706055,9.334999799728394,8.944999933242798,8.699999809265137
2021-02-12,9.970000267028809,10.489999771118164,9.899999618530272,10.149999618530272,1670600,0,0,0.03360488125880323,1.0304567741565682,8.764000034332275,10.258159074752083,7.269840993912467,9.474999904632568,9.329999923706055,8.857499837875366,8.944999933242798,8.390000343322754
2021-02-16,10.532999992370604,10.789999961853027,9.899999618530272,10.279999732971191,2149600,0,0,0.012807893529728442,1.043654754806953,8.8625,10.479993734287257,7.245006265712744,9.474999904632568,9.329999923706055,8.759999990463257,8.944999933242798,7.96999979019165
2021-02-17,10.3100004196167,10.84000015258789,10.010000228881836,10.579999923706056,1808500,0,0,0.029182898689449344,1.0741116257832464,8.9875,10.726959567664599,7.248040432335403,9.474999904632568,9.424999713897705,8.702500104904175,8.944999933242798,8.40999984741211
2021-02-18,10.170000076293944,10.550000190734863,9.92099952697754,10.3100004196167,1475000,0,0,-0.02551980208283211,1.0467005096783888,9.080500030517578,10.893222254937276,7.267777806097881,9.474999904632568,9.424999713897705,8.672500133514404,8.944999933242798,8.460000038146973
2021-02-19,10.3100004196167,10.699999809265137,10.3100004196167,10.619999885559082,1226400,0,0,0.030067842223609587,1.0781725354587703,9.19850001335144,11.08866913720128,7.308330889501601,9.574999809265137,9.424999713897705,8.575000047683716,8.944999933242798,8.09000015258789
2021-02-22,10.5,10.59000015258789,9.949999809265137,9.979999542236328,1454400,0,0,-0.06026368646133573,1.0131978838306597,9.285500001907348,11.15093864346173,7.420061360352966,10.119999885559082,9.424999713897705,8.498250007629395,8.944999933242798,8.0600004196167
2021-02-23,9.489999771118164,9.68000030517578,8.5,9.300000190734863,2303900,0,0,-0.06813621069055575,0.9441624193467486,9.30750002861023,11.162584965704095,7.452415091516365,9.670000076293945,9.424999713897705,8.550000190734863,8.944999933242798,8.319999694824219
2021-02-24,9.5,9.670000076293944,9.0600004196167,9.369999885559082,1023600,0,0,0.007526848751460813,0.9512689870739849,9.322500038146973,11.174476087399057,7.47052398889489,9.670000076293945,9.424999713897705,8.550000190734863,8.944999933242798,8.1899995803833
2021-02-25,9.260000228881836,9.595999717712402,8.845000267028809,8.979999542236328,1121200,0,0,-0.04162223565486023,0.9116750451228313,9.350500011444092,11.163144086726293,7.5378559361618915,9.670000076293945,9.424999713897705,8.550000190734863,8.944999933242798,8.529999732971191
2021-02-26,8.989999771118164,9.140000343322754,8.529999732971191,8.850000381469727,951300,0,0,-0.014476521981450663,0.8984771612921706,9.377500009536742,11.14228916684856,7.612710852224925,9.670000076293945,9.424999713897705,8.550000190734863,8.944999933242798,8.449999809265137
2021-03-01,9.06999969482422,9.899999618530272,8.989999771118164,9.720000267028809,1425500,0,0,0.09830506757725144,0.9868020193496144,9.453500032424927,11.13709882311083,7.769901241739024,9.670000076293945,9.424999713897705,8.550000190734863,8.944999933242798,8.289999961853027
2021-03-02,9.75,10.003000259399414,9.210000038146973,9.279999732971191,1394300,0,0,-0.045267543412539024,0.9421319160991246,9.511500024795533,11.0823119367905,7.940688112800564,9.599999904632568,9.424999713897705,8.600000143051147,8.944999933242798,8.609999656677246
2021-03-03,9.329999923706056,9.59000015258789,8.760000228881836,8.869999885559082,1085800,0,0,-0.04418101931139162,0.9005075677200708,9.542000007629394,11.03539018450805,8.048609830750738,9.599999904632568,9.424999713897705,8.729999899864197,8.944999933242798,8.729999542236328
2021-03-04,8.979999542236328,9.149999618530272,7.704999923706055,8.0600004196167,3178200,0,0,-0.09131899395637122,0.8182741225857751,9.527500009536743,11.072218040908927,7.982781978164558,9.147500038146973,9.302499771118164,8.729999899864197,8.944999933242798,8.529999732971191
2021-03-05,8.289999961853027,8.300000190734863,7.309999942779541,8.010000228881836,2659500,0,0,-0.0062034972868203475,0.813197961286439,9.515000009536744,11.10443272381536,7.925567295258127,8.656500101089478,9.104999780654907,8.729999899864197,8.944999933242798,8.204999923706055
2021-03-08,8.199999809265137,8.520000457763672,7.570000171661377,7.679999828338623,2511800,0,0,-0.041198550700825565,0.7796953838485716,9.490499997138977,11.175409749852651,7.805590244425304,8.656500101089478,9.104999780654907,8.729999899864197,8.944999933242798,8.0
2021-03-09,8.5,8.75,7.809999942779541,8.09000015258789,5817200,0,0,0.05338546007988132,0.8213197806374872,9.404999995231629,11.190095609815167,7.61990438064809,8.656500101089478,9.104999780654907,8.729999899864197,8.944999933242798,7.630000114440918
2021-03-10,8.440999984741211,8.800000190734863,8.319999694824219,8.550000190734863,3312100,0,0,0.05686032502728988,0.8680202903158771,9.329999995231628,11.126527090223613,7.5334729002396426,8.656500101089478,9.104999780654907,8.724999904632568,9.03499984741211,7.610000133514404
2021-03-11,8.725000381469727,9.729999542236328,8.5,9.550000190734863,3839400,0,0,0.1169590617183427,0.9695431290237055,9.302499985694885,11.067254703449654,7.537745267940116,8.656500101089478,9.104999780654907,8.664999961853027,9.03499984741211,7.340000152587891
2021-03-12,9.300000190734863,10.149999618530272,9.170000076293944,10.149999618530272,2293900,0,0,0.06282716395937982,1.030456774156568,9.318999981880188,11.109065476805327,7.528934486955049,8.729999780654907,9.104999780654907,8.652499914169312,9.03499984741211,6.940000057220459
2021-03-15,10.26099967956543,10.34000015258789,9.279999732971191,9.789999961853027,2450200,0,0,-0.03546794780366436,0.9939085870768505,9.300999999046326,11.064024150614047,7.537975847478604,8.825000047683716,9.104999780654907,8.62749981880188,9.03499984741211,7.159999847412109
2021-03-16,9.789999961853027,9.793999671936035,8.829999923706055,8.979999542236328,2034700,0,0,-0.08273753041602505,0.911675045122831,9.235999989509583,10.944278781836562,7.527721197182604,8.825000047683716,9.104999780654907,8.582499980926514,9.039999961853027,7.139999866485596
2021-03-17,8.621999740600586,9.140000343322754,8.369999885559082,9.130000114440918,2066000,0,0,0.01670385076291825,0.9269035290208396,9.163499999046326,10.755357711180979,7.571642286911673,8.825000047683716,9.104999780654907,8.957500219345093,9.054999828338623,7.449999809265137
2021-03-18,9.04599952697754,9.31999969482422,8.664999961853027,8.84000015258789,1675800,0,0,-0.031763412729243545,0.8974619096683583,9.089999985694885,10.595840064797915,7.584159906591854,8.955000162124634,9.075000047683716,9.37749981880188,9.119999885559082,7.920000076293945
2021-03-19,8.800000190734863,9.050000190734863,8.350000381469727,8.819999694824219,3044800,0,0,-0.0022624951830817475,0.8954314064207343,8.999999976158142,10.33275427067409,7.667245681642192,9.075000047683716,9.075000047683716,9.37749981880188,9.269999980926514,8.399999618530273
2021-03-22,9.0,9.03499984741211,8.600000381469727,8.699999809265137,863500,0,0,-0.013605429672463698,0.8832486773941617,8.935999989509583,10.19444551041558,7.677554468603585,9.329999923706055,9.075000047683716,9.37749981880188,9.625,8.760000228881836
2021-03-23,8.619999885559082,8.789999961853027,8.34000015258789,8.390000343322754,1081000,0,0,-0.03563212330329546,0.8517766516137802,8.890499997138978,10.158884792708404,7.622115201569551,9.34000015258789,9.075000047683716,9.402499914169312,9.329999923706055,8.600000381469727
2021-03-24,8.5,8.569999694824219,7.949999809265137,7.96999979019165,1858700,0,0,-0.050059658634622584,0.8091370032010525,8.820499992370605,10.12962844222999,7.51137154251122,9.144999980926514,9.075000047683716,9.402499914169312,9.329999923706055,8.430000305175781
2021-03-25,7.929999828338623,8.479999542236328,7.800000190734863,8.40999984741211,1538800,0,0,0.05520703498160051,0.8538070580416804,8.792000007629394,10.110885914311242,7.473114100947546,9.070000171661377,9.004999876022339,9.449999809265137,9.329999923706055,8.600000381469727
2021-03-26,8.369999885559082,8.479999542236328,8.050000190734863,8.460000038146973,623700,0,0,0.005945325997865458,0.8588832193410166,8.772499990463256,10.098972129440218,7.446027851486294,8.79699993133545,9.004999876022339,9.449999809265137,9.329999923706055,8.899999618530273
2021-03-29,8.289999961853027,8.449999809265137,7.980000019073486,8.09000015258789,691400,0,0,-0.04373521086178678,0.821319780637487,8.690999984741211,9.973705164122125,7.408294805360297,8.559999942779541,8.950000047683716,9.499999761581421,9.329999923706055,8.850000381469727
2021-03-30,8.079999923706055,8.180000305175781,7.820000171661377,8.0600004196167,682600,0,0,-0.0037082487522073215,0.8182741225857748,8.630000019073487,9.9108769808268,7.349123057320173,8.559999942779541,8.825000047683716,9.772499799728394,9.329999923706055,8.460000038146973
2021-03-31,8.15999984741211,8.600000381469727,8.135000228881836,8.319999694824219,616000,0,0,0.032257972912101085,0.8446699870668201,8.602500009536744,9.88522056428805,7.319779454785438,8.425000190734863,8.825000047683716,9.547499895095825,9.329999923706055,7.989999771118164
2021-04-01,8.369999885559082,8.583000183105469,8.170000076293945,8.1899995803833,827000,0,0,-0.015625014328040088,0.8314720064164356,8.608999967575073,9.881831265144104,7.3361686700060424,8.417500019073486,8.825000047683716,9.547499895095825,9.329999923706055,7.840000152587891
2021-04-05,8.390000343322754,8.630000114440918,8.130000114440918,8.529999732971191,809900,0,0,0.04151406227202492,0.865989787068253,8.63499994277954,9.878415426657726,7.391584458901354,8.295000076293945,8.825000047683716,9.547499895095825,9.329999923706055,7.789999961853027
2021-04-06,8.513999938964844,8.5600004196167,8.3100004196167,8.449999809265137,514600,0,0,-0.009378654889850568,0.8578679677172047,8.673499941825867,9.840807187023472,7.506192696628261,8.21500015258789,8.825000047683716,9.547499895095825,9.329999923706055,7.400000095367432
2021-04-07,8.449999809265137,8.640000343322754,8.289999961853027,8.289999961853027,507000,0,0,-0.018934893612266745,0.841624329015108,8.683499932289124,9.833760089353076,7.533239775225171,8.220000267028809,8.825000047683716,9.547499895095825,9.329999923706055,7.309999942779541
2021-04-08,8.380000114440918,8.739999771118164,8.307999610900879,8.609999656677246,654000,0,0,0.03860068712867526,0.8741116064193014,8.686499905586242,9.835652142825518,7.537347668346965,8.27999997138977,8.825000047683716,9.512499809265137,9.329999923706055,7.65500020980835
2021-04-09,8.569999694824219,8.739999771118164,8.430000305175781,8.729999542236328,522500,0,0,0.013937269494084026,0.8862943354458739,8.645499873161317,9.724099306860886,7.566900439461747,8.27999997138977,8.825000047683716,9.512499809265137,9.329999923706055,7.800000190734863
2021-04-12,8.680000305175781,8.699999809265137,8.369999885559082,8.529999732971191,661700,0,0,-0.02290948679865612,0.8659897870682529,8.564499878883362,9.390261885127355,7.738737872639368,8.27999997138977,8.825000047683716,9.224999904632568,9.302499771118164,7.619999885559082
2021-04-13,8.520000457763672,8.520000457763672,8.069999694824219,8.204999923706055,1116800,0,0,-0.038100799465316304,0.8329948838521535,8.485249876976013,9.100845747739097,7.86965400621293,8.404999732971191,8.955000162124634,8.880749940872192,9.104999780654907,7.389999866485596
2021-04-14,8.239999771118164,8.451000213623047,7.949999809265137,8.0,1034400,0,0,-0.02498475632080932,0.8121827096626265,8.436249899864197,9.04235781556439,7.830141984164005,8.34499979019165,9.070000171661377,8.880749940872192,9.104999780654907,7.539999961853027
2021-04-15,8.088000297546387,8.109999656677246,7.610000133514404,7.630000114440918,1509200,0,0,-0.046249985694885254,0.7746192709590969,8.361249899864196,8.976668321114081,7.745831478614312,8.174999952316284,8.975000143051147,8.880749940872192,9.104999780654907,7.46999979019165
2021-04-16,7.626999855041504,7.769000053405762,7.449999809265137,7.610000133514404,667800,0,0,-0.002621229439913164,0.7725888161213348,8.299749898910523,8.956418724832455,7.643081072988592,8.09499979019165,8.894999980926514,8.880749940872192,9.104999780654907,6.610000133514404
2021-04-19,7.650000095367432,7.650000095367432,7.210000038146973,7.340000152587891,1097200,0,0,-0.035479628934227625,0.7451776516066156,8.225749921798705,8.960995648758741,7.49050419483867,7.974999904632568,8.775000095367432,8.880749940872192,9.104999780654907,6.679999828338623
2021-04-20,7.260000228881836,7.269999980926514,6.849999904632568,6.940000057220459,1875700,0,0,-0.054495924666486895,0.7045685064415119,8.137749934196473,9.031084265350573,7.244415603042372,7.794999837875366,8.59500002861023,8.917499780654907,9.104999780654907,7.050000190734863
2021-04-21,6.96999979019165,7.25,6.78000020980835,7.159999847412109,1217900,0,0,0.03170025769131812,0.726903509656895,8.07624990940094,9.05766643382525,7.094833384976628,7.759999990463257,8.286999940872192,8.964999914169312,9.104999780654907,7.199999809265137
2021-04-22,7.179999828338623,7.400000095367432,6.980000019073486,7.139999866485596,1056400,0,0,-0.0027932934850189994,0.7248730548191329,8.034749913215638,9.098311612056081,6.971188214375195,7.740000009536743,8.049999952316284,8.964999914169312,9.104999780654907,7.079999923706055
2021-04-23,7.099999904632568,7.46999979019165,7.067999839782715,7.449999809265137,778400,0,0,0.04341735974459149,0.7563451290093761,7.986749911308289,9.064947934430833,6.908551888185745,7.650000333786011,8.049999952316284,8.964999914169312,9.104999780654907,7.360000133514404
2021-04-26,7.769999980926514,8.119999885559082,7.570000171661377,7.920000076293945,1921900,0,0,0.06308728578010103,0.804060890311578,7.959749913215637,9.015770942769674,6.9037288836616,7.615500211715698,7.9150002002716064,9.015000104904175,9.104999780654907,7.670000076293945
2021-04-27,8.128000259399414,8.489999771118164,7.929999828338623,8.399999618530273,1544900,0,0,0.060606002223795086,0.8527918064178681,7.975249886512756,9.047615053834564,6.90288471919095,7.634999990463257,7.9075000286102295,9.075000047683716,9.104999780654907,7.429999828338623
2021-04-28,8.390000343322754,8.819999694824219,8.170000076293945,8.760000228881836,1325500,0,0,0.042857217464320696,0.8893400903173095,8.010249876976014,9.136338739461273,6.884161014490754,7.799999952316284,7.799999952316284,9.202499985694885,9.104999780654907,7.570000171661377
2021-04-29,8.887999534606934,8.9399995803833,8.40999984741211,8.600000381469727,1279400,0,0,-0.018264822286715,0.8730964516152128,8.024249911308289,9.172381926174143,6.876117896442434,7.859999895095825,7.859999895095825,9.207500100135803,9.104999780654907,8.140000343322754
2021-04-30,8.4399995803833,8.699999809265137,8.329999923706055,8.430000305175781,736300,0,0,-0.019767449855030428,0.855837561289304,8.036249947547912,9.196145291695036,6.876354603400788,7.859999895095825,7.859999895095825,9.110000014305115,9.104999780654907,8.420000076293945
2021-05-03,8.460000038146973,8.600000381469727,8.279999732971191,8.600000381469727,863300,0,0,0.020166081867110996,0.8730964516152128,8.03974997997284,9.206058210925612,6.873441749020067,7.859999895095825,7.859999895095825,9.037500023841858,9.104999780654907,8.420000076293945
2021-05-04,8.600000381469727,8.90999984741211,8.319999694824219,8.899999618530273,1358300,0,0,0.034883630669011456,0.9035532257717823,8.062249970436095,9.276261668209445,6.848238272662745,7.9599997997283936,7.859999895095825,8.900999903678894,9.104999780654907,8.329999923706055
2021-05-05,8.979999542236328,9.229999542236328,8.84000015258789,8.850000381469727,1279300,0,0,-0.0056178920453485715,0.89847716129217,8.09024999141693,9.349470110479448,6.831029872354414,8.148999691009521,8.004999876022339,8.754999995231628,9.104999780654907,8.380000114440918
2021-05-06,8.6899995803833,8.710000038146973,8.229999542236328,8.460000038146973,1206400,0,0,-0.04406783350420451,0.8588832193410164,8.082750010490418,9.331121266594062,6.8343787543867744,8.399999856948853,8.004999876022339,8.692499995231628,9.104999780654907,8.460000038146973
2021-05-07,8.510000228881836,8.550000190734863,7.914999961853027,7.989999771118164,1514000,0,0,-0.05555558686873896,0.8111674580388144,8.04575002193451,9.258156955888637,6.833343087980381,8.572499752044678,8.004999876022339,8.62500011920929,9.104999780654907,8.34000015258789
2021-05-10,8.09000015258789,8.25,7.619999885559082,7.840000152587891,963500,0,0,-0.018773419627930887,0.7959390709605297,8.011250042915345,9.205512896912325,6.816987188918365,8.424999713897705,8.004999876022339,8.621250033378601,9.104999780654907,8.520000457763672
2021-05-11,7.400000095367432,7.96999979019165,7.289999961853027,7.789999961853027,1198300,0,0,-0.0063775752247094974,0.7908629096611935,7.990500044822693,9.18500000908082,6.796000080564567,8.259999752044678,8.004999876022339,8.56000006198883,9.104999780654907,8.350000381469727
2021-05-12,7.869999885559082,7.895999908447266,7.340000152587891,7.400000095367432,1832700,0,0,-0.05006416795833024,0.7512690161199018,7.960500049591064,9.182659611134657,6.738340488047471,8.259999752044678,8.004999876022339,8.520000100135803,9.104999780654907,8.25
2021-05-13,7.704999923706055,7.800000190734863,6.880000114440918,7.309999942779541,3204900,0,0,-0.012162182625407358,0.7421319451450414,7.944500041007996,9.191941478109982,6.69705860390601,8.054999828338623,8.004999876022339,8.522500157356262,9.104999780654907,8.25
2021-05-14,7.309999942779541,7.679999828338623,7.239999771118164,7.65500020980835,1857100,0,0,0.04719565933370262,0.7771573516087649,7.946750044822693,9.19190552891943,6.7015945607259555,8.054999828338623,8.004999876022339,8.552500009536743,9.104999780654907,8.470000267028809
2021-05-17,7.760000228881836,8.100000381469727,7.590000152587891,7.800000190734863,1441200,0,0,0.01894186504929496,0.7918781612850055,7.9697500467300415,9.185559299408379,6.753940794051705,8.054999828338623,8.004999876022339,8.552500009536743,9.104999780654907,8.869999885559082
2021-05-18,7.760000228881836,7.880000114440918,7.619999885559082,7.619999885559082,921000,0,0,-0.023076961637717996,0.7736040193352848,8.003750038146972,9.13682183203542,6.8706782442585235,7.795000076293945,8.004999876022339,8.552500009536743,9.104999780654907,8.789999961853027
2021-05-19,7.460000038146973,7.489999771118164,7.150000095367432,7.389999866485596,1121300,0,0,-0.030183729990517105,0.7502537644960897,8.015250039100646,9.117764397315401,6.912735680885891,7.715000152587891,8.004999876022339,8.679999947547913,9.104999780654907,8.609999656677246
2021-05-20,7.369999885559082,7.570000171661377,7.210000038146973,7.539999961853027,809600,0,0,0.020297712865692707,0.7654821999842364,8.035250043869018,9.086295996040539,6.984204091697498,7.565000057220459,8.004999876022339,8.707499980926514,9.104999780654907,8.65999984741211
2021-05-21,7.670000076293945,7.690000057220459,7.429999828338623,7.46999979019165,778300,0,0,-0.009283842442377677,0.7583755838471381,8.036250042915345,9.085078519105448,6.987421566725242,7.490000247955322,8.004999876022339,8.575000047683716,9.104999780654907,8.420000076293945
2021-05-24,6.820000171661377,6.820000171661377,6.164999961853027,6.610000133514404,15098300,0,0,-0.11512713264148322,0.6710659774135064,7.970750045776367,9.19191812194226,6.749581969610475,7.132500171661377,7.697499752044678,8.494999885559082,9.104999780654907,8.579999923706055
2021-05-25,6.579999923706055,6.739999771118164,6.5,6.679999828338623,6814500,0,0,0.010589968745885914,0.6781725451407428,7.8847500562667845,9.211755752021269,6.5577443605123,7.132500171661377,7.697499752044678,8.375,9.054999828338623,8.65999984741211
2021-05-26,6.670000076293945,7.190000057220459,6.630000114440918,7.050000190734863,2436600,0,0,0.05538927723120346,0.7157360322541342,7.799250054359436,9.109738613928503,6.488761494790369,7.132500171661377,7.697499752044678,8.194999933242798,8.874999761581421,8.430000305175781
2021-05-27,7.150000095367432,7.210000038146973,6.920000076293945,7.199999809265137,2298300,0,0,0.021276541059871645,0.7309644193324188,7.729250025749207,9.010080999409952,6.448419052088461,7.132500171661377,7.697499752044678,8.023499965667725,8.839999914169312,8.369999885559082
2021-05-28,7.21999979019165,7.323999881744385,7.070000171661377,7.079999923706055,1623800,0,0,-0.016666651213610217,0.7187816903058463,7.66175000667572,8.929837614587306,6.393662398764135,7.022500038146973,7.697499752044678,7.894999980926514,8.839999914169312,8.289999961853027
2021-06-01,7.150000095367432,7.440000057220459,7.119999885559082,7.360000133514404,2286300,0,0,0.039548052658986865,0.7472081064443775,7.599749994277954,8.79679703876216,6.402702949793749,6.927500009536743,7.697499752044678,7.8500001430511475,8.839999914169312,8.399999618530273
2021-06-02,7.619999885559082,7.789999961853027,7.449999809265137,7.670000076293945,2581200,0,0,0.04211955667880085,0.778680180634621,7.5382500171661375,8.575936572258684,6.500563462073591,6.977499961853027,7.697499752044678,7.765250205993652,8.81000018119812,8.890000343322754
2021-06-03,7.519999980926514,7.730000019073486,7.360000133514404,7.429999828338623,1517500,0,0,-0.031290775171841645,0.754314674171614,7.4672499895095825,8.310382658893841,6.624117320125324,6.977499961853027,7.697499752044678,7.771250009536743,8.81000018119812,8.970000267028809
2021-06-04,7.630000114440918,7.775000095367432,7.47100019454956,7.570000171661377,1679900,0,0,0.018842576925611976,0.7685279064458106,7.422749996185303,8.13389783498442,6.711602157386185,6.977499961853027,7.697499752044678,7.799999952316284,8.81000018119812,8.609999656677246
2021-06-07,7.583000183105469,8.229999542236328,7.570000171661377,8.140000343322754,2088600,0,0,0.07529724686073291,0.8263959419368231,7.430250024795532,8.16812589029615,6.692374159294913,7.364999771118164,7.697499752044678,7.859999895095825,8.81000018119812,8.5
2021-06-08,8.229999542236328,8.539999961853027,8.0600004196167,8.420000076293945,1626400,0,0,0.03439800014269956,0.8548223096654922,7.459250020980835,8.298999497882596,6.619500544079074,7.585000038146973,7.697499752044678,7.859999895095825,8.81000018119812,8.210000038146973
2021-06-09,8.539999961853027,8.640000343322754,8.1899995803833,8.420000076293945,1481700,0,0,0.0,0.8548223096654922,7.490750026702881,8.42116779099339,6.5603322624123726,7.78000020980835,7.697499752044678,7.859999895095825,8.740000009536743,8.25
2021-06-10,8.515999794006348,8.550000190734863,8.09000015258789,8.329999923706055,1272400,0,0,-0.01068885412973819,0.8456852386906318,7.537250018119812,8.536088647073427,6.538411389166196,7.855000257492065,7.697499752044678,7.909999847412109,8.740000009536743,8.149999618530273
2021-06-11,8.399999618530273,8.460000038146973,8.279999732971191,8.380000114440918,1189200,0,0,0.006002423912702559,0.850761399989968,7.590750026702881,8.648702410784194,6.532797642621567,7.880000114440918,7.4375,8.07699978351593,8.68500018119812,8.34000015258789
2021-06-14,8.449999809265137,8.609999656677246,8.40999984741211,8.460000038146973,1376200,0,0,0.00954653014481388,0.8588832193410163,7.631000018119812,8.755566990636014,6.506433045603609,8.000000238418579,7.402500152587891,8.202499866485596,8.56000018119812,8.800000190734863
2021-06-15,8.470000267028809,8.600000381469727,8.220000267028809,8.34000015258789,1310900,0,0,-0.014184383571866466,0.8467004903144438,7.658000016212464,8.823145952815988,6.49285407960894,8.000000238418579,7.402500152587891,8.288749814033508,8.56000018119812,8.619999885559082
2021-06-16,8.25,8.569999694824219,8.232999801635742,8.520000457763672,1169600,0,0,0.021582770009893615,0.8649746322641646,7.7030000448226925,8.927467371898913,6.4785327177464715,8.055500268936157,7.402500152587891,8.214999794960022,8.56000018119812,8.449999809265137
2021-06-17,8.489999771118164,8.664999961853027,8.34000015258789,8.350000381469727,967000,0,0,-0.019953059525840366,0.8477157419382558,7.7510000705719,8.997929672627203,6.504070468516597,8.117500066757202,7.414999961853027,8.132499814033508,8.56000018119812,8.5600004196167
2021-06-18,8.279999732971191,8.420000076293945,8.130000114440918,8.25,2585300,0,0,-0.011976093042061042,0.8375634193395834,7.786500072479248,9.047880636112696,6.525119508845799,8.362500190734863,7.414999961853027,8.132499814033508,8.56000018119812,8.329999923706055
2021-06-21,8.319999694824219,8.329999923706055,8.010000228881836,8.25,1020600,0,0,0.0,0.8375634193395834,7.825500082969666,9.093614160863659,6.557386005075672,8.337500095367432,7.414999961853027,8.029999852180481,8.56000018119812,8.479999542236328
2021-06-22,8.180000305175781,8.510000228881836,8.119999885559082,8.470000267028809,918000,0,0,0.026666699033794927,0.8598984709648283,7.918500089645386,9.084004827845396,6.752995351445375,8.337500095367432,7.414999961853027,8.029999852180481,8.56000018119812,8.5
2021-06-23,8.461000442504883,8.960000038146973,8.461000442504883,8.869999885559082,1772400,0,0,0.047225455244358505,0.9005075677200701,8.028000092506408,9.115581301523598,6.940418883489219,8.485000133514404,7.5625,8.029999852180481,8.56000018119812,8.449999809265137
2021-06-24,8.930000305175781,9.029999732971191,8.670000076293945,8.789999961853027,1599700,0,0,-0.009019157242188824,0.8923857483690218,8.115000081062316,9.152417334886604,7.077582827238028,8.519999980926514,7.597499847412109,7.899999976158142,8.56000018119812,8.5600004196167
2021-06-25,8.857000350952148,9.1899995803833,8.569999694824219,8.609999656677246,10000300,0,0,-0.020477850507047646,0.8741116064193012,8.185500073432923,9.15317725432547,7.217822892540376,8.599999904632568,7.677499771118164,7.860000014305115,8.56000018119812,8.279999732971191
2021-06-28,8.609999656677246,8.789999961853027,8.380000114440918,8.65999984741211,1195600,0,0,0.005807223313428089,0.8791877677186374,8.264500069618226,9.10686748765864,7.4221326515778125,8.599999904632568,7.677499771118164,7.784999966621399,8.56000018119812,8.1899995803833
2021-06-29,8.800000190734863,8.829999923706055,8.390000343322754,8.420000076293945,1068800,0,0,-0.027713599924586996,0.8548223096654923,8.317500066757201,9.050778715447109,7.584221418067295,8.599999904632568,7.677499771118164,7.747500061988831,8.56000018119812,8.270000457763672
2021-06-30,8.470000267028809,8.75,8.350000381469727,8.579999923706055,1283200,0,0,0.019002357002653847,0.8710659483675891,8.363000059127808,9.0401180912914,7.685882026964215,8.599999904632568,7.84499979019165,7.414999961853027,8.252500057220459,8.5600004196167
2021-07-01,8.649999618530273,8.829999923706055,8.5,8.65999984741211,1035800,0,0,0.009324000514850717,0.8791877677186374,8.424500060081481,8.958377679293626,7.890622440869336,8.599999904632568,7.909999847412109,7.414999961853027,8.252500057220459,8.8100004196167
2021-07-02,8.680000305175781,8.715999603271484,8.359999656677246,8.430000305175781,1165500,0,0,-0.026558839063381634,0.8558375612893043,8.467500066757202,8.82794667864591,8.107053454868494,8.654999732971191,8.054999828338623,7.414999961853027,8.252500057220459,9.329999923706056
2021-07-06,8.430000305175781,8.460000038146973,8.199999809265137,8.369999885559082,988100,0,0,-0.007117487241354081,0.8497461483661561,8.479000043869018,8.810093676714889,8.147906411023147,8.694999694824219,8.129999876022339,7.414999961853027,7.979499816894531,8.529999732971191
2021-07-07,8.359999656677246,8.449999809265137,8.15999984741211,8.289999961853027,1207700,0,0,-0.009557936057332572,0.8416243290151078,8.472500038146972,8.813044806097505,8.131955270196439,8.674999713897705,8.154999732971191,7.359999895095825,7.742499828338624,7.78000020980835
2021-07-08,8.0,8.449999809265137,7.900000095367432,8.399999618530273,1143800,0,0,0.013268957440701667,0.8527918064178683,8.471500015258789,8.812780225350291,8.130219805167286,8.544999837875366,8.274999856948853,7.3124998807907104,7.742499828338624,7.630000114440918
2021-07-09,8.460000038146973,8.949999809265137,8.4350004196167,8.890000343322754,3370400,0,0,0.0583334222672518,0.9025380709676943,8.499500036239624,8.879849254117078,8.11915081836217,8.424999952316284,8.274999856948853,7.3374998569488525,7.697499752044678,7.329999923706055
2021-07-12,8.800000190734863,8.989999771118164,8.609999656677246,8.970000267028809,955600,0,0,0.008998866211084255,0.9106598903187427,8.529000043869019,8.956805938784578,8.101194148953459,8.444999933242798,8.33049988746643,7.3374998569488525,7.697499752044678,7.150000095367432
2021-07-13,8.90999984741211,8.961000442504883,8.550000190734863,8.609999656677246,1049600,0,0,-0.0401338461131181,0.8741116064193013,8.536500024795533,8.964465385466465,8.108534664124601,8.444999933242798,8.379999876022339,7.3374998569488525,7.697499752044678,7.190000057220459
2021-07-14,9.0,9.0,8.470000267028809,8.5,1127700,0,0,-0.012775802678684056,0.8629441290165407,8.544500017166138,8.963257625864749,8.125742408467527,8.450000047683716,8.544999837875366,7.531249761581421,7.697499752044678,7.130000114440918
2021-07-15,8.430000305175781,8.552000045776367,7.96999979019165,8.210000038146973,1417600,0,0,-0.034117642570944406,0.8335025096640595,8.528999996185302,8.972720718988795,8.08527927338181,8.450000047683716,8.544999837875366,7.641249895095825,7.697499752044678,7.019999980926514
2021-07-16,8.350000381469727,8.649999618530273,8.149999618530273,8.25,1101000,0,0,0.004872102517316845,0.8375634193395837,8.523999977111817,8.977924298656507,8.070075655567127,8.450000047683716,8.544999837875366,7.738749980926514,7.697499752044678,7.340000152587891
2021-07-19,8.135000228881836,8.25,7.960000038146973,8.149999618530273,1474400,0,0,-0.012121258359966802,0.8274110967409114,8.51899995803833,8.987025736007341,8.05097418006932,8.450000047683716,8.544999837875366,7.776250004768372,7.697499752044678,7.449999809265137
2021-07-20,8.220000267028809,8.4350004196167,8.039999961853027,8.34000015258789,1072400,0,0,0.023312950055313086,0.846700490314444,8.523499965667725,8.982644771510405,8.064355159825045,8.450000047683716,8.544999837875366,7.658750057220459,7.697499752044678,7.460000038146973
2021-07-21,8.430000305175781,8.8100004196167,8.34000015258789,8.800000190734863,915800,0,0,0.05515587886461071,0.8934009999928341,8.539999961853027,9.013911542857572,8.066088380848482,8.480000019073486,8.544999837875366,7.701250195503235,7.697499752044678,7.25
2021-07-22,8.729999542236328,8.760000228881836,8.529999732971191,8.619999885559082,991900,0,0,-0.020454579690270425,0.8751268580431134,8.527499961853028,8.978316921566446,8.07668300213961,8.480000019073486,8.544999837875366,7.701250195503235,7.697499752044678,7.449999809265137
2021-07-23,8.65999984741211,8.65999984741211,8.279999732971191,8.449999809265137,615300,0,0,-0.019721586838851723,0.8578679677172046,8.510499954223633,8.945643105204633,8.075356803242633,8.480000019073486,8.544999837875366,7.729000210762024,7.697499752044678,7.380000114440918
2021-07-26,8.489999771118164,8.75,8.369999885559082,8.5600004196167,589900,0,0,0.013017824004084577,0.8690355419396889,8.507999992370605,8.941379731907972,8.074620252833238,8.480000019073486,8.544999837875366,7.766250014305115,7.697499752044678,7.440000057220459
2021-07-27,8.520000457763672,8.619999885559082,8.15999984741211,8.329999923706055,675400,0,0,-0.026869215494845,0.845685238690632,8.491499996185302,8.925610439509258,8.057389552861347,8.385000228881836,8.544999837875366,7.888750076293945,7.697499752044678,7.820000171661377
2021-07-28,8.40999984741211,8.609999656677246,8.354000091552734,8.479999542236328,1151200,0,0,0.01800715725139379,0.8609136257689166,8.494499969482423,8.927407100855708,8.061592838109137,8.385000228881836,8.544999837875366,7.8762500286102295,7.697499752044678,8.050000190734863
2021-07-29,8.539999961853027,8.960000038146973,8.380000114440918,8.5,1238000,0,0,0.002358544674920804,0.8629441290165406,8.49049997329712,8.92162866193639,8.059371284657848,8.460000038146973,8.544999837875366,7.8762500286102295,7.697499752044678,8.069999694824219
2021-07-30,8.479999542236328,8.75,8.414999961853027,8.449999809265137,666400,0,0,-0.005882375380572125,0.8578679677172044,8.47999997138977,8.90420371570271,8.05579622707683,8.5,8.544999837875366,8.023750066757202,7.697499752044678,8.050000190734863
2021-08-02,8.510000228881836,8.680000305175781,8.416000366210938,8.5600004196167,450400,0,0,0.013017824004084577,0.8690355419396887,8.486499977111816,8.911431179166362,8.06156877505727,8.559999942779541,8.544999837875366,8.058749914169312,7.697499752044678,7.900000095367432
2021-08-03,8.569999694824219,8.569999694824219,8.170000076293945,8.279999732971191,816600,0,0,-0.03271035898594565,0.8406090773912956,8.481999969482422,8.913696973802283,8.05030296516256,8.559999942779541,8.450000047683716,8.138749837875366,7.697499752044678,8.039999961853027
2021-08-04,8.399999618530273,8.40999984741211,8.140000343322754,8.1899995803833,662200,0,0,-0.010869583996423016,0.8314720064164353,8.476999950408935,8.91977215358897,8.0342277472289,8.550000190734863,8.450000047683716,8.138749837875366,7.697499752044678,8.130000114440918
2021-08-05,8.229999542236328,8.359999656677246,8.130000114440918,8.270000457763672,531000,0,0,0.009768117396732112,0.8395939225872074,8.470499992370605,8.92143364444744,8.019566340293771,8.545000076293945,8.450000047683716,8.138749837875366,7.697499752044678,7.869999885559082
2021-08-06,8.40999984741211,8.630000114440918,8.395000457763672,8.5600004196167,671300,0,0,0.03506649888764901,0.8690355419396886,8.453999996185303,8.864217532906814,8.043782459463792,8.545000076293945,8.450000047683716,8.22249984741211,7.697499752044678,7.71999979019165
2021-08-09,8.482999801635742,8.979999542236328,8.470000267028809,8.8100004196167,1099200,0,0,0.02920560604495792,0.8944162516166456,8.446000003814698,8.819911964676361,8.072088042953034,8.554999828338623,8.450000047683716,8.254999876022339,7.697499752044678,7.880000114440918
2021-08-10,8.817000389099121,9.34000015258789,8.699999809265137,9.329999923706056,2764100,0,0,0.05902377744858045,0.94720807739846,8.482000017166138,9.017848394114639,7.946151640217637,8.735000133514404,8.620000123977661,8.354999780654907,7.697499752044678,7.96999979019165
2021-08-11,9.670000076293944,9.75,8.380000114440918,8.529999732971191,4975700,0,0,-0.08574493004037342,0.8659897870682525,8.483500003814697,9.019713314429588,7.947286693199808,8.940000057220459,8.825000047683716,8.412499785423279,7.697499752044678,7.920000076293945
2021-08-12,8.460000038146973,8.529999732971191,7.71999979019165,7.78000020980835,3456600,0,0,-0.08792491754294585,0.7898477064472431,8.462000012397766,9.07076699513761,7.853233029657923,8.734999895095825,8.734999895095825,8.414999723434448,7.697499752044678,7.559999942779541
2021-08-13,7.795000076293945,7.820000171661377,7.449999809265137,7.630000114440918,1936800,0,0,-0.01928021739360941,0.7746192709590964,8.431000018119812,9.136396591797562,7.725603444442063,8.599999904632568,8.599999904632568,8.40999984741211,7.697499752044678,7.579999923706055
2021-08-16,7.635000228881836,7.635000228881836,7.28000020980835,7.329999923706055,2893400,0,0,-0.039318504093737605,0.7441623999828032,8.390000033378602,9.238478622912854,7.541521443844349,8.515000104904175,8.515000104904175,8.349999904632568,7.697499752044678,7.659999847412109
2021-08-17,7.224999904632568,7.239999771118164,7.010000228881836,7.150000095367432,1548000,0,0,-0.024556593480510536,0.7258883064429444,8.330500030517578,9.33845882045739,7.322541240577767,8.380000114440918,8.380000114440918,8.387749910354614,7.697499752044678,7.809999942779541
2021-08-18,7.199999809265137,7.349999904632568,7.0,7.190000057220459,977100,0,0,0.0055944001845460445,0.7299492161184686,8.250000023841858,9.349183092632597,7.15081695505112,8.375,8.375,8.412499904632568,7.697499752044678,7.659999847412109
2021-08-19,7.070000171661377,7.309999942779541,7.070000171661377,7.130000114440918,998200,0,0,-0.008344915480116954,0.7238578516051823,8.17550003528595,9.363652424327245,6.987347646244654,8.375,8.375,8.497499942779541,7.697499752044678,7.679999828338623
2021-08-20,7.119999885559082,7.21999979019165,6.989999771118164,7.019999980926514,1529900,0,0,-0.015427788464072112,0.7126903257925599,8.104000043869018,9.386870909128367,6.821129178609668,8.369999885559082,8.369999885559082,8.497499942779541,7.697499752044678,7.349999904632568
2021-08-23,7.099999904632568,7.400000095367432,7.070000171661377,7.340000152587891,1299700,0,0,0.04558407016108612,0.7451776516066152,8.043000030517579,9.34940170055231,6.736598360482848,8.369999885559082,8.369999885559082,8.497499942779541,7.697499752044678,7.159999847412109
2021-08-24,7.449999809265137,7.599999904632568,7.389999866485596,7.449999809265137,1363700,0,0,0.014986328936037241,0.7563451290093757,7.999000024795532,9.323123203332095,6.674876846258971,7.759999752044678,8.369999885559082,8.497499942779541,7.697499752044678,6.940000057220459
2021-08-25,7.449999809265137,7.630000114440918,7.429999828338623,7.460000038146973,866000,0,0,0.0013423126359546345,0.7573603806331877,7.948000049591064,9.272668282001677,6.623331817180452,7.4049999713897705,8.369999885559082,8.497499942779541,7.677499771118164,6.840000152587891
2021-08-26,7.440000057220459,7.49399995803833,7.164999961853027,7.25,837300,0,0,-0.0281501390178458,0.7360405806317548,7.885500049591064,9.218110074069576,6.552890025112553,7.3125,8.369999885559082,8.512499928474426,7.677499771118164,6.619999885559082
2021-08-27,7.210000038146973,7.554999828338623,7.178999900817871,7.449999809265137,1020700,0,0,0.02758618058829465,0.7563451290093757,7.835500049591064,9.154460874912987,6.516539224269142,7.309999942779541,8.369999885559082,8.512499928474426,7.677499771118164,6.769999980926514
2021-08-30,7.380000114440918,7.454999923706055,7.170000076293945,7.380000114440918,949500,0,0,-0.009395932431724874,0.7492385612821394,7.776500034332275,9.065453919157399,6.487546149507151,7.309999942779541,8.369999885559082,8.512499928474426,7.677499771118164,6.699999809265137
2021-08-31,7.400000095367432,7.570000171661377,7.349999904632568,7.440000057220459,1190700,0,0,0.008130073421291018,0.7553299257954257,7.734500050544739,9.009610162243673,6.4593899388458045,7.309999942779541,8.369999885559082,8.512499928474426,7.677499771118164,6.840000152587891
2021-09-01,7.603000164031982,7.949999809265137,7.559999942779541,7.820000171661377,2127200,0,0,0.05107528380623205,0.7939086161227672,7.716000080108643,8.97459041785726,6.457409742360024,7.46999979019165,8.369999885559082,8.465000033378601,7.677499771118164,6.659999847412109
2021-09-02,7.900000095367432,8.180000305175781,7.769999980926514,8.050000190734863,2332200,0,0,0.02941176649931232,0.8172588709619623,7.7050000667572025,8.947602389834879,6.462397743679525,7.625000238418579,8.369999885559082,8.465000033378601,7.677499771118164,6.510000228881836
2021-09-03,8.050000190734863,8.085000038146973,7.849999904632568,8.069999694824219,1103300,0,0,0.0024844103870176326,0.8192892773898625,7.680500030517578,8.872458166209254,6.488541894825903,7.672500133514404,8.369999885559082,8.50249993801117,7.677499771118164,6.659999847412109
2021-09-07,8.069999694824219,8.225000381469727,7.960000038146973,8.050000190734863,991200,0,0,-0.00247825338855745,0.8172588709619623,7.642500019073486,8.730885278044008,6.554114760102964,7.695000171661377,8.369999885559082,8.522499918937683,7.677499771118164,6.809999942779541
2021-09-08,8.0,8.0,7.699999809265137,7.900000095367432,1014600,0,0,-0.01863355177805759,0.8020304354738157,7.571000027656555,8.346596568753277,6.795403486559833,7.695000171661377,8.369999885559082,8.552499890327454,7.677499771118164,6.840000152587891
2021-09-09,7.900000095367432,8.210000038146973,7.835000038146973,8.039999961853027,912900,0,0,0.017721501872853374,0.8162436193381504,7.546500039100647,8.222996007654643,6.87000407054665,7.697500228881836,8.369999885559082,8.504999995231628,7.677499771118164,6.809999942779541
2021-09-10,8.199999809265137,8.390000343322754,8.109999656677246,8.130000114440918,2327300,0,0,0.011194048882451346,0.8253806903130106,7.564000034332276,8.281094496224604,6.8469055724399475,7.78000020980835,8.369999885559082,8.50000011920929,7.677499771118164,6.940000057220459
2021-09-13,8.149999618530273,8.149999618530273,7.849999904632568,7.869999885559082,1276600,0,0,-0.03198034750577805,0.7989847290122416,7.576000022888183,8.305173265928833,6.846826779847534,7.870000123977661,8.369999885559082,8.49750006198883,7.677499771118164,6.889999866485596
2021-09-14,7.889999866485596,8.039999961853027,7.610000133514404,7.71999979019165,1273200,0,0,-0.019059732852432676,0.7837562935240949,7.595500016212464,8.318073782545218,6.87292624987971,7.9750001430511475,8.369999885559082,8.49750006198883,7.84499979019165,6.789999961853027
2021-09-15,7.699999809265137,7.894999980926514,7.599999904632568,7.880000114440918,928400,0,0,0.020725431165496966,0.7999999806360536,7.6320000171661375,8.334112690248576,6.929887344083699,7.995000123977661,8.369999885559082,8.50249993801117,7.909999847412109,7.050000190734863
2021-09-16,7.840000152587891,8.03499984741211,7.803999900817871,7.96999979019165,972200,0,0,0.011421278482699249,0.809137003201052,7.671000003814697,8.356864401604618,6.985135606024777,7.995000123977661,8.369999885559082,8.677500128746033,8.130000114440918,6.71999979019165
2021-09-17,7.96999979019165,8.005000114440918,7.829999923706055,7.920000076293945,1791300,0,0,-0.0062734899892014084,0.8040608903115778,7.710500001907349,8.35661114865287,7.064388855161827,7.995000123977661,7.759999752044678,8.882500052452087,8.410000085830688,7.050000190734863
2021-09-20,7.519999980926514,7.749000072479248,7.460000038146973,7.559999942779541,1611500,0,0,-0.04545456187455765,0.7675126548219983,7.7375,8.305557534058096,7.169442465941904,7.925000190734863,7.690000057220459,8.734999895095825,8.434999942779541,6.869999885559082
2021-09-21,7.610000133514404,7.813000202178955,7.550000190734863,7.579999923706055,983300,0,0,0.002645500142578028,0.7695431096597602,7.749499988555908,8.292800502929019,7.206199474182799,7.925000190734863,7.690000057220459,8.599999904632568,8.555000066757202,6.769999980926514
2021-09-22,7.679999828338623,7.815000057220459,7.639999866485596,7.659999847412109,2292700,0,0,0.010554079750826784,0.7776649290108086,7.759999990463257,8.28745875307458,7.232541227851934,7.925000190734863,7.690000057220459,8.515000104904175,8.515000104904175,6.840000152587891
2021-09-23,7.739999771118164,8.015000343322754,7.739999771118164,7.809999942779541,1941100,0,0,0.019582258270946173,0.7928933644989553,7.777499985694885,8.286698141894647,7.268301829495123,7.804999828338623,7.690000057220459,8.380000114440918,8.380000114440918,6.829999923706055
2021-09-24,7.78000020980835,7.829999923706055,7.639999866485596,7.659999847412109,1029300,0,0,-0.019206158318363253,0.7776649290108086,7.797999978065491,8.249790155384474,7.346209800746507,7.75,7.690000057220459,8.375,8.375,7.130000114440918
2021-09-27,7.650000095367432,7.715000152587891,7.46999979019165,7.679999828338623,1259200,0,0,0.002610963619440687,0.7796953838485707,7.809499979019165,8.236007761686828,7.382992196351503,7.747499942779541,7.690000057220459,8.375,8.375,7.340000152587891
2021-09-28,7.639999866485596,7.639999866485596,7.340000152587891,7.349999904632568,1292500,0,0,-0.04296874102631876,0.7461928548205653,7.807999968528748,8.240772680963053,7.375227256094442,7.6875,7.730000257492065,8.369999885559082,8.369999885559082,7.460000038146973
2021-09-29,7.360000133514404,7.440000057220459,7.050000190734863,7.159999847412109,1257500,0,0,-0.025850348256563294,0.7269035096568945,7.79399995803833,8.287982288807608,7.3000176272690505,7.532500267028809,7.720000267028809,8.369999885559082,8.369999885559082,7.309999942779541
2021-09-30,7.159999847412109,7.230000019073486,6.829999923706055,6.940000057220459,2181400,0,0,-0.03072622833520955,0.7045685064415116,7.749999952316284,8.369284270107975,7.130715634524594,7.422500133514404,7.610000133514404,8.06499981880188,8.369999885559082,7.320000171661377
2021-10-01,6.960000038146973,6.989999771118164,6.659999847412109,6.840000152587891,2205100,0,0,-0.014409208041508248,0.6944162322527011,7.689499950408935,8.409185807442656,6.9698140933752155,7.337500095367432,7.525000095367432,7.887499928474426,8.369999885559082,7.239999771118164
2021-10-04,6.880000114440918,6.880000114440918,6.510000228881836,6.619999885559082,2021000,0,0,-0.03216378101184281,0.6720811806274563,7.616999959945678,8.452876763692313,6.781123156199045,7.262500286102295,7.450000286102295,7.841249942779541,8.369999885559082,7.050000190734863
2021-10-05,7.03000020980835,7.039999961853027,6.670000076293945,6.769999980926514,1477300,0,0,0.022658625069562843,0.6873096161156029,7.552999949455261,8.441409124456229,6.664590774454294,7.262500286102295,7.450000286102295,7.8399999141693115,8.369999885559082,6.650000095367432
2021-10-06,6.679999828338623,6.869999885559082,6.659999847412109,6.699999809265137,1080400,0,0,-0.010339759506439061,0.6802029999785046,7.492999935150147,8.440355565039077,6.545644305261217,7.170000076293945,7.450000286102295,7.8399999141693115,8.369999885559082,6.559999942779541
2021-10-07,6.75,7.010000228881836,6.75,6.840000152587891,869100,0,0,0.020895574225114677,0.6944162322527012,7.432999944686889,8.386227876366574,6.479772013007205,7.112500190734863,7.450000286102295,7.8399999141693115,8.369999885559082,6.099999904632568
2021-10-08,6.800000190734863,6.860000133514404,6.659999847412109,6.659999847412109,741300,0,0,-0.0263158335029684,0.6761420903029804,7.359499931335449,8.313117522760132,6.405882339910765,7.075000047683716,7.450000286102295,7.919999837875366,8.369999885559082,5.980000019073486
2021-10-11,6.690000057220459,6.760000228881836,6.510000228881836,6.510000228881836,1130600,0,0,-0.022522465760800192,0.6609137032246957,7.291499948501587,8.283419995568407,6.2995799014347655,6.9750001430511475,7.450000286102295,7.997500061988831,8.369999885559082,5.96999979019165
2021-10-12,6.550000190734863,6.699999809265137,6.480000019073486,6.659999847412109,1032900,0,0,0.023041415246775943,0.6761420903029803,7.23849995136261,8.246494773056302,6.230505129668918,6.855000019073486,7.43500018119812,8.021250009536743,8.369999885559082,5.679999828338623
2021-10-13,6.699999809265137,6.820000171661377,6.599999904632568,6.809999942779541,816100,0,0,0.022522537357972716,0.691370525791127,7.184999942779541,8.16397807157627,6.2060218139828125,6.759999990463257,7.43500018119812,8.03250002861023,8.369999885559082,5.429999828338623
2021-10-14,6.900000095367432,6.900000095367432,6.769999980926514,6.840000152587891,731400,0,0,0.004405317189489555,0.6944162322527011,7.128499960899353,8.047717460104844,6.209282461693861,6.759999990463257,7.43500018119812,8.03250002861023,8.369999885559082,5.130000114440918
2021-10-15,6.900000095367432,6.929999828338623,6.78000020980835,6.809999942779541,671800,0,0,-0.004385995488172534,0.691370525791127,7.072999954223633,7.925261270578096,6.22073863786917,6.759999990463257,7.43500018119812,8.033750057220459,8.369999885559082,4.980000019073486
2021-10-18,6.75,6.989999771118164,6.71999979019165,6.940000057220459,1763800,0,0,0.01908959112088593,0.7045685064415116,7.041999959945679,7.865460172788244,6.218539747103114,6.745000123977661,7.31499981880188,8.075000047683716,8.369999885559082,4.75
2021-10-19,6.940000057220459,6.980000019073486,6.760000228881836,6.889999866485596,1044500,0,0,-0.007204638375015948,0.6994923451421754,7.007499957084656,7.794533927204784,6.220465986964528,6.745000123977661,7.259999990463257,8.120000004768372,8.369999885559082,4.869999885559082
2021-10-20,6.900000095367432,6.980000019073486,6.760000228881836,6.789999961853027,832300,0,0,-0.014513774538514657,0.689340070953365,6.963999962806701,7.695609171132606,6.232390754480797,6.734999895095825,7.257499933242798,8.172500014305115,8.369999885559082,4.739999771118164
2021-10-21,6.760000228881836,7.169000148773193,6.760000228881836,7.050000190734863,2660000,0,0,0.03829163922570644,0.7157360322541342,6.925999975204467,7.547448261303473,6.304551689105462,6.82450008392334,7.257499933242798,8.182500004768372,8.369999885559082,4.559999942779541
2021-10-22,7.0,7.025000095367432,6.610000133514404,6.71999979019165,1462900,0,0,-0.04680856618655138,0.6822334548162668,6.878999972343445,7.405226742875014,6.3527732018118765,6.82450008392334,7.24750018119812,8.182500004768372,8.369999885559082,4.610000133514404
2021-10-25,6.710000038146973,7.065000057220459,6.639999866485596,7.050000190734863,1496700,0,0,0.04910720399498736,0.7157360322541343,6.847499990463257,7.233621064966439,6.461378915960076,6.884500026702881,7.24750018119812,7.877499938011169,8.369999885559082,4.320000171661377
2021-10-26,7.050000190734863,7.070000171661377,6.849999904632568,6.869999885559082,936400,0,0,-0.025531957490205204,0.6974618903044136,6.823499989509583,7.133029520203305,6.5139704588158605,6.889500141143799,7.24750018119812,7.807500123977661,8.369999885559082,4.389999866485596
2021-10-27,6.869999885559082,6.900000095367432,6.739999771118164,6.769999980926514,670200,0,0,-0.014556027117667125,0.6873096161156033,6.803999996185302,7.07224474969929,6.535755242671315,6.889500141143799,7.24750018119812,7.807500123977661,8.369999885559082,4.289999961853027
2021-10-28,6.78000020980835,6.960000038146973,6.75,6.840000152587891,2665900,0,0,0.01033975950643895,0.6944162322527014,6.799000000953674,7.060488993487944,6.537511008419404,6.889500141143799,7.24750018119812,7.807500123977661,8.369999885559082,4.349999904632568
2021-10-29,6.78000020980835,6.964000225067139,6.78000020980835,6.829999923706055,702800,0,0,-0.0014620217337352193,0.6934009806288894,6.798499989509582,7.059708531329147,6.537291447690017,6.889500141143799,7.1549999713897705,7.747499942779541,8.369999885559082,4.170000076293945
2021-11-01,6.829999923706055,7.21999979019165,6.822000026702881,7.130000114440918,1439500,0,0,0.04392389371683603,0.7238578516051827,6.824000000953674,7.109267033275321,6.5387329686320275,6.914999961853027,7.0975000858306885,7.7200000286102295,8.369999885559082,4.449999809265137
2021-11-02,7.130000114440918,7.489999771118164,7.010000228881836,7.340000152587891,2221000,0,0,0.02945302030523722,0.7451776516066155,6.852500009536743,7.214904917000543,6.490095102072943,7.049999952316284,7.059999942779541,7.71875,8.369999885559082,4.079999923706055
2021-11-03,7.340000152587891,7.579999923706055,7.295000076293945,7.460000038146973,873400,0,0,0.01634875791068935,0.7573603806331881,6.890500020980835,7.332557931344215,6.448442110617456,7.0950000286102295,7.0299999713897705,7.708750128746033,8.369999885559082,3.950000047683716
2021-11-04,7.429999828338623,7.460000038146973,7.230000019073486,7.309999942779541,771900,0,0,-0.02010725128691704,0.7421319451450414,6.914000010490417,7.3917527972060695,6.436247223774765,7.109999895095825,7.0299999713897705,7.626250267028809,8.369999885559082,3.5799999237060547
2021-11-05,7.489999771118164,7.554999828338623,7.260000228881836,7.320000171661377,1214400,0,0,0.0013680203775807698,0.7431471967688535,6.947000026702881,7.441092823514721,6.452907229891041,7.159999847412109,7.0299999713897705,7.516250133514404,8.289999961853027,3.490000009536743
2021-11-08,7.300000190734863,7.389999866485596,7.210000038146973,7.239999771118164,757900,0,0,-0.010929016211355558,0.7350253290079433,6.983500003814697,7.449854169726384,6.51714583790301,7.159999847412109,7.0299999713897705,7.431250095367432,8.204999923706055,3.450000047683716
2021-11-09,7.239999771118164,7.269999980926514,6.929999828338623,7.050000190734863,3309100,0,0,-0.026243036794178942,0.7157360322541343,7.003000020980835,7.445360833019686,6.560639208941984,7.164999961853027,7.0299999713897705,7.356250286102295,8.130000114440918,3.2699999809265137
2021-11-10,7.019999980926514,7.079999923706055,6.625,6.650000095367432,3385400,0,0,-0.05673760064476496,0.6751268870890306,6.99500002861023,7.456614090023476,6.533385967196984,7.102499961853027,7.0299999713897705,7.356250286102295,8.130000114440918,3.259999990463257
2021-11-11,6.760000228881836,6.78000020980835,6.284999847412109,6.559999942779541,6189900,0,0,-0.013533857337925004,0.6659898161141702,6.981000018119812,7.47667802014454,6.485322016095084,6.932499885559082,6.932499885559082,7.31000018119812,8.130000114440918,3.0899999141693115
2021-11-12,7.050000190734863,7.0970001220703125,6.050000190734863,6.099999904632568,10849800,0,0,-0.0701219576462474,0.6192893064357803,6.945500016212463,7.571295423965381,6.319704608459546,6.815000057220459,6.815000057220459,7.281250238418579,8.130000114440918,3.25
2021-11-15,6.170000076293945,6.218999862670898,5.869999885559082,5.980000019073486,4943500,0,0,-0.0196721126942887,0.6071065774092077,6.897500014305114,7.652997161513815,6.142002867096414,6.724999904632568,6.724999904632568,7.262500166893005,8.130000114440918,3.2799999713897705
2021-11-16,5.980000019073486,6.050000190734863,5.679999828338623,5.96999979019165,4004400,0,0,-0.0016722790718962655,0.6060913257853957,6.851500010490417,7.709487625999036,5.993512394981798,6.617499828338623,6.629999876022339,7.212500214576721,8.130000114440918,3.4600000381469727
2021-11-17,5.829999923706055,6.0,5.630000114440918,5.679999828338623,3576700,0,0,-0.04857620972273391,0.5766497064329145,6.796000003814697,7.796204746501406,5.795795261127989,6.5924999713897705,6.605000019073486,7.145000100135803,8.115000009536743,3.400000095367432
2021-11-18,5.739999771118164,5.75,5.349999904632568,5.429999828338623,4256600,0,0,-0.0440140858372392,0.5512689967559574,6.714999985694885,7.8717672465950255,5.558232724794745,6.369999885559082,6.4649999141693115,7.0975000858306885,8.115000009536743,3.309999942779541
2021-11-19,5.400000095367432,5.489999771118164,5.110000133514404,5.130000114440918,4014500,0,0,-0.055248567841942986,0.5208121741895261,6.6355000019073485,7.984756485886415,5.286243517928282,6.190000057220459,6.3450000286102295,7.0975000858306885,8.115000009536743,3.130000114440918
2021-11-22,5.139999866485596,5.139999866485596,4.835000038146973,4.980000019073486,4296700,0,0,-0.02923978401972782,0.5055837387013795,6.53199999332428,8.047444944058698,5.016555042589861,5.966000080108643,6.207499980926514,7.0975000858306885,8.115000009536743,3.4800000190734863
2021-11-23,5.019999980926514,5.079999923706055,4.635000228881836,4.75,4887700,0,0,-0.04618474260895222,0.48223348386218456,6.425999999046326,8.120135763087786,4.731864235004864,5.866000175476074,6.107500076293945,7.0299999713897705,8.115000009536743,3.4100000858306885
2021-11-24,4.71999979019165,4.974999904632568,4.620999813079834,4.869999885559082,2489200,0,0,0.02526313380191203,0.49441621288875715,6.3309999942779545,8.147370765147441,4.514629223408469,5.858999967575073,6.100499868392944,7.002500057220459,8.115000009536743,3.740000009536743
2021-11-26,4.75,4.839000225067139,4.599999904632568,4.739999771118164,1987100,0,0,-0.026694069300988055,0.4812182322383726,6.225999975204468,8.153183156746547,4.2988167936623904,5.409499883651733,6.0899999141693115,6.9962499141693115,8.115000009536743,3.569999933242798
2021-11-29,4.860000133514404,4.920000076293945,4.539999961853027,4.559999942779541,4539500,0,0,-0.03797464916251703,0.4629441386985138,6.1124999761581424,8.149499778651727,4.075500173664557,5.295000076293945,6.059999942779541,7.041000008583069,8.115000009536743,3.0799999237060547
2021-11-30,4.494999885559082,4.739999771118164,4.449999809265137,4.610000133514404,4657700,0,0,0.010964954246114766,0.46802029999785,5.986499977111817,8.067914115835709,3.905085838387925,5.224999904632568,6.014999866485596,7.03600013256073,8.115000009536743,2.990000009536743
2021-12-01,4.679999828338623,4.90500020980835,4.309999942779541,4.320000171661377,5860800,0,0,-0.06290671441520057,0.43857868064536876,5.83549997806549,7.940542440582668,3.7304575155483124,5.0299999713897705,5.944999933242798,7.0660001039505005,7.504999876022339,3.039999961853028
2021-12-02,4.309999942779541,4.445000171661377,4.210000038146973,4.389999866485596,3760800,0,0,0.016203632417287173,0.4456852483726051,5.681999969482422,7.737435160408763,3.6265647785560797,4.849999904632568,5.894999980926514,7.0685001611709595,7.43500018119812,2.9200000762939453
2021-12-03,4.369999885559082,4.389999866485596,4.079999923706055,4.289999961853027,4631400,0,0,-0.02277902224917905,0.4355329741837946,5.530999970436096,7.528124633961935,3.5338753069102573,4.609999895095825,5.829999923706055,7.0685001611709595,7.43500018119812,3.039999961853028
2021-12-06,4.25,4.429999828338623,4.110000133514404,4.349999904632568,2447400,0,0,0.013986000772276075,0.44162433869708084,5.382499957084656,7.262453805204249,3.502546108965063,4.579999923706055,5.829999923706055,7.0685001611709595,7.43500018119812,2.890000104904175
2021-12-07,4.320000171661377,4.420000076293945,4.150000095367432,4.170000076293945,3865400,0,0,-0.04137927178962253,0.423350245157222,5.228999972343445,6.972152377153982,3.4858475675329075,4.5274999141693115,5.829999923706055,7.022250056266785,7.43500018119812,2.7300000190734863
2021-12-08,4.170000076293945,4.570000171661377,4.050000190734863,4.449999809265137,8555600,0,0,0.06714621770943441,0.45177661288589127,5.098999953269958,6.655428047557115,3.542571858982801,4.485000133514404,5.815000057220459,7.006250023841858,7.43500018119812,2.619999885559082
2021-12-09,4.5,4.525000095367432,4.059999942779541,4.079999923706055,3360900,0,0,-0.0831460452624565,0.41421317418236164,4.97049994468689,6.412462055177076,3.5285378341967037,4.485000133514404,5.815000057220459,7.054999947547913,7.43500018119812,2.5
2021-12-10,4.099999904632568,4.119999885559082,3.819999933242798,3.950000047683716,4092800,0,0,-0.03186271530717433,0.40101521773690807,4.839999949932098,6.147714896390139,3.5322850034740574,4.362500071525574,5.6874998807907104,7.0625,7.43500018119812,2.380000114440918
2021-12-13,3.900000095367432,3.900000095367432,3.5299999713897705,3.5799999237060547,4217400,0,0,-0.09367091633191993,0.3634517548284475,4.713999950885773,5.9969337827418405,3.4310661190297056,4.21750009059906,5.542499899864197,7.069999933242798,7.43500018119812,2.190000057220459
2021-12-14,3.509999990463257,3.660000085830689,3.424999952316284,3.490000009536743,3532800,0,0,-0.02513964136517144,0.3543147080585181,4.5894999504089355,5.839337711702472,3.3396621891153995,3.9975000619888306,5.40749990940094,7.09499990940094,7.43500018119812,1.9900000095367432
2021-12-15,3.470000028610229,3.5199999809265137,3.2300000190734863,3.450000047683716,4741400,0,0,-0.011461307089892236,0.3502537983829939,4.463499963283539,5.636147213930587,3.2908527126364904,3.9000000953674316,5.25,7.09499990940094,7.43500018119812,2.1600000858306885
2021-12-16,3.505000114440918,3.509999990463257,3.180000066757202,3.2699999809265137,3487400,0,0,-0.05217393167227691,0.33197968063820416,4.342999970912933,5.485443598897187,3.200556342928679,3.8750001192092896,5.138500094413757,7.097499966621399,7.43500018119812,2.0799999237060547
2021-12-17,3.2300000190734863,3.3399999141693115,3.0899999141693115,3.259999990463257,6196200,0,0,-0.0030581010769374917,0.3309644532193231,4.234499979019165,5.355132835524777,3.113867122513553,3.8300000429153442,5.093500018119812,7.066249966621399,7.43500018119812,2.059999942779541
2021-12-20,3.184999942779541,3.200000047683716,3.039999961853028,3.0899999141693115,3350200,0,0,-0.05214726281940507,0.3137055628934144,4.132499969005584,5.279866759165543,2.9851331788456257,3.805000066757202,5.06850004196167,6.932499885559082,7.337500095367432,1.9299999475479128
2021-12-21,3.109999895095825,3.315000057220459,3.109999895095825,3.25,3957000,0,0,0.051779964490290764,0.32994922580044206,4.045999968051911,5.185489525317472,2.9065104107863498,3.7825000286102295,4.629499912261963,6.815000057220459,7.220000267028809,1.9900000095367432
2021-12-22,3.3399999141693115,3.4100000858306885,3.190000057220459,3.2799999713897705,4363500,0,0,0.00923076042762161,0.33299490805708515,3.972499966621399,5.110488730663158,2.83451120257964,3.5799999237060547,4.545000076293945,6.724999904632568,7.130000114440918,2.289999961853028
2021-12-23,3.2799999713897705,3.634999990463257,3.2799999713897705,3.4600000381469727,3837000,0,0,0.05487806961197439,0.35126902580187486,3.9019999742507934,4.981426324499392,2.822573624002195,3.47000002861023,4.519999980926514,6.623749852180481,7.0350000858306885,2.369999885559082
2021-12-27,3.539999961853028,3.630000114440918,3.3350000381469727,3.400000095367432,3104300,0,0,-0.01734102373353552,0.3451776612885886,3.834999990463257,4.86260640298999,2.8073935779365238,3.3500000238418584,4.394999980926514,6.598749995231628,7.010000228881836,2.140000104904175
2021-12-28,3.4200000762939453,3.4800000190734863,3.289999961853028,3.309999942779541,2161100,0,0,-0.026470632371604408,0.3360405903137282,3.772499990463257,4.767302253285518,2.777697727640996,3.337499976158142,4.264999866485596,6.417499899864197,6.870000123977661,1.9700000286102293
2021-12-29,3.2799999713897705,3.309999942779541,3.109999895095825,3.130000114440918,3405200,0,0,-0.0543806137312105,0.31776649677386937,3.6984999895095827,4.6519861129663145,2.7450138660528505,3.337499976158142,4.0899999141693115,6.267500042915344,6.750000238418579,2.0199999809265137
2021-12-30,3.109999895095825,3.640000104904175,3.069999933242798,3.4800000190734863,3773200,0,0,0.11182105170468515,0.3532994806396369,3.656499981880188,4.569493580641429,2.7435063831189472,3.340000033378601,4.059999942779541,6.086750030517578,6.612500190734863,1.940000057220459
2021-12-31,3.470000028610229,3.505000114440918,3.369999885559082,3.4100000858306885,2322200,0,0,-0.020114923235383997,0.34619288870746956,3.6074999928474427,4.460348896730232,2.754651088964654,3.340000033378601,4.007499933242798,5.98675012588501,6.392499923706055,2.0199999809265137
2022-01-03,3.509999990463257,3.8450000286102295,3.4549999237060547,3.740000009536743,2914600,0,0,0.09677416873896227,0.379695417735475,3.5799999952316286,4.376028710457554,2.7839712800057037,3.4574999809265137,3.9800000190734863,5.979749917984009,6.330499887466431,2.109999895095825
2022-01-04,3.75,3.809999942779541,3.470000028610229,3.569999933242798,2532400,0,0,-0.045454565738090036,0.3624365274095663,3.5409999966621397,4.253497870754846,2.8285021225694336,3.4574999809265137,3.9800000190734863,5.7497498989105225,6.317499876022339,2.009999990463257
2022-01-05,3.509999990463257,3.509999990463257,3.059999942779541,3.0799999237060547,3841100,0,0,-0.13725490719873856,0.3126903354745332,3.4864999890327453,4.163712812644501,2.8092871654209888,3.4524999856948853,3.9725000858306885,5.677500009536743,6.287499904632568,1.899999976158142
2022-01-06,3.130000114440918,3.130000114440918,2.880000114440918,2.990000009536743,3541400,0,0,-0.029220752077492862,0.3035532887046038,3.4134999990463255,3.960501917916578,2.866498080176073,3.3625000715255737,3.892500162124634,5.619999885559082,6.232500076293945,1.8600000143051147
2022-01-07,3.015000104904175,3.240000009536743,2.900000095367432,3.039999961853028,2966000,0,0,0.016722392025688038,0.30862942579900904,3.3615000009536744,3.837594049241504,2.885405952665845,3.3625000715255737,3.7250001430511475,5.487499952316284,6.1625001430511475,2.0299999713897705
2022-01-10,2.9800000190734863,2.9800000190734863,2.7850000858306885,2.9200000762939453,3291200,0,0,-0.039473647060816686,0.29644669677243646,3.310000002384186,3.7404960766954223,2.8795039280729493,3.315000057220459,3.6775001287460327,5.372499942779541,6.112500190734863,2.0
2022-01-11,2.930000066757202,3.140000104904175,2.871000051498413,3.039999961853028,2313900,0,0,0.04109585014510886,0.30862942579900904,3.2830000042915346,3.7100585025129265,2.8559415060701427,3.315000057220459,3.6775001287460327,5.21999990940094,6.047500133514404,1.8799999952316284
2022-01-12,3.069999933242798,3.0899999141693115,2.869999885559082,2.890000104904175,3233600,0,0,-0.04934205882602072,0.2934010145157933,3.253000009059906,3.701669018874912,2.8043309992448995,3.315000057220459,3.6775001287460327,5.204999923706055,6.047500133514404,1.7899999618530271
2022-01-13,2.890000104904175,2.990000009536743,2.7100000381469727,2.7300000190734863,5008600,0,0,-0.05536334948887267,0.27715735160876565,3.2170000076293945,3.7104785146208257,2.7235215006379634,3.277500033378601,3.640000104904175,5.178749918937683,5.954999923706055,
2022-01-14,2.5899999141693115,2.719000101089477,2.450000047683716,2.619999885559082,6012900,0,0,-0.04029308891790284,0.26598982579614316,3.184500002861023,3.7419441802582853,2.6270558254637604,3.1299999952316284,3.4875000715255737,5.150000095367432,5.882500171661377,
2022-01-18,2.561000108718872,2.690000057220459,2.470000028610229,2.5,2714400,0,0,-0.045801485038414524,0.25380709676957064,3.1465000033378603,3.7777576022870445,2.515242404388676,2.9800000190734863,3.284999966621399,5.150000095367432,5.8450000286102295,
2022-01-19,2.509999990463257,2.509999990463257,2.325000047683716,2.380000114440918,4131300,0,0,-0.04799995422363279,0.24162436774299811,3.1110000133514406,3.8262169819039067,2.3957830447989745,2.7825000286102295,3.1125000715255737,5.024999976158142,5.699999928474426,
2022-01-20,2.400000095367432,2.509999990463257,2.190000057220459,2.190000057220459,3765900,0,0,-0.0798319529766458,0.2223350225793273,3.058000016212463,3.875175145324126,2.2408248871008003,2.715000033378601,3.0175000429153442,4.879999995231628,5.554999947547913,
2022-01-21,2.200000047683716,2.200000047683716,1.9800000190734863,1.9900000095367432,5679300,0,0,-0.09132422030050324,0.20203044999677544,2.993500018119812,3.9271002990715544,2.0598997371680694,2.5600000619888306,2.912500023841858,4.702499985694885,5.502499938011169,
2022-01-24,1.8799999952316284,2.2100000381469727,1.809999942779541,2.1600000858306885,7454400,0,0,0.08542717360766239,0.21928934032268413,2.9285000205039977,3.9036866932057013,1.9533133478022942,2.475000023841858,2.8274999856948853,4.575000047683716,5.4049999713897705,
2022-01-25,2.119999885559082,2.1600000858306885,1.9600000381469729,2.0799999237060547,4818400,0,0,-0.03703711062301529,0.21116749676670482,2.862500011920929,3.879353926556385,1.845646097285473,2.4499999284744263,2.8274999856948853,4.506750106811523,5.379999995231628,
2022-01-26,2.150000095367432,2.5,2.049999952316284,2.059999942779541,11083700,0,0,-0.0096153757981291,0.20913704192894275,2.800000011920929,3.852576586320335,1.747423437521523,2.399999976158142,2.8274999856948853,4.461750030517578,5.334999918937683,
2022-01-27,2.109999895095825,2.200000047683716,1.8899999856948853,1.9299999475479128,5539700,0,0,-0.0631067955546738,0.19593907338102373,2.7400000035762786,3.846516423126152,1.633483584026405,2.2645000219345093,2.8274999856948853,4.436750054359436,5.309999942779541,
2022-01-28,1.909999966621399,2.009999990463257,1.809999942779541,1.9900000095367432,4505400,0,0,0.031088115865008703,0.20203044999677544,2.6655000030994414,3.7632008551682707,1.567799151030612,2.25,2.8274999856948853,4.205999970436096,5.309999942779541,
2022-01-31,2.0299999713897705,2.319999933242798,2.0,2.289999961853028,4289500,0,0,0.15075374416009302,0.23248729676813779,2.6094999969005586,3.6624505891447514,1.556549404656366,2.159999966621399,2.8274999856948853,4.0625,5.309999942779541,
2022-02-01,2.359999895095825,2.4100000858306885,2.200000047683716,2.369999885559082,3405200,0,0,0.034934465082401056,0.24060911611918612,2.5409999907016756,3.4591088378869452,1.6228911435164062,2.159999966621399,2.8274999856948853,3.9950000047683716,5.309999942779541,
2022-02-02,2.3340001106262207,2.369999885559082,2.109999895095825,2.140000104904175,3141500,0,0,-0.09704632563754334,0.21725888548492212,2.469499999284744,3.2699228674920913,1.669077131077397,2.1549999713897705,2.8274999856948853,3.872500002384186,5.309999942779541,
2022-02-03,2.009999990463257,2.1600000858306885,1.9600000381469729,1.9700000286102293,2529300,0,0,-0.0794392840936603,0.19999999515901337,2.414000004529953,3.190729774436888,1.6372702346230181,2.1549999713897705,2.8274999856948853,3.801249921321869,5.309999942779541,
2022-02-04,1.9800000190734863,2.049999952316284,1.8799999952316284,2.0199999809265137,3588700,0,0,0.025380686086364124,0.20507613225341864,2.3655000030994415,3.1125626537649063,1.6184373524339768,2.1549999713897705,2.8274999856948853,3.713749945163727,5.309999942779541,
2022-02-07,2.0199999809265137,2.0899999141693115,1.9299999475479128,1.940000057220459,2539400,0,0,-0.03960392300071269,0.19695431290237028,2.3105000078678133,3.010850240307432,1.6101497754281946,2.1549999713897705,2.8274999856948853,3.699999988079071,5.309999942779541,
2022-02-08,1.9600000381469729,2.0199999809265137,1.899999976158142,2.0199999809265137,2013300,0,0,0.04123707285899503,0.20507613225341864,2.2655000030994414,2.916847192441502,1.6141528137573808,2.1100000143051147,2.8274999856948853,3.6737499833106995,5.309999942779541,
2022-02-09,2.049999952316284,2.109999895095825,1.950000047683716,2.109999895095825,3560800,0,0,0.044554413375801794,0.21421317902334805,2.2189999997615812,2.765914144223629,1.6720858552995332,2.1100000143051147,2.809999942779541,3.71875,5.309999942779541,
2022-02-10,1.9800000190734863,2.184999942779541,1.950000047683716,2.009999990463257,2829100,0,0,-0.047393322087358136,0.2040609048345376,2.1749999940395357,2.6322571676201947,1.7177428204588765,2.1450000405311584,2.659999966621399,3.71875,5.309999942779541,
2022-02-11,2.0199999809265137,2.069999933242798,1.870000004768372,1.899999976158142,3011500,0,0,-0.05472637553583393,0.19289339112438061,2.1334999918937685,2.5273665534798235,1.7396334303077134,2.14000004529953,2.524999976158142,3.712500035762787,5.309999942779541,
2022-02-14,1.909999966621399,1.9900000095367432,1.850000023841858,1.8600000143051147,2316600,0,0,-0.02105261176576878,0.18883248144885645,2.09549999833107,2.4369106378175958,1.7540893588445443,2.10999995470047,2.524999976158142,3.6275001168251038,5.230000019073486,
2022-02-15,1.9600000381469729,2.109999895095825,1.9049999713897705,2.0299999713897705,3181600,0,0,0.09139782568666632,0.2060913596722997,2.0719999969005585,2.3585539941582643,1.7854459996428527,2.0174999833106995,2.475000023841858,3.5437501072883606,5.230000019073486,
2022-02-16,1.9800000190734863,2.049999952316284,1.9600000381469729,2.0,1583300,0,0,-0.014778311237724773,0.20304567741565657,2.0529999911785124,2.3030420231158457,1.802957959241179,2.0174999833106995,2.475000023841858,3.496250092983246,5.182500004768372,
2022-02-17,1.950000047683716,2.0,1.8600000143051147,1.8799999952316284,2876700,0,0,-0.06000000238418579,0.19086293628661855,2.037499988079071,2.2900983402308794,1.7849016359272627,2.0174999833106995,2.4499999284744263,3.496250092983246,5.182500004768372,
2022-02-18,1.8799999952316284,1.9299999475479128,1.7699999809265137,1.7899999618530271,3843370,0,0,-0.04787235830152903,0.18172587741422364,2.0274999856948854,2.301964428481098,1.7530355429086728,1.9774999618530273,2.3799999952316284,3.496250092983246,5.182500004768372,
