Date,Open,High,Low,Close,Volume,Dividends,Stock Splits,daily_return,cum_return,middle_band,upper_band,lower_band,Conversion,Baseline,SpanA,SpanB,Lagging
2021-04-19,10.0,10.0,10.0,10.0,200,0,0,,,,,,,,,,9.670000076293944
2021-04-20,10.0,10.0,10.0,10.0,200,0,0,0.0,1.0,,,,,,,,9.65999984741211
2021-04-21,10.0,10.0,10.0,10.0,0,0,0,0.0,1.0,,,,,,,,9.68000030517578
2021-04-22,10.0,10.0,10.0,10.0,0,0,0,0.0,1.0,,,,,,,,9.6899995803833
2021-04-23,9.741999626159668,9.970000267028809,9.710000038146973,9.970000267028809,6700,0,0,-0.002999973297119096,0.9970000267028809,,,,,,,,9.770000457763672
2021-04-26,9.970000267028809,9.970000267028809,9.84000015258789,9.84000015258789,1400,0,0,-0.013039128481353579,0.9840000152587891,,,,,,,,9.619999885559082
2021-04-27,9.970000267028809,9.970000267028809,9.881999969482422,9.897000312805176,3700,0,0,0.005792699119246958,0.9897000312805176,,,,,,,,9.730999946594238
2021-04-28,9.833000183105469,9.833000183105469,9.833000183105469,9.833000183105469,200,0,0,-0.006466618942802427,0.9833000183105469,,,,,,,,9.630000114440918
2021-04-29,9.899999618530272,9.899999618530272,9.710000038146973,9.729999542236328,25000,0,0,-0.010474996333887043,0.9729999542236328,,,,9.855000019073486,,,,9.649999618530272
2021-04-30,9.71500015258789,9.725000381469728,9.71500015258789,9.725000381469728,400,0,0,-0.0005137883866180859,0.9725000381469728,,,,9.855000019073486,,,,9.670000076293944
2021-05-03,9.739999771118164,9.75,9.710000038146973,9.75,4900,0,0,0.002570654760889024,0.9750000000000001,,,,9.855000019073486,,,,9.68000030517578
2021-05-04,9.710000038146973,9.829999923706056,9.710000038146973,9.829999923706056,2800,0,0,0.008205120380108344,0.9829999923706058,,,,9.855000019073486,,,,9.649999618530272
2021-05-05,9.75,9.75,9.75,9.75,80100,0,0,-0.008138344285550603,0.9750000000000002,,,,9.84000015258789,,,,9.6899995803833
2021-05-06,9.829999923706056,9.829999923706056,9.699999809265137,9.720000267028809,2700,0,0,-0.0030768956893529875,0.972000026702881,,,,9.835000038146973,,,,9.659000396728516
2021-05-07,9.850000381469728,9.850000381469728,9.699999809265137,9.699999809265137,15100,0,0,-0.002057660207223977,0.9699999809265138,,,,9.835000038146973,,,,9.68000030517578
2021-05-10,9.720000267028809,9.720000267028809,9.649999618530272,9.70699977874756,4900,0,0,0.0007216463525840933,0.9706999778747561,,,,9.774999618530272,,,,9.6899995803833
2021-05-11,9.720000267028809,9.729999542236328,9.6899995803833,9.720000267028809,3400,0,0,0.0013392900564097587,0.972000026702881,,,,9.774999618530272,,,,9.675000190734863
2021-05-12,9.770000457763672,9.770000457763672,9.657999992370604,9.657999992370604,800,0,0,-0.006378628904827877,0.9657999992370605,,,,9.75,,,,9.68000030517578
2021-05-13,9.81999969482422,9.81999969482422,9.697999954223633,9.720000267028809,1000,0,0,0.006419577004264099,0.972000026702881,,,,9.75,,,,9.68000030517578
2021-05-14,9.69499969482422,9.706000328063965,9.69499969482422,9.699999809265137,1100,0,0,-0.002057660207223977,0.9699999809265138,9.812500047683717,10.051414973870628,9.573585121496805,9.75,,,,9.68000030517578
2021-05-17,9.850000381469728,9.850000381469728,9.600000381469728,9.600000381469728,500,0,0,-0.01030921956306552,0.9600000381469731,9.792500066757203,10.032259735843716,9.55274039767069,9.725000381469728,,,,9.699999809265137
2021-05-18,9.59000015258789,9.899999618530272,9.59000015258789,9.600000381469728,73400,0,0,0.0,0.9600000381469731,9.77250008583069,10.00628210070231,9.538718070959069,9.744999885559082,,,,9.699999809265137
2021-05-19,9.729999542236328,9.899999618530272,9.729999542236328,9.899999618530272,3600,0,0,0.03124991928537968,0.9899999618530274,9.767500066757203,9.985158497460974,9.549841636053431,9.744999885559082,,,,9.699999809265137
2021-05-20,9.899999618530272,9.899999618530272,9.847000122070312,9.847000122070312,1400,0,0,-0.005353484697186994,0.9847000122070315,9.759850072860718,9.953465236273576,9.56623490944786,9.744999885559082,,,,9.670000076293944
2021-05-21,9.880000114440918,9.880000114440918,9.800000190734863,9.800000190734863,1200,0,0,-0.004773020285650964,0.9800000190734866,9.75135006904602,9.920439656455375,9.582260481636666,9.744999885559082,,,,9.670000076293944
2021-05-24,9.770000457763672,9.770000457763672,9.621999740600586,9.628999710083008,500,0,0,-0.017449028298338498,0.962899971008301,9.740800046920777,9.91278529704488,9.568814796796673,9.744999885559082,9.795000076293945,,,9.65999984741211
2021-05-25,9.65999984741211,9.760000228881836,9.609999656677246,9.670000076293944,213700,0,0,0.0042580088737569355,0.9670000076293946,9.729450035095216,9.888000884260475,9.570899185929957,9.744999885559082,9.795000076293945,,,9.65999984741211
2021-05-26,9.699999809265137,9.729999542236328,9.659000396728516,9.65999984741211,5800,0,0,-0.0010341498245020064,0.9659999847412113,9.720800018310547,9.874562910030324,9.567037126590769,9.744999885559082,9.795000076293945,,,9.649999618530272
2021-05-27,9.68000030517578,9.722000122070312,9.630000114440918,9.68000030517578,4000,0,0,0.0020704407949889703,0.9680000305175782,9.718300056457519,9.873016604905754,9.563583508009284,9.744999885559082,9.795000076293945,,,9.65999984741211
2021-05-28,9.770000457763672,9.770000457763672,9.630000114440918,9.6899995803833,3900,0,0,0.0010329829434172488,0.9689999580383303,9.716550016403199,9.871719876560656,9.561380156245741,9.744999885559082,9.78000020980835,,,9.68000030517578
2021-06-01,9.75,9.770000457763672,9.649999618530272,9.770000457763672,13400,0,0,0.008256024854978117,0.9770000457763675,9.717550039291382,9.8738352164307,9.561264862152063,9.75499963760376,9.78000020980835,,,9.6899995803833
2021-06-02,9.770000457763672,9.770000457763672,9.619999885559082,9.619999885559082,400,0,0,-0.015353179649586712,0.9619999885559084,9.707050037384032,9.859845944067146,9.554254130700919,9.75499963760376,9.78000020980835,,,9.649999618530272
2021-06-03,9.710000038146973,9.730999946594238,9.710000038146973,9.730999946594238,300,0,0,0.011538468020335646,0.973099994659424,9.706100034713746,9.858040602991611,9.55415946643588,9.744999885559082,9.744999885559082,,,9.760000228881836
2021-06-04,9.739999771118164,9.739999771118164,9.619999885559082,9.630000114440918,74900,0,0,-0.010379183301575279,0.9630000114440919,9.70160002708435,9.856957364176914,9.546242689991786,9.690000057220459,9.744999885559082,,,9.6899995803833
2021-06-07,9.630000114440918,9.65999984741211,9.619999885559082,9.649999618530272,119300,0,0,0.002076791677225742,0.9649999618530273,9.699100017547607,9.856098300007712,9.542101735087503,9.690000057220459,9.744999885559082,,,9.84000015258789
2021-06-08,9.649999618530272,9.670000076293944,9.649999618530272,9.670000076293944,4900,0,0,0.002072586378684127,0.9670000076293945,9.697250032424927,9.8547086572864,9.539791407563454,9.695000171661377,9.744999885559082,,,9.729999542236328
2021-06-09,9.630000114440918,9.699999809265137,9.630000114440918,9.68000030517578,10500,0,0,0.0010341498245023395,0.9680000305175782,9.695250034332275,9.852515916427427,9.537984152237124,9.695000171661377,9.744999885559082,,,9.68000030517578
2021-06-10,9.6899995803833,9.6899995803833,9.649999618530272,9.649999618530272,8400,0,0,-0.003099244390464162,0.9649999618530275,9.69485001564026,9.852537563130156,9.537162468150363,9.695000171661377,9.744999885559082,,,9.65999984741211
2021-06-11,9.670000076293944,9.6899995803833,9.649999618530272,9.6899995803833,11100,0,0,0.004145073931010268,0.9689999580383304,9.693349981307984,9.850617678557292,9.536082284058676,9.695000171661377,9.744999885559082,,,9.8100004196167
2021-06-14,9.670000076293944,9.6899995803833,9.649999618530272,9.659000396728516,40000,0,0,-0.00319909029898624,0.9659000396728519,9.691300010681152,9.849242267019976,9.533357754342328,9.695000171661377,9.744999885559082,,,9.850000381469728
2021-06-15,9.68000030517578,9.68000030517578,9.64799976348877,9.68000030517578,13400,0,0,0.0021741285417460343,0.9680000305175782,9.695300006866455,9.847686019915447,9.542913993817464,9.679999828338623,9.744999885559082,,,9.84000015258789
2021-06-16,9.68000030517578,9.6899995803833,9.642999649047852,9.6899995803833,1500,0,0,0.0010329829434172488,0.9689999580383303,9.699799966812133,9.845776004398367,9.5538239292259,9.679999828338623,9.744999885559082,,,9.84000015258789
2021-06-17,9.670000076293944,9.6899995803833,9.649999618530272,9.675000190734863,4800,0,0,-0.0015479246953532533,0.9675000190734865,9.688549995422363,9.801765861882705,9.575334128962021,9.65999984741211,9.744999885559082,,,9.829999923706056
2021-06-18,9.670000076293944,9.68000030517578,9.656000137329102,9.68000030517578,6400,0,0,0.0005168076839630054,0.968000030517578,9.680200004577637,9.766654680493499,9.593745328661775,9.664999961853027,9.744999885559082,,,9.800000190734863
2021-06-21,9.68000030517578,9.689000129699709,9.65999984741211,9.68000030517578,2100,0,0,0.0,0.968000030517578,9.674200010299682,9.740735733602293,9.607664286997071,9.664999961853027,9.744999885559082,,,9.8100004196167
2021-06-22,9.68000030517578,9.68000030517578,9.664999961853027,9.68000030517578,7200,0,0,0.0,0.968000030517578,9.676750040054321,9.739951486212988,9.613548593895654,9.666499614715576,9.744999885559082,,,9.817999839782717
2021-06-23,9.6899995803833,9.699999809265137,9.649999618530272,9.699999809265137,16100,0,0,0.002066064406905488,0.9699999809265137,9.67825002670288,9.742167208671171,9.614332844734589,9.671499729156494,9.744999885559082,,,9.81999969482422
2021-06-24,9.75,9.75,9.67099952697754,9.699999809265137,4000,0,0,0.0,0.9699999809265137,9.680250024795532,9.744262010505045,9.616238039086019,9.696499824523926,9.75499963760376,,,9.8100004196167
2021-06-25,9.69200038909912,9.710000038146973,9.65999984741211,9.699999809265137,11200,0,0,0.0,0.9699999809265137,9.68125,9.745843675598156,9.616656324401845,9.696499824523926,9.75499963760376,,,9.800000190734863
2021-06-28,9.68000030517578,9.68000030517578,9.600000381469728,9.670000076293944,289400,0,0,-0.003092756037225697,0.9670000076293944,9.680250024795532,9.744890646308978,9.615609403282086,9.675000190734863,9.740000247955322,,,9.800000190734863
2021-06-29,9.670000076293944,9.68000030517578,9.649999618530272,9.670000076293944,11400,0,0,0.0,0.9670000076293944,9.675250005722045,9.72494801572758,9.62555199571651,9.675000190734863,9.6850004196167,,,9.8100004196167
2021-06-30,9.65999984741211,9.670000076293944,9.630000114440918,9.65999984741211,7600,0,0,-0.0010341498245020064,0.9659999847412111,9.677250003814695,9.720649785464708,9.633850222164682,9.675000190734863,9.6850004196167,9.769999980926514,,9.8100004196167
2021-07-01,9.649999618530272,9.65999984741211,9.649999618530272,9.65999984741211,137400,0,0,0.0,0.9659999847412111,9.67369999885559,9.709874677315772,9.637525320395406,9.675000190734863,9.6850004196167,9.769999980926514,,9.81999969482422
2021-07-02,9.670000076293944,9.670000076293944,9.630000114440918,9.649999618530272,5200,0,0,-0.0010352203974948182,0.9649999618530273,9.674699974060058,9.706825011799523,9.642574936320592,9.675000190734863,9.6850004196167,9.769999980926514,,9.875
2021-07-06,9.670000076293944,9.670000076293944,9.649999618530272,9.65999984741211,24200,0,0,0.0010362931893421745,0.9659999847412111,9.675199985504149,9.706043811551117,9.64435615945718,9.675000190734863,9.6850004196167,9.769999980926514,,9.84000015258789
2021-07-07,9.65999984741211,9.68000030517578,9.609999656677246,9.68000030517578,6000,0,0,0.0020704407949889703,0.968000030517578,9.675699996948241,9.706514322595451,9.644885671301031,9.675000190734863,9.6850004196167,9.762500047683716,,9.812000274658203
2021-07-08,9.600000381469728,9.75,9.600000381469728,9.6899995803833,23700,0,0,0.0010329829434172488,0.9689999580383301,9.676199960708617,9.707602447259742,9.644797474157492,9.675000190734863,9.6850004196167,9.767499923706055,,9.84000015258789
2021-07-09,9.6899995803833,9.6899995803833,9.649999618530272,9.649999618530272,7900,0,0,-0.004127963218286013,0.9649999618530272,9.676199960708617,9.707602447259742,9.644797474157492,9.675000190734863,9.675000190734863,9.767499923706055,,9.81999969482422
2021-07-12,9.6899995803833,9.770000457763672,9.649999618530272,9.760000228881836,13000,0,0,0.011399027430046393,0.9760000228881835,9.679699993133543,9.727845070938528,9.631554915328557,9.6850004196167,9.6850004196167,9.744999885559082,,9.8100004196167
2021-07-13,9.670000076293944,9.75,9.65999984741211,9.6899995803833,27200,0,0,-0.0071721974238677655,0.9689999580383301,9.681249952316282,9.72861079687372,9.633889107758844,9.6850004196167,9.6850004196167,9.71749997138977,,9.789999961853027
2021-07-14,9.710000038146973,10.850000381469728,9.670000076293944,9.84000015258789,124400,0,0,0.015479935882376727,0.9840000152587891,9.689249944686889,9.773389325099142,9.605110564274636,10.225000381469728,10.225000381469728,9.71749997138977,,9.800000190734863
2021-07-15,9.880000114440918,9.880000114440918,9.699999809265137,9.729999542236328,31100,0,0,-0.011178923642865213,0.972999954223633,9.691249942779539,9.777266733083326,9.605233152475751,10.225000381469728,10.225000381469728,9.72000002861023,,9.779999732971191
2021-07-16,9.699999809265137,9.779999732971191,9.65999984741211,9.68000030517578,7200,0,0,-0.005138667976654077,0.9680000305175781,9.691499948501585,9.777353512165853,9.605646384837318,10.225000381469728,10.225000381469728,9.72000002861023,,9.800000190734863
2021-07-19,9.68000030517578,9.68000030517578,9.640000343322754,9.65999984741211,24300,0,0,-0.002066162926975923,0.9659999847412111,9.690499925613402,9.777336993234018,9.603662857992786,10.225000381469728,10.225000381469728,9.72000002861023,,9.81999969482422
2021-07-20,9.84000015258789,9.859999656677246,9.800000190734863,9.8100004196167,3915400,0,0,0.015528009790266584,0.98100004196167,9.696999931335448,9.798167496456298,9.595832366214598,10.225000381469728,10.225000381469728,9.72000002861023,,9.84000015258789
2021-07-21,9.829999923706056,9.850000381469728,9.8100004196167,9.850000381469728,210900,0,0,0.004077467904388898,0.9850000381469729,9.705499935150145,9.826402223102452,9.584597647197839,10.24500036239624,10.225000381469728,9.72000002861023,,9.789999961853027
2021-07-22,9.850000381469728,9.850000381469728,9.81999969482422,9.84000015258789,120000,0,0,-0.001015251623812219,0.9840000152587891,9.712499952316282,9.846927516517388,9.578072388115176,10.24500036239624,10.225000381469728,9.712499856948853,,9.800000190734863
2021-07-23,9.850000381469728,9.850000381469728,9.829999923706056,9.84000015258789,12000,0,0,0.0,0.9840000152587891,9.71949996948242,9.864854307188262,9.57414563177658,10.24500036239624,10.225000381469728,9.712499856948853,,9.81999969482422
2021-07-26,9.850000381469728,9.850000381469728,9.81999969482422,9.829999923706056,61800,0,0,-0.0010162834071911764,0.9829999923706058,9.725999975204466,9.878803546002649,9.573196404406284,10.24500036239624,10.225000381469728,9.702499866485596,,9.8100004196167
2021-07-27,9.81999969482422,9.829999923706056,9.800000190734863,9.800000190734863,41600,0,0,-0.0030518548529024914,0.9800000190734864,9.732499980926514,9.886289489508115,9.578710472344913,9.760000228881836,10.225000381469728,9.704999923706055,,9.800000190734863
2021-07-28,9.81999969482422,9.829999923706056,9.800999641418455,9.8100004196167,524300,0,0,0.001020431498694352,0.9810000419616701,9.73949999809265,9.894024042652275,9.584975953533027,9.75,10.225000381469728,9.704999923706055,,9.800000190734863
2021-07-29,9.800000190734863,9.81999969482422,9.800000190734863,9.817999839782717,25500,0,0,0.0008154352521760888,0.9817999839782718,9.747399997711181,9.901001272654117,9.593798722768245,9.75,10.225000381469728,9.705749750137329,,9.859999656677246
2021-07-30,9.81999969482422,9.84000015258789,9.81999969482422,9.81999969482422,24900,0,0,0.0002036927148236778,0.9819999694824222,9.755399990081788,9.906581175265755,9.60421880489782,9.829999923706055,10.225000381469728,9.708249807357788,,9.829999923706056
2021-08-02,9.84000015258789,9.84000015258789,9.8100004196167,9.8100004196167,24000,0,0,-0.0010182561627564146,0.9810000419616701,9.763400030136108,9.908153417803936,9.61864664246828,9.825000286102295,10.225000381469728,9.725749731063843,,9.800000190734863
2021-08-03,9.829999923706056,9.84000015258789,9.800000190734863,9.800000190734863,141600,0,0,-0.0010193912797229476,0.9800000190734866,9.770400047302246,9.907748201145255,9.633051893459237,9.825000286102295,10.225000381469728,9.725749731063843,,9.8100004196167
2021-08-04,9.81999969482422,9.81999969482422,9.800000190734863,9.800000190734863,33400,0,0,0.0,0.9800000190734866,9.7764000415802,9.90771560030919,9.645084482851209,9.825000286102295,10.225000381469728,9.707500219345093,,9.8100004196167
2021-08-05,9.81999969482422,9.81999969482422,9.800000190734863,9.8100004196167,69500,0,0,0.001020431498694352,0.9810000419616702,9.78240008354187,9.908166191952434,9.656633975131305,9.825000286102295,10.225000381469728,9.680000305175781,,9.800000190734863
2021-08-06,9.800000190734863,9.8100004196167,9.791000366210938,9.8100004196167,36000,0,0,0.0,0.9810000419616702,9.790400123596191,9.900708666630655,9.680091580561728,9.815500259399414,10.225000381469728,9.680000305175781,9.795000076293945,9.779999732971191
2021-08-09,9.800000190734863,9.81999969482422,9.800000190734863,9.81999969482422,164000,0,0,0.0010192940652200555,0.9819999694824224,9.793400096893311,9.90349947144356,9.683300722343063,9.815500259399414,10.225000381469728,9.680000305175781,9.795000076293945,9.78499984741211
2021-08-10,9.829999923706056,9.875,9.81999969482422,9.875,36000,0,0,0.005600845914971675,0.9875000000000004,9.802650117874146,9.907342137763782,9.69795809798451,9.833000183105469,10.225000381469728,9.680000305175781,9.795000076293945,9.789999961853027
2021-08-11,9.869999885559082,9.869999885559082,9.829999923706056,9.84000015258789,12800,0,0,-0.003544288345530111,0.9840000152587894,9.802650117874146,9.907342137763782,9.69795809798451,9.833000183105469,10.225000381469728,9.680000305175781,9.795000076293945,9.770000457763672
2021-08-12,9.829999923706056,9.829999923706056,9.8100004196167,9.812000274658203,12500,0,0,-0.00284551600563987,0.9812000274658207,9.806750154495239,9.90596175015146,9.707538558839017,9.833000183105469,10.225000381469728,9.680000305175781,9.78000020980835,9.770000457763672
2021-08-13,9.84000015258789,9.84000015258789,9.81999969482422,9.84000015258789,12000,0,0,0.002853636072759125,0.9840000152587894,9.814750146865844,9.895740219412632,9.733760074319056,9.833000183105469,10.24500036239624,9.680000305175781,9.78000020980835,9.789999961853027
2021-08-16,9.84000015258789,9.84000015258789,9.800000190734863,9.81999969482422,30300,0,0,-0.002032566814382575,0.9819999694824225,9.822750139236451,9.861014978307756,9.784485300165146,9.833000183105469,10.24500036239624,9.675000190734863,9.78000020980835,9.869999885559082
2021-08-17,9.81999969482422,9.829999923706056,9.789999961853027,9.8100004196167,61300,0,0,-0.0010182561627564146,0.9810000419616705,9.822750139236451,9.861014978307756,9.784485300165146,9.832499980926514,10.24500036239624,9.6850004196167,9.744999885559082,9.843999862670898
2021-08-18,9.800000190734863,9.81999969482422,9.789999961853027,9.789999961853027,8700,0,0,-0.0020387825594458953,0.9789999961853033,9.819750118255616,9.858409211636861,9.781091024874371,9.832499980926514,10.24500036239624,9.6850004196167,9.744999885559082,9.859999656677246
2021-08-19,9.789999961853027,9.84000015258789,9.788999557495115,9.800000190734863,72600,0,0,0.0010214738427785086,0.9800000190734869,9.817750120162966,9.856146809142015,9.779353431183917,9.831999778747559,9.760000228881836,10.225000381469728,10.220000267028809,9.84000015258789
2021-08-20,9.789999961853027,9.8100004196167,9.779999732971191,9.779999732971191,9500,0,0,-0.0020408629973885928,0.9779999732971197,9.814750099182131,9.85507320595297,9.774426992411293,9.827499866485596,9.757500171661377,10.225000381469728,10.220000267028809,9.864999771118164
2021-08-23,9.779999732971191,9.81999969482422,9.779999732971191,9.800000190734863,69400,0,0,0.0020450366369892947,0.9800000190734869,9.81325011253357,9.853422519347765,9.773077705719375,9.824999809265137,9.757500171661377,10.225000381469728,10.220000267028809,9.899999618530272
2021-08-24,9.84000015258789,9.84000015258789,9.779999732971191,9.81999969482422,77500,0,0,0.002040765683684942,0.9819999694824226,9.814250087738039,9.854043219401708,9.774456956074369,9.809999942779541,9.827499866485596,10.225000381469728,10.220000267028809,9.859999656677246
2021-08-25,9.850000381469728,9.850000381469728,9.75,9.84000015258789,4900,0,0,0.002036706556540091,0.9840000152587897,9.815750074386598,9.85703940011853,9.774460748654665,9.800000190734863,9.8125,10.225000381469728,10.220000267028809,9.869999885559082
2021-08-26,9.800000190734863,9.842000007629396,9.789999961853027,9.789999961853027,5500,0,0,-0.005081320117836907,0.9789999961853033,9.814350080490113,9.857127699872827,9.7715724611074,9.800000190734863,9.8125,10.235000371932983,10.220000267028809,9.845000267028809
2021-08-27,9.800000190734863,9.850000381469728,9.75,9.800000190734863,226300,0,0,0.0010214738427785086,0.9800000190734869,9.813350105285647,9.856490137053365,9.770210073517928,9.800000190734863,9.8125,10.235000371932983,10.220000267028809,9.84000015258789
2021-08-30,9.850000381469728,9.850000381469728,9.800000190734863,9.81999969482422,12600,0,0,0.002040765683684942,0.9819999694824226,9.813850069046023,9.857055660290348,9.770644477801698,9.800000190734863,9.8125,10.235000371932983,10.220000267028809,9.850000381469728
2021-08-31,9.850000381469728,9.850000381469728,9.75,9.8100004196167,92300,0,0,-0.0010182561627564146,0.9810000419616706,9.814350080490113,9.857127699872828,9.771572461107398,9.800000190734863,9.8125,10.235000371932983,10.220000267028809,9.859999656677246
2021-09-01,9.800000190734863,9.84000015258789,9.779999732971191,9.800000190734863,24400,0,0,-0.0010193912797229476,0.980000019073487,9.814350080490113,9.857127699872828,9.771572461107398,9.800000190734863,9.8125,9.992500305175781,10.220000267028809,9.850000381469728
2021-09-02,9.829999923706056,9.850000381469728,9.760000228881836,9.800000190734863,8700,0,0,0.0,0.980000019073487,9.813850069046023,9.857055660290348,9.770644477801698,9.800000190734863,9.8125,9.987500190734863,10.220000267028809,9.86299991607666
2021-09-03,9.8100004196167,9.859999656677246,9.8100004196167,9.859999656677246,7800,0,0,0.006122394364758144,0.9859999656677254,9.816350030899049,9.863984826887119,9.768715234910978,9.804999828338623,9.8125,9.987500190734863,10.220000267028809,9.850000381469728
2021-09-07,9.880000114440918,9.890000343322754,9.81999969482422,9.829999923706056,26500,0,0,-0.0030425693727964553,0.9829999923706064,9.81685004234314,9.864840056705143,9.768860027981136,9.820000171661377,9.820000171661377,10.02750015258789,10.220000267028809,9.869999885559082
2021-09-08,9.829999923706056,9.850000381469728,9.760000228881836,9.800000190734863,126600,0,0,-0.0030518548529024914,0.9800000190734871,9.813100051879882,9.853347959503349,9.772852144256415,9.820000171661377,9.820000171661377,10.02500033378601,10.225000381469728,9.850000381469728
2021-09-09,9.8100004196167,9.845000267028809,9.800000190734863,9.8100004196167,28500,0,0,0.001020431498694352,0.9810000419616708,9.811600065231323,9.849894070807526,9.77330605965512,9.820000171661377,9.820000171661377,10.02500033378601,10.225000381469728,9.880000114440918
2021-09-10,9.829999923706056,9.829999923706056,9.8100004196167,9.8100004196167,8400,0,0,0.0,0.9810000419616708,9.811500072479248,9.84979988217363,9.773200262784867,9.820000171661377,9.820000171661377,10.02500033378601,10.225000381469728,9.880000114440918
2021-09-13,9.869999885559082,9.869999885559082,9.760000228881836,9.800000190734863,28000,0,0,-0.0010193912797229476,0.9800000190734872,9.809500074386596,9.845738313586535,9.773261835186657,9.820000171661377,9.820000171661377,10.02500033378601,10.225000381469728,9.880000114440918
2021-09-14,9.770000457763672,9.800000190734863,9.75,9.779999732971191,76700,0,0,-0.0020408629973885928,0.9779999732971201,9.807500076293945,9.845588191732789,9.7694119608551,9.820000171661377,9.820000171661377,10.02025032043457,10.225000381469728,9.869999885559082
2021-09-15,9.760000228881836,9.789999961853027,9.760000228881836,9.78499984741211,46000,0,0,0.0005112591592473237,0.9784999847412119,9.806250047683715,9.845562670333795,9.766937425033635,9.820000171661377,9.820000171661377,10.02025032043457,10.225000381469728,9.869999885559082
2021-09-16,9.800000190734863,9.81999969482422,9.75,9.789999961853027,34700,0,0,0.000510997906887134,0.9789999961853038,9.806250047683715,9.845562670333795,9.766937425033635,9.820000171661377,9.820000171661377,10.029000282287598,10.225000381469728,9.869999885559082
2021-09-17,9.779999732971191,9.81999969482422,9.75,9.770000457763672,77100,0,0,-0.002042850272449881,0.9770000457763682,9.804750061035156,9.847107703374506,9.762392418695805,9.820000171661377,9.820000171661377,10.029000282287598,10.225000381469728,9.869999885559082
2021-09-20,9.789999961853027,9.789999961853027,9.770000457763672,9.770000457763672,32000,0,0,0.0,0.9770000457763682,9.80425009727478,9.847993130346206,9.760507064203354,9.809999942779541,9.820000171661377,10.029000282287598,10.225000381469728,9.899999618530272
2021-09-21,9.789999961853027,9.789999961853027,9.770000457763672,9.789999961853027,47500,0,0,0.0020470320524359487,0.9789999961853039,9.80375008583069,9.847907168413789,9.75959300324759,9.809999942779541,9.820000171661377,10.039000272750854,10.225000381469728,9.90999984741211
2021-09-22,9.789999961853027,9.890000343322754,9.760000228881836,9.869999885559082,211500,0,0,0.008171595916014018,0.9869999885559094,9.806250095367432,9.858772498665541,9.753727692069322,9.820000171661377,9.820000171661377,10.039000272750854,10.225000381469728,9.895000457763672
2021-09-23,9.800000190734863,9.890000343322754,9.78499984741211,9.843999862670898,508500,0,0,-0.002634247536945189,0.9843999862670911,9.806450080871581,9.859518555283838,9.753381606459325,9.820000171661377,9.820000171661377,10.038750171661377,10.225000381469728,9.920000076293944
2021-09-24,9.789999961853027,9.869999885559082,9.789999961853027,9.859999656677246,16200,0,0,0.0016253346433923177,0.985999965667726,9.809950065612792,9.867324302627996,9.752575828597589,9.820000171661377,9.820000171661377,10.038750171661377,10.225000381469728,9.90999984741211
2021-09-27,9.869999885559082,9.869999885559082,9.829999923706056,9.84000015258789,154500,0,0,-0.0020283473413522657,0.9840000152587904,9.811950063705444,9.870586143410666,9.753313984000222,9.820000171661377,9.820000171661377,9.796000003814697,10.225000381469728,9.920000076293944
2021-09-28,9.869999885559082,9.880000114440918,9.829999923706056,9.864999771118164,127400,0,0,0.002540611599858522,0.9864999771118179,9.814200067520142,9.877236826411954,9.75116330862833,9.820000171661377,9.820000171661377,9.792500019073486,10.225000381469728,9.93000030517578
2021-09-29,9.890000343322754,9.899999618530272,9.850000381469728,9.899999618530272,437700,0,0,0.0035478812188700637,0.9899999618530286,9.81870002746582,9.8920254132964,9.74537464163524,9.824999809265137,9.824999809265137,9.791249990463257,10.225000381469728,9.920000076293944
2021-09-30,9.890000343322754,9.890000343322754,9.859999656677246,9.859999656677246,81000,0,0,-0.00404040034286024,0.9859999656677261,9.82170000076294,9.896629185452872,9.746770816073008,9.829999923706055,9.824999809265137,9.818749904632568,10.225000381469728,9.914999961853027
2021-10-01,9.890000343322754,9.899999618530272,9.81999969482422,9.869999885559082,465500,0,0,0.0010142220314444117,0.9869999885559098,9.82519998550415,9.902279963099284,9.748120007909018,9.829999923706055,9.824999809265137,9.806250095367432,10.225000381469728,9.90999984741211
2021-10-04,9.859999656677246,9.869999885559082,9.81999969482422,9.845000267028809,41700,0,0,-0.002532889444796349,0.9845000267028824,9.824450016021729,9.900433318148606,9.748466713894851,9.829999923706055,9.824999809265137,9.806250095367432,10.225000381469728,9.920000076293944
2021-10-05,9.779999732971191,9.864999771118164,9.760000228881836,9.84000015258789,59600,0,0,-0.0005078836267443654,0.9840000152587907,9.824950027465821,9.90120692389711,9.748693131034532,9.829999923706055,9.824999809265137,9.806250095367432,10.225000381469728,9.850000381469728
2021-10-06,9.869999885559082,9.890000343322754,9.84000015258789,9.850000381469728,59200,0,0,0.0010162834071916205,0.9850000381469745,9.827450037002563,9.903547714739146,9.751352359265981,9.829999923706055,9.824999809265137,9.806250095367432,10.225000381469728,9.8100004196167
2021-10-07,9.869999885559082,9.880000114440918,9.859999656677246,9.859999656677246,124500,0,0,0.001015154804087981,0.9859999656677262,9.829949998855591,9.906880060537908,9.753019937173274,9.829999923706055,9.824999809265137,9.806250095367432,10.225000381469728,9.789999961853027
2021-10-08,9.880000114440918,9.890000343322754,9.850000381469728,9.850000381469728,24200,0,0,-0.001014125309907743,0.9850000381469743,9.831949996948243,9.908780163666009,9.755119830230477,9.829999923706055,9.824999809265137,9.806250095367432,10.225000381469728,9.779999732971191
2021-10-11,9.850000381469728,9.869999885559082,9.850000381469728,9.86299991607666,34000,0,0,0.0013197496551764498,0.9862999916076676,9.835099983215333,9.911593693491437,9.758606272939229,9.829999923706055,9.824999809265137,9.806250095367432,10.225000381469728,9.720000267028809
2021-10-12,9.890000343322754,9.890000343322754,9.850000381469728,9.850000381469728,12200,0,0,-0.0013180102116540082,0.9850000381469745,9.838600015640258,9.91093801407679,9.766262017203728,9.829999923706055,9.824999809265137,9.808749914169312,10.225000381469728,9.760000228881836
2021-10-13,9.859999656677246,9.881999969482422,9.829999923706056,9.869999885559082,47800,0,0,0.002030406427899978,0.9869999885559098,9.842850017547608,9.91197460195886,9.773725433136356,9.829999923706055,9.824999809265137,9.820000171661377,10.225000381469728,9.75
2021-10-14,9.890000343322754,9.890000343322754,9.850000381469728,9.850000381469728,13300,0,0,-0.0020262922311291565,0.9850000381469743,9.845850038528443,9.910560237730994,9.781139839325892,9.825000286102295,9.824999809265137,9.820000171661377,10.225000381469728,9.75
2021-10-15,9.850000381469728,9.890000343322754,9.850000381469728,9.880000114440918,9800,0,0,0.0030456580517119747,0.9880000114440933,9.851350021362304,9.907364812303339,9.79533523042127,9.825000286102295,9.824999809265137,9.820000171661377,10.225000381469728,9.765000343322754
2021-10-18,9.890000343322754,9.890000343322754,9.869999885559082,9.880000114440918,27400,0,0,0.0,0.9880000114440933,9.856850004196167,9.899783161446699,9.813916846945634,9.860000133514404,9.824999809265137,9.820000171661377,10.225000381469728,9.779999732971191
2021-10-19,9.859999656677246,9.88700008392334,9.850000381469728,9.880000114440918,48900,0,0,0.0,0.9880000114440933,9.86135001182556,9.892433088642134,9.830266935008988,9.860000133514404,9.824999809265137,9.820000171661377,10.225000381469728,9.75
2021-10-20,9.850000381469728,9.880000114440918,9.850000381469728,9.869999885559082,239400,0,0,-0.0010121689034415793,0.9869999885559096,9.86135001182556,9.892433088642134,9.830266935008988,9.860000133514404,9.824999809265137,9.820000171661377,10.225000381469728,9.755000114440918
2021-10-21,9.880000114440918,9.880000114440918,9.869999885559082,9.869999885559082,37600,0,0,0.0,0.9869999885559096,9.86265001296997,9.89287561306432,9.832424412875621,9.860000133514404,9.824999809265137,9.820000171661377,10.225000381469728,9.765000343322754
2021-10-22,9.859999656677246,9.880000114440918,9.859999656677246,9.869999885559082,38600,0,0,0.0,0.9869999885559096,9.863150024414063,9.893515762543808,9.832784286284317,9.860000133514404,9.824999809265137,9.820000171661377,10.225000381469728,9.760000228881836
2021-10-25,9.890000343322754,9.890000343322754,9.869999885559082,9.869999885559082,11100,0,0,0.0,0.9869999885559096,9.864650011062622,9.893182621361074,9.83611740076417,9.860000133514404,9.829999923706055,9.820000171661377,10.225000381469728,9.779999732971191
2021-10-26,9.890000343322754,9.90999984741211,9.880000114440918,9.899999618530272,163700,0,0,0.0030394866584630975,0.9899999618530285,9.866400003433228,9.898870852257039,9.833929154609416,9.880000114440918,9.835000038146973,9.815000057220459,10.225000381469728,9.75
2021-10-27,9.890000343322754,9.90999984741211,9.890000343322754,9.90999984741211,59400,0,0,0.00101012416840085,0.9909999847412122,9.86690001487732,9.901676986888736,9.832123042865904,9.880000114440918,9.835000038146973,9.815000057220459,10.24500036239624,9.75
2021-10-28,9.899999618530272,9.899999618530272,9.883000373840332,9.895000457763672,15000,0,0,-0.0015135610372742914,0.9895000457763685,9.86865005493164,9.905352667000608,9.831947442862672,9.880000114440918,9.835000038146973,9.820000171661377,10.24500036239624,9.75
2021-10-29,9.90999984741211,9.920000076293944,9.904999732971191,9.920000076293944,921200,0,0,0.002526489881125471,0.9920000076293957,9.871150064468384,9.91421487208262,9.828085256854148,9.885000228881836,9.84000015258789,9.820000171661377,10.24500036239624,9.75
2021-11-01,9.90999984741211,9.9399995803833,9.899999618530272,9.90999984741211,193300,0,0,-0.0010080875811414591,0.9909999847412122,9.87440004348755,9.918883431651349,9.82991665532375,9.894999980926514,9.849999904632568,9.820000171661377,10.24500036239624,9.755000114440918
2021-11-02,9.890000343322754,9.920000076293944,9.890000343322754,9.920000076293944,38500,0,0,0.001009104847206066,0.9920000076293957,9.87840003967285,9.924173778927715,9.832626300417987,9.899999618530273,9.849999904632568,9.820000171661377,9.765000343322754,9.739999771118164
2021-11-03,9.93000030517578,9.93000030517578,9.899999618530272,9.93000030517578,29200,0,0,0.0010080875811415702,0.9930000305175792,9.882400035858154,9.93144907076853,9.83335100094778,9.899999618530273,9.849999904632568,9.820000171661377,9.765000343322754,9.75
2021-11-04,9.93000030517578,9.93000030517578,9.90999984741211,9.920000076293944,13600,0,0,-0.0010070723639982182,0.9920000076293956,9.88540005683899,9.93593526428341,9.834864849394569,9.904999732971191,9.849999904632568,9.824999809265137,9.769999980926514,9.75
2021-11-05,9.890000343322754,9.93000030517578,9.890000343322754,9.914999961853027,21000,0,0,-0.0005040437905706741,0.9914999961853039,9.888650035858154,9.93799447115897,9.839305600557338,9.90999984741211,9.849999904632568,9.827499866485596,9.824999809265137,9.739999771118164
2021-11-08,9.899999618530272,9.9399995803833,9.899999618530272,9.90999984741211,22800,0,0,-0.0005042979788356661,0.9909999847412121,9.891000032424927,9.939699890443741,9.842300174406112,9.911499977111816,9.849999904632568,9.827499866485596,9.824999809265137,9.699999809265137
2021-11-09,9.9399995803833,9.9399995803833,9.90999984741211,9.920000076293944,15800,0,0,0.001009104847206066,0.9920000076293956,9.894500017166138,9.940892983502168,9.848107050830107,9.911499977111816,9.849999904632568,9.827499866485596,9.824999809265137,9.710000038146973
2021-11-10,9.81999969482422,9.880000114440918,9.8100004196167,9.850000381469728,530000,0,0,-0.00705642079494484,0.985000038146974,9.89350004196167,9.94276744853804,9.844232635385298,9.875,9.875,9.827499866485596,9.824999809265137,9.739999771118164
2021-11-11,9.84000015258789,9.850000381469728,9.8100004196167,9.8100004196167,90800,0,0,-0.004060909675524416,0.981000041961671,9.89150004386902,9.950136363419162,9.832863724318877,9.875,9.875,9.827499866485596,9.824999809265137,9.71500015258789
2021-11-12,9.8100004196167,9.8100004196167,9.789999961853027,9.789999961853027,75400,0,0,-0.0020387825594458953,0.9789999961853039,9.887000036239623,9.960570421570509,9.813429650908738,9.864999771118164,9.864999771118164,9.827499866485596,9.824999809265137,9.729000091552734
2021-11-15,9.720000267028809,9.789999961853027,9.720000267028809,9.779999732971191,244800,0,0,-0.0010214738427785086,0.9779999732971203,9.882000017166138,9.969272460886723,9.794727573445554,9.829999923706055,9.829999923706055,9.827499866485596,9.824999809265137,9.710000038146973
2021-11-16,9.760000228881836,9.779000282287598,9.720000267028809,9.720000267028809,83200,0,0,-0.006134914885540077,0.972000026702882,9.874000024795532,9.986530522439853,9.76146952715121,9.829999923706055,9.829999923706055,9.827499866485596,9.824999809265137,9.729999542236328
2021-11-17,9.75,9.760000228881836,9.75,9.760000228881836,115700,0,0,0.004115222299809096,0.9760000228881848,9.86850004196167,9.991647103506274,9.745352980417067,9.829999923706055,9.829999923706055,9.827499866485596,9.824999809265137,9.720000267028809
2021-11-18,9.8100004196167,9.8100004196167,9.75,9.75,3700,0,0,-0.001024613590913992,0.9750000000000012,9.862500047683715,9.996135241176413,9.728864854191018,9.829999923706055,9.829999923706055,9.827499866485596,9.824999809265137,9.6899995803833
2021-11-19,9.76200008392334,9.770000457763672,9.75,9.75,10000,0,0,0.0,0.9750000000000012,9.856500053405762,9.998839010918509,9.714161095893015,9.829999923706055,9.829999923706055,9.825000047683716,9.824999809265137,9.699999809265137
2021-11-22,9.75,9.779999732971191,9.75,9.765000343322754,12200,0,0,0.0015384967510516656,0.9765000343322766,9.851250076293946,9.998914712645808,9.703585439942083,9.800000190734863,9.829999923706055,9.825000047683716,9.824999809265137,9.729999542236328
2021-11-23,9.75,9.779999732971191,9.75,9.779999732971191,13500,0,0,0.0015360357522868906,0.9779999732971204,9.84525008201599,9.99426417255912,9.69623599147286,9.785000324249268,9.829999923706055,9.84249997138977,9.824999809265137,9.725000381469728
2021-11-24,9.760000228881836,9.760000228881836,9.75,9.75,1200,0,0,-0.0030674574427700385,0.9750000000000013,9.837250089645385,9.988686845689132,9.685813333601638,9.765000343322754,9.829999923706055,9.84249997138977,9.824999809265137,9.710000038146973
2021-11-26,9.760000228881836,9.760000228881836,9.75,9.755000114440918,1300,0,0,0.0005128322503504812,0.975500011444093,9.830250072479249,9.983313604708178,9.67718654025032,9.765000343322754,9.829999923706055,9.84249997138977,9.824999809265137,9.710000038146973
2021-11-29,9.760000228881836,9.800000190734863,9.756999969482422,9.765000343322754,3100,0,0,0.001025138776475476,0.9765000343322766,9.822500085830688,9.972225647505486,9.67277452415589,9.765000343322754,9.829999923706055,9.84249997138977,9.824999809265137,9.720000267028809
2021-11-30,9.729999542236328,9.800000190734863,9.729999542236328,9.760000228881836,49100,0,0,-0.000512044471594586,0.9760000228881849,9.815000104904176,9.961397086130308,9.668603123678043,9.769999980926514,9.829999923706055,9.84249997138977,9.824999809265137,9.720000267028809
2021-12-01,9.789999961853027,9.8100004196167,9.75,9.779999732971191,9300,0,0,0.0020491294692979167,0.9779999732971205,9.808000087738037,9.946753390736047,9.669246784740027,9.769999980926514,9.829999923706055,9.84500002861023,9.824999809265137,9.720000267028809
2021-12-02,9.760000228881836,9.777000427246094,9.729999542236328,9.75,55400,0,0,-0.0030674574427700385,0.9750000000000014,9.799000072479249,9.927824369988144,9.670175774970353,9.769999980926514,9.829999923706055,9.857500076293945,9.829999923706055,9.734999656677246
2021-12-03,9.800000190734863,9.800000190734863,9.729999542236328,9.75,13500,0,0,0.0,0.9750000000000014,9.790500068664551,9.908095721936883,9.67290441539222,9.769999980926514,9.829999923706055,9.857500076293945,9.829999923706055,9.720000267028809
2021-12-06,9.729999542236328,9.755000114440918,9.729999542236328,9.75,104300,0,0,0.0,0.9750000000000014,9.7822500705719,9.885937908679756,9.678562232464044,9.769999980926514,9.829999923706055,9.857500076293945,9.829999923706055,9.720000267028809
2021-12-07,9.739999771118164,9.78499984741211,9.739999771118164,9.75,16400,0,0,0.0,0.9750000000000014,9.774250078201295,9.860290318958365,9.688209837444225,9.769999980926514,9.829999923706055,9.862500190734863,9.835000038146973,9.739999771118164
2021-12-08,9.739999771118164,9.755000114440918,9.739999771118164,9.755000114440918,3800,0,0,0.0005128322503504812,0.9755000114440932,9.766000080108643,9.819921251985631,9.712078908231655,9.769999980926514,9.829999923706055,9.872499942779541,9.84499979019165,9.699999809265137
2021-12-09,9.75,9.770000457763672,9.739999771118164,9.739999771118164,5400,0,0,-0.001537708164713214,0.9739999771118177,9.760500049591064,9.799167748740679,9.72183235044145,9.769999980926514,9.829999923706055,9.874999761581421,9.84499979019165,9.720000267028809
2021-12-10,9.729999542236328,9.75,9.729999542236328,9.75,2700,0,0,0.0010267175684632868,0.9750000000000013,9.75750002861023,9.788895343206654,9.726104714013804,9.769999980926514,9.829999923706055,9.874999761581421,9.84499979019165,9.710000038146973
2021-12-13,9.770000457763672,9.770000457763672,9.739999771118164,9.75,19600,0,0,0.0,0.9750000000000013,9.755500030517577,9.783200249686296,9.72779981134886,9.769999980926514,9.829999923706055,9.87749981880188,9.84499979019165,9.720000267028809
2021-12-14,9.739999771118164,9.758000373840332,9.739999771118164,9.739999771118164,8600,0,0,-0.0010256645007010734,0.9739999771118177,9.753500032424927,9.77954505840266,9.727455006447196,9.764999866485596,9.829999923706055,9.879999876022339,9.84499979019165,9.704999923706056
2021-12-15,9.729999542236328,9.744999885559082,9.6850004196167,9.699999809265137,325500,0,0,-0.0041067723606769135,0.969999980926515,9.752500009536742,9.784533072047397,9.720466947026088,9.742500305175781,9.8125,9.880749940872192,9.84499979019165,9.699999809265137
2021-12-16,9.6899995803833,9.720000267028809,9.6899995803833,9.710000038146973,97900,0,0,0.001030951451389095,0.9710000038146985,9.75,9.786805891359645,9.713194108640355,9.735000133514404,9.782500267028809,9.880749940872192,9.84499979019165,9.699999809265137
2021-12-17,9.699999809265137,9.75,9.699999809265137,9.739999771118164,35300,0,0,0.003089570839684308,0.9739999771118177,9.749499988555907,9.786565909805224,9.71243406730659,9.735000133514404,9.767500400543213,9.875,9.84499979019165,9.68000030517578
2021-12-20,9.720000267028809,9.760000228881836,9.70300006866455,9.71500015258789,19800,0,0,-0.0025666960079818724,0.9715000152587904,9.747749996185302,9.787776258860344,9.70772373351026,9.727500438690186,9.7475004196167,9.875,9.84499979019165,9.699999809265137
2021-12-21,9.729000091552734,9.729000091552734,9.729000091552734,9.729000091552734,700,0,0,0.001441064204318554,0.9729000091552747,9.745949983596802,9.785948917702319,9.705951049491285,9.727500438690186,9.7475004196167,9.864999771118164,9.84499979019165,9.699999809265137
2021-12-22,9.729999542236328,9.739999771118164,9.710000038146973,9.710000038146973,47500,0,0,-0.0019529297180558292,0.9710000038146986,9.74244999885559,9.782164890247941,9.70273510746324,9.727500438690186,9.7475004196167,9.829999923706055,9.829999923706055,9.6899995803833
2021-12-23,9.720000267028809,9.739999771118164,9.708000183105469,9.729999542236328,14300,0,0,0.0020596811545607885,0.9729999542236343,9.741449975967408,9.781362949892529,9.701537002042286,9.727500438690186,9.7475004196167,9.829999923706055,9.829999923706055,9.720000267028809
2021-12-27,9.729999542236328,9.729999542236328,9.699999809265137,9.720000267028809,5700,0,0,-0.0010276747870453518,0.9720000267028823,9.739699983596802,9.780154446840841,9.699245520352763,9.722500324249268,9.7475004196167,9.829999923706055,9.829999923706055,9.699999809265137
2021-12-28,9.609999656677246,9.729999542236328,9.609999656677246,9.6899995803833,14700,0,0,-0.0030864903108359654,0.9689999580383316,9.735949945449828,9.780105441258987,9.69179444964067,9.684999942779541,9.710000038146973,9.829999923706055,9.829999923706055,9.71500015258789
2021-12-29,9.720000267028809,9.720000267028809,9.699999809265137,9.699999809265137,2500,0,0,0.0010320154091729705,0.9699999809265152,9.732949924468993,9.778311534926985,9.687588314011002,9.684999942779541,9.710000038146973,9.829999923706055,9.829999923706055,9.729999542236328
2021-12-30,9.729999542236328,9.75,9.70400047302246,9.729999542236328,146000,0,0,0.003092756037225586,0.9729999542236344,9.730449914932251,9.770281788303613,9.690618041560889,9.684999942779541,9.710000038146973,9.815000057220459,9.829999923706055,9.729999542236328
2021-12-31,9.70199966430664,9.739999771118164,9.699999809265137,9.725000381469728,47000,0,0,-0.0005137883866180859,0.9725000381469744,9.729199934005738,9.768045608384126,9.69035425962735,9.684999942779541,9.710000038146973,9.807500123977661,9.829999923706055,9.71500015258789
2022-01-03,9.739999771118164,9.75,9.699999809265137,9.710000038146973,42500,0,0,-0.0015424516950495182,0.9710000038146989,9.727199935913086,9.765669011817124,9.688730860009048,9.679999828338623,9.710000038146973,9.797500133514404,9.829999923706055,9.715999603271484
2022-01-04,9.739999771118164,9.739999771118164,9.699999809265137,9.710000038146973,30300,0,0,0.0,0.9710000038146989,9.725199937820435,9.762861628300593,9.687538247340276,9.679999828338623,9.710000038146973,9.797500133514404,9.829999923706055,9.729999542236328
2022-01-05,9.710000038146973,9.720000267028809,9.704999923706056,9.720000267028809,49700,0,0,0.0010298896851235195,0.9720000267028825,9.723699951171875,9.759622309657214,9.687777592686537,9.679999828338623,9.710000038146973,9.797500133514404,9.829999923706055,9.722000122070312
2022-01-06,9.739999771118164,9.739999771118164,9.711000442504885,9.720000267028809,14700,0,0,0.0,0.9720000267028825,9.72194995880127,9.754854582658874,9.689045334943666,9.679999828338623,9.710000038146973,9.799999952316284,9.829999923706055,9.710000038146973
2022-01-07,9.739999771118164,9.739999771118164,9.720000267028809,9.720000267028809,33000,0,0,0.0,0.9720000267028825,9.720949983596801,9.752786547459959,9.689113419733644,9.679999828338623,9.704999923706055,9.799999952316284,9.829999923706055,9.708999633789062
2022-01-10,9.75,9.75,9.720000267028809,9.734999656677246,85700,0,0,0.0015431470407791803,0.9734999656677263,9.720199966430664,9.749874442299665,9.690525490561663,9.724999904632568,9.704999923706055,9.799999952316284,9.829999923706055,9.720000267028809
2022-01-11,9.75,9.75,9.720000267028809,9.720000267028809,20200,0,0,-0.0015407694070280753,0.9720000267028827,9.718699979782105,9.745004570109707,9.692395389454504,9.724999904632568,9.697499752044678,9.799999952316284,9.829999923706055,9.720000267028809
2022-01-12,9.75,9.75,9.720000267028809,9.720000267028809,11800,0,0,0.0,0.9720000267028827,9.717700004577637,9.74212335794174,9.693276651213534,9.724999904632568,9.697499752044678,9.799999952316284,9.829999923706055,9.704999923706056
2022-01-13,9.75,9.75,9.720000267028809,9.739999771118164,16700,0,0,0.002057562092585119,0.9739999771118182,9.719700002670288,9.744550041351534,9.694849963989043,9.724999904632568,9.690000057220459,9.799999952316284,9.829999923706055,
2022-01-14,9.75,9.75,9.699999809265137,9.699999809265137,926900,0,0,-0.0041067723606769135,0.9699999809265154,9.719199991226196,9.745199199174836,9.693200783277556,9.724999904632568,9.690000057220459,9.799999952316284,9.829999923706055,
2022-01-18,9.75,9.75,9.699999809265137,9.720000267028809,7500,0,0,0.00206190290277819,0.9720000267028825,9.71820001602173,9.742377925628642,9.694022106414817,9.724999904632568,9.690000057220459,9.799999952316284,9.829999923706055,
2022-01-19,9.75,9.75,9.710000038146973,9.710000038146973,6900,0,0,-0.0010288301036119885,0.971000003814699,9.717950010299683,9.742359915418257,9.693540105181109,9.724999904632568,9.690000057220459,9.799999952316284,9.829999923706055,
2022-01-20,9.710000038146973,9.720000267028809,9.699999809265137,9.720000267028809,900,0,0,0.0010298896851235195,0.9720000267028827,9.717500019073487,9.74139952415785,9.693600513989123,9.724999904632568,9.684999942779541,9.799999952316284,9.829999923706055,
2022-01-21,9.701000213623049,9.71500015258789,9.699999809265137,9.704999923706056,180500,0,0,-0.0015432451554178162,0.9704999923706075,9.71725001335144,9.741563653188788,9.692936373514094,9.724999904632568,9.684999942779541,9.797499895095825,9.829999923706055,
2022-01-24,9.699999809265137,9.710000038146973,9.699999809265137,9.699999809265137,1700,0,0,-0.0005152101473701043,0.9699999809265155,9.715750026702882,9.740435126445592,9.691064926960172,9.724999904632568,9.684999942779541,9.77750015258789,9.8125,
2022-01-25,9.699999809265137,9.704999923706056,9.6899995803833,9.699999809265137,12100,0,0,0.0,0.9699999809265155,9.714750003814697,9.740280666271719,9.689219341357674,9.71999979019165,9.684999942779541,9.758750200271606,9.8125,
2022-01-26,9.710000038146973,9.710000038146973,9.68000030517578,9.68000030517578,1700,0,0,-0.002061804585836602,0.9680000305175798,9.71425004005432,9.74201869484442,9.686481385264221,9.71500015258789,9.684999942779541,9.751250267028809,9.8125,
2022-01-27,9.710000038146973,9.710000038146973,9.68000030517578,9.699999809265137,8300,0,0,0.002066064406905488,0.9699999809265155,9.71425004005432,9.74201869484442,9.686481385264221,9.71500015258789,9.679999828338623,9.737500429153442,9.8125,
2022-01-28,9.710000038146973,9.710000038146973,9.699999809265137,9.699999809265137,900,0,0,0.0,0.9699999809265155,9.712750053405761,9.740189182375865,9.685310924435658,9.71500015258789,9.679999828338623,9.737500429153442,9.8125,
2022-01-31,9.710000038146973,9.710000038146973,9.68000030517578,9.6899995803833,22200,0,0,-0.001030951451389095,0.9689999580383319,9.711000013351441,9.739545214079186,9.682454812623696,9.71500015258789,9.679999828338623,9.737500429153442,9.8125,
2022-02-01,9.710000038146973,9.725000381469728,9.68000030517578,9.720000267028809,42900,0,0,0.0030960462275191336,0.9720000267028828,9.711500024795532,9.740309633993007,9.682690415598056,9.702500343322754,9.679999828338623,9.737500429153442,9.8125,
2022-02-02,9.729999542236328,9.729999542236328,9.6899995803833,9.699999809265137,6200,0,0,-0.002057660207223977,0.9699999809265156,9.711000013351441,9.74024498267003,9.681755044032853,9.704999923706055,9.679999828338623,9.735000371932983,9.8125,
2022-02-03,9.729999542236328,9.729999542236328,9.699000358581545,9.71500015258789,9300,0,0,0.0015464271770837534,0.9715000152587911,9.710750007629395,9.739765046285513,9.681734968973277,9.704999923706055,9.71500015258789,9.697499990463257,9.774999618530273,
2022-02-04,9.729999542236328,9.729999542236328,9.699999809265137,9.729999542236328,5500,0,0,0.0015439412674060904,0.9729999542236348,9.71124997138977,9.741224645272505,9.681275297507037,9.704999923706055,9.71500015258789,9.697499990463257,9.774999618530273,
2022-02-07,9.729999542236328,9.729999542236328,9.68000030517578,9.729999542236328,10800,0,0,0.0,0.9729999542236348,9.711749935150147,9.742621735856938,9.680878134443356,9.704999923706055,9.71500015258789,9.697499990463257,9.774999618530273,
2022-02-08,9.729999542236328,9.729999542236328,9.710000038146973,9.71500015258789,5200,0,0,-0.0015415611874726176,0.971500015258791,9.710749959945678,9.73976490390209,9.681735015989267,9.704999923706055,9.71500015258789,9.697499990463257,9.774999618530273,
2022-02-09,9.699999809265137,9.715999603271484,9.699999809265137,9.715999603271484,13000,0,0,0.00010287706308753641,0.9715999603271503,9.710549926757812,9.739359235534659,9.681740617980966,9.704999923706055,9.71500015258789,9.694999933242798,9.774999618530273,
2022-02-10,9.720000267028809,9.729999542236328,9.71500015258789,9.729999542236328,4400,0,0,0.0014409159671155969,0.9729999542236346,9.711049890518188,9.740839048019541,9.681260733016835,9.704999923706055,9.71500015258789,9.694999933242798,9.774999618530273,
2022-02-11,9.729999542236328,9.729999542236328,9.704999923706056,9.722000122070312,4300,0,0,-0.0008221398296363036,0.9722000122070331,9.710149908065796,9.737332779621044,9.682967036510549,9.704999923706055,9.71500015258789,9.694999933242798,9.774999618530273,
2022-02-14,9.729999542236328,9.729999542236328,9.710000038146973,9.710000038146973,5900,0,0,-0.0012343225439894745,0.9710000038146991,9.710649919509887,9.737428111815237,9.683871727204536,9.704999923706055,9.71500015258789,9.694999933242798,9.774999618530273,
2022-02-15,9.710000038146973,9.710000038146973,9.699999809265137,9.708999633789062,5500,0,0,-0.00010302825478680777,0.970899963378908,9.7100998878479,9.73653323088745,9.68366654480835,9.704999923706055,9.71500015258789,9.692499876022339,9.774999618530273,
2022-02-16,9.725000381469728,9.729999542236328,9.720000267028809,9.720000267028809,3200,0,0,0.0011330346744953257,0.9720000267028825,9.710599899291992,9.737386588581971,9.683813210002013,9.704999923706055,9.71500015258789,9.714999914169312,9.774999618530273,
2022-02-17,9.699999809265137,9.729999542236328,9.699999809265137,9.720000267028809,2100,0,0,0.0,0.9720000267028825,9.710599899291992,9.737386588581971,9.683813210002013,9.704999923706055,9.71500015258789,9.711249828338623,9.774999618530273,
2022-02-18,9.729999542236328,9.739399909973145,9.699999809265137,9.704999923706056,87549,0,0,-0.0015432451554178162,0.9704999923706074,9.710599899291992,9.737386588581971,9.683813210002013,9.71969985961914,9.71500015258789,9.711249828338623,9.774999618530273,
