Date,Open,High,Low,Close,Volume,Dividends,Stock Splits,daily_return,cum_return,middle_band,upper_band,lower_band,Conversion,Baseline,SpanA,SpanB,Lagging
2017-02-13,31.350000381469727,31.82999992370605,31.350000381469727,31.63999938964844,186700,0,0,,,,,,,,,,33.56999969482422
2017-02-14,31.420000076293945,31.899999618530277,31.290000915527344,31.76000022888184,231800,0,0,0.003792694107088268,1.0037926941070883,,,,,,,,34.31999969482422
2017-02-15,31.649999618530277,32.45000076293945,31.649999618530277,32.290000915527344,173600,0,0,0.016687678930289662,1.0205436642989179,,,,,,,,33.869998931884766
2017-02-16,32.290000915527344,32.90999984741211,32.22999954223633,32.849998474121094,206000,0,0,0.017342754497243318,1.0382427025225711,,,,,,,,34.189998626708984
2017-02-17,33.470001220703125,34.29999923706055,33.0,33.72999954223633,283400,0,0,0.026788466027129143,1.0660556318870118,,,,,,,,34.16999816894531
2017-02-21,33.79999923706055,34.81999969482422,33.38999938964844,33.689998626708984,442600,0,0,-0.0011859150925055406,1.0647913804237064,,,,,,,,34.2400016784668
2017-02-22,33.7400016784668,34.029998779296875,33.02000045776367,33.439998626708984,160300,0,0,-0.007420599886929113,1.0568899896265311,,,,,,,,34.83000183105469
2017-02-23,33.36000061035156,33.45000076293945,32.310001373291016,32.63999938964844,216300,0,0,-0.023923423143372258,1.0316055631887013,,,,,,,,34.720001220703125
2017-02-24,32.369998931884766,33.790000915527344,32.279998779296875,33.77000045776367,243400,0,0,0.03462013141071352,1.0673198833503172,,,,33.05500030517578,,,,34.04999923706055
2017-02-27,33.720001220703125,34.18000030517578,33.130001068115234,34.0099983215332,392800,0,0,0.007106836260476257,1.0749051509988385,,,,33.05500030517578,,,,33.88999938964844
2017-02-28,33.68000030517578,33.91999816894531,31.940000534057617,31.950000762939453,237100,0,0,-0.060570351668893685,1.0097977679921337,,,,33.234999656677246,,,,33.36000061035156
2017-03-01,32.439998626708984,32.970001220703125,32.189998626708984,32.540000915527344,209600,0,0,0.018466358012493744,1.0284450550960935,,,,33.38000011444092,,,,33.880001068115234
2017-03-02,32.61000061035156,33.2400016784668,32.11000061035156,32.119998931884766,109900,0,0,-0.012907251746331783,1.0151706558626983,,,,33.38000011444092,,,,33.84000015258789
2017-03-03,32.150001525878906,32.529998779296875,31.899999618530277,32.4900016784668,160500,0,0,0.011519388508283379,1.0268648010497896,,,,33.359999656677246,,,,33.880001068115234
2017-03-06,32.150001525878906,32.79999923706055,32.06999969482422,32.439998626708984,190100,0,0,-0.0015390289065744245,1.0252844264378302,,,,33.03999996185303,,,,34.290000915527344
2017-03-07,32.45000076293945,32.779998779296875,32.310001373291016,32.439998626708984,80400,0,0,0.0,1.0252844264378302,,,,33.03999996185303,,,,34.65999984741211
2017-03-08,32.45000076293945,32.54999923706055,32.08000183105469,32.36000061035156,158500,0,0,-0.0024660302017261992,1.022756044076875,,,,33.03999996185303,,,,34.220001220703125
2017-03-09,32.45000076293945,33.90999984741211,32.36000061035156,33.47999954223633,287500,0,0,0.03461059674784095,1.0581542410898368,,,,33.03999996185303,,,,35.52000045776367
2017-03-10,33.630001068115234,34.58000183105469,33.54999923706055,34.400001525878906,222700,0,0,0.02747915161952008,1.0872314219175827,,,,33.24000072479248,,,,35.099998474121094
2017-03-13,34.5,35.040000915527344,34.43000030517578,34.61000061035156,192900,0,0,0.0061046242778413085,1.0938685612514527,32.93249979019165,34.67027318786352,31.194726392519772,33.47000026702881,,,,35.959999084472656
2017-03-14,34.5,34.56999969482422,33.52000045776367,33.7400016784668,126600,0,0,-0.025137212266461373,1.0663717550356662,33.03749990463257,34.70163449468867,31.373365314576468,33.47000026702881,,,,35.650001525878906
2017-03-15,33.84000015258789,34.470001220703125,33.65999984741211,34.22999954223633,217200,0,0,0.01452275753982124,1.0818584134813627,33.160999870300294,34.79354922418295,31.528450516417642,33.47000026702881,,,,34.83000183105469
2017-03-16,34.34000015258789,35.2400016784668,34.2400016784668,35.15999984741211,138700,0,0,0.027169159147321986,1.111251596892107,33.304499816894534,35.10352933172251,31.50547030206656,33.65500068664551,,,,36.04999923706055
2017-03-17,35.0,35.349998474121094,34.5099983215332,35.130001068115234,468500,0,0,-0.000853207606002937,1.1103034685774558,33.41849994659424,35.37195194152416,31.465047951664317,33.71500015258789,,,,35.689998626708984
2017-03-20,35.04999923706055,35.16999816894531,34.13999938964844,34.33000183105469,145600,0,0,-0.0227725366563295,1.085019042139626,33.448500061035155,35.438651472240714,31.458348649829595,33.71500015258789,,,,36.54999923706055
2017-03-21,34.400001525878906,34.630001068115234,33.720001220703125,33.790000915527344,146000,0,0,-0.015729708322906766,1.0679520090819699,33.45350017547607,35.44658558371841,31.460414767233736,33.85499954223633,33.31999969482422,,,36.150001525878906
2017-03-22,33.90999984741211,34.16999816894531,33.099998474121094,33.56999969482422,118700,0,0,-0.006510837962186322,1.0609987465994457,33.46000022888184,35.453721843749236,31.466278614014442,34.224998474121094,33.31999969482422,,,35.22999954223633
2017-03-23,33.470001220703125,34.58000183105469,33.470001220703125,34.31999969482422,163300,0,0,0.02234137643187517,1.0847029189909716,33.544000244140626,35.53396998193048,31.55403050635077,34.224998474121094,33.499999046325684,,,35.4900016784668
2017-03-24,34.5,34.72999954223633,33.43000030517578,33.869998931884766,167500,0,0,-0.013111910458650677,1.070480391442925,33.54900016784668,35.54174679802851,31.556253537664844,34.224998474121094,33.624999046325684,,,33.08000183105469
2017-03-27,33.97999954223633,34.290000915527344,33.16999816894531,34.189998626708984,209000,0,0,0.009447880275041065,1.0805941620180568,33.55800018310547,35.560702815239516,31.555297550971424,34.224998474121094,33.624999046325684,,,32.43000030517578
2017-03-28,34.369998931884766,34.369998931884766,33.380001068115234,34.16999816894531,130100,0,0,-0.0005849797767482068,1.079962036286404,33.66900005340576,35.543547761147934,31.794452345663583,34.224998474121094,33.624999046325684,,,34.060001373291016
2017-03-29,33.9900016784668,34.380001068115234,33.689998626708984,34.2400016784668,106500,0,0,0.0020486834437440926,1.0821745366300162,33.75400009155273,35.568639597768005,31.93936058533746,34.224998474121094,33.624999046325684,,,32.9900016784668
2017-03-30,34.290000915527344,34.91999816894531,33.90999984741211,34.83000183105469,264900,0,0,0.017231312022947032,1.1008218237339762,33.88950023651123,35.59622941985677,32.182771053165695,34.1349983215332,33.624999046325684,,,33.130001068115234
2017-03-31,34.849998474121094,34.88999938964844,34.22999954223633,34.720001220703125,232300,0,0,-0.003158214314346819,1.0973451924927142,34.001000213623044,35.61534221993281,32.386658207313275,34.0099983215332,33.624999046325684,,,33.119998931884766
2017-04-03,34.720001220703125,34.810001373291016,33.77000045776367,34.04999923706055,156400,0,0,-0.019297291477140432,1.0761694024621435,34.08150024414063,35.52638793046263,32.63661255781862,34.0099983215332,33.624999046325684,,,33.65999984741211
2017-04-04,33.86000061035156,34.209999084472656,33.61000061035156,33.88999938964844,117900,0,0,-0.004698967723851366,1.0711125171745774,34.1540002822876,35.39054989116035,32.91745067341485,34.04499816894531,33.624999046325684,,,33.43000030517578
2017-04-05,33.90999984741211,34.43000030517578,32.540000915527344,33.36000061035156,186400,0,0,-0.01563879577580518,1.0543616072655757,34.204000282287595,35.201837561750814,33.206163002824375,33.72999954223633,33.624999046325684,,,33.0
2017-04-06,33.25,34.119998931884766,33.20000076293945,33.880001068115234,141000,0,0,0.015587543412763472,1.070796514591579,34.22400035858154,35.17757445699484,33.27042626016824,33.72999954223633,33.624999046325684,,,31.700000762939453
2017-04-07,33.790000915527344,34.25,33.52000045776367,33.84000015258789,222500,0,0,-0.0011806645297006702,1.0695322631282735,34.196000289916995,35.16020161405642,33.23179896577757,33.72999954223633,33.624999046325684,,,30.75
2017-04-10,33.75,34.13999938964844,33.369998931884766,33.880001068115234,91800,0,0,0.0011820601461871583,1.0707965145915788,34.15950031280518,35.113351492848054,33.205649132762304,33.72999954223633,33.709999084472656,,,30.38999938964844
2017-04-11,33.72999954223633,34.31999969482422,33.400001525878906,34.290000915527344,138300,0,0,0.012101529943514766,1.08375479067632,34.1870002746582,35.12222014880263,33.25178040051377,33.72999954223633,33.71500015258789,,,28.51000022888184
2017-04-12,34.04999923706055,34.790000915527344,33.869998931884766,34.65999984741211,177800,0,0,0.010790286439368968,1.095448815297756,34.20850028991699,35.16642967149683,33.25057090833715,33.71500015258789,33.71500015258789,,,30.239999771118164
2017-04-13,34.470001220703125,34.68000030517578,34.11000061035156,34.220001220703125,108400,0,0,-0.012694709424294404,1.0815424108983633,34.16150035858154,35.01336314945126,33.309637567711825,33.67500114440918,33.85499954223633,,,29.26000022888184
2017-04-17,34.349998474121094,35.599998474121094,34.349998474121094,35.52000045776367,231100,0,0,0.037989456186052095,1.1226296189305438,34.181000328063966,35.13369406583569,33.22830659029224,34.06999969482422,34.06999969482422,,,28.979999542236328
2017-04-18,35.31999969482422,35.779998779296875,34.61000061035156,35.099998474121094,190800,0,0,-0.011824380017731007,1.1093552196971486,34.21950016021729,35.25289420865904,33.18610611177553,34.15999984741211,34.15999984741211,,,29.520000457763672
2017-04-19,35.209999084472656,36.22999954223633,35.209999084472656,35.959999084472656,182100,0,0,0.024501442955492836,1.1365360233299364,34.32800006866455,35.59113148744553,33.06486864988357,34.71500015258789,34.385000228881836,,,29.38999938964844
2017-04-20,35.97999954223633,36.540000915527344,35.400001525878906,35.650001525878906,172000,0,0,-0.0086206219823739,1.1267383759034586,34.432000160217285,35.769518929038405,33.094481391396165,34.954999923706055,34.540000915527344,,,29.61000061035156
2017-04-21,35.40999984741211,35.529998779296875,34.630001068115234,34.83000183105469,197900,0,0,-0.02300139297971604,1.1008218237339762,34.457500267028806,35.80502338938289,33.10997714467472,34.954999923706055,34.540000915527344,,,28.76000022888184
2017-04-24,35.33000183105469,36.25,35.33000183105469,36.04999923706055,164800,0,0,0.03502719902007301,1.139380528839546,34.5665002822876,36.05335946409312,33.07964110048208,34.970001220703125,34.540000915527344,,,28.90999984741211
2017-04-25,36.150001525878906,36.59999847412109,35.66999816894531,35.689998626708984,155600,0,0,-0.009986147516515609,1.1280025068011088,34.641500282287595,36.195384515997226,33.087616048577964,35.23499870300293,34.56999969482422,,,29.940000534057617
2017-04-26,35.56999969482422,36.81999969482422,35.529998779296875,36.54999923706055,209500,0,0,0.024096403570830427,1.1551833104338967,34.76050033569336,36.506579079450965,33.01442159193575,35.46500015258789,34.68000030517578,,,30.8700008392334
2017-04-27,36.4900016784668,36.650001525878906,36.0099983215332,36.150001525878906,131500,0,0,-0.010943850055571414,1.1425411574978095,34.85600032806396,36.68561876704147,33.02638188908646,35.584999084472656,34.68000030517578,33.58749961853027,,29.309999465942383
2017-04-28,36.18000030517578,36.27000045776367,35.08000183105469,35.22999954223633,181600,0,0,-0.02544956970427703,1.1134639766700636,34.876000213623044,36.71285372075416,33.03914670649193,35.71500015258789,34.68000030517578,33.772499084472656,,29.059999465942383
2017-05-01,35.45000076293945,35.810001373291016,34.95000076293945,35.4900016784668,163000,0,0,0.007380134533318872,1.121681490615893,34.91450023651123,36.76904639652164,33.05995407650082,35.72500038146973,34.68000030517578,33.86249876022339,,29.690000534057617
2017-05-02,35.63999938964844,35.790000915527344,32.75,33.08000183105469,302400,0,0,-0.0679064450108029,1.0455120881537494,34.86600036621094,36.8557656996624,32.87623503275948,34.78499984741211,34.68000030517578,33.92499876022339,,29.790000915527344
2017-05-03,32.849998474121094,32.95000076293945,31.13999938964844,32.43000030517578,294800,0,0,-0.01964937998487959,1.0249684238548316,34.79300041198731,37.01669718465511,32.56930363931951,33.97999954223633,33.97999954223633,33.92499876022339,,29.68000030517578
2017-05-04,33.380001068115234,36.47999954223633,33.15999984741211,34.060001373291016,698700,0,0,0.05026213545409952,1.076485525610798,34.828000450134276,36.980513826138555,32.67548707413,33.97999954223633,33.97999954223633,33.92499876022339,,29.489999771118164
2017-05-05,34.099998474121094,34.22999954223633,32.220001220703125,32.9900016784668,339400,0,0,-0.03141513950916297,1.04266758264414,34.78350048065185,37.04770946885986,32.51929149244385,33.97999954223633,33.97999954223633,33.92499876022339,,29.93000030517578
2017-05-08,32.93000030517578,33.70000076293945,32.81999969482422,33.130001068115234,258600,0,0,0.00424369149819781,1.0470923422000535,34.74800052642822,37.09200495402943,32.403996098827015,33.97999954223633,33.97999954223633,33.87999868392944,,29.540000915527344
2017-05-09,33.11000061035156,33.47999954223633,32.9900016784668,33.119998931884766,219000,0,0,-0.00030190570202226485,1.0467762190513994,34.7100004196167,37.13323463769282,32.28676620154057,33.89500045776367,33.97999954223633,33.81749868392944,,29.6299991607666
2017-05-10,33.0,33.83000183105469,32.84000015258789,33.65999984741211,214800,0,0,0.016304375994634634,1.0638432521090555,34.67850036621094,37.139252204715795,32.217748527706085,33.80999946594238,33.97999954223633,33.81749868392944,,29.270000457763672
2017-05-11,33.529998779296875,33.689998626708984,32.5099983215332,33.43000030517578,224400,0,0,-0.006833022676142719,1.056573987043533,34.61700038909912,37.13793258254862,32.096068195649615,33.80999946594238,33.97999954223633,33.8349986076355,,31.1200008392334
2017-05-12,33.31999969482422,33.7400016784668,32.91999816894531,33.0,252600,0,0,-0.012862707186670486,1.042983585227139,34.556000328063966,37.17073707449869,31.941263581629244,33.80999946594238,33.97999954223633,33.677499294281006,,30.690000534057617
2017-05-15,32.97999954223633,32.97999954223633,31.65999984741211,31.700000762939453,152300,0,0,-0.03939391627456201,1.0018963771949585,34.365000343322755,37.21993265947691,31.510068027168597,33.80999946594238,33.97999954223633,33.677499294281006,,31.07999992370605
2017-05-16,31.700000762939453,31.8799991607666,30.65999984741211,30.75,210400,0,0,-0.029968477604899624,0.9718710680525613,34.1475004196167,37.38669367288093,30.90830716635246,33.56999969482422,33.739999771118164,33.677499294281006,,30.559999465942383
2017-05-17,30.299999237060547,30.56999969482422,29.040000915527344,30.38999938964844,393100,0,0,-0.011707336922001876,0.9604930460141241,33.86900043487549,37.38598495167399,30.352015918076987,31.635000228881836,32.93000030517578,33.71999931335449,,30.489999771118164
2017-05-18,30.18000030517578,30.18000030517578,28.1200008392334,28.51000022888184,499600,0,0,-0.0618624283818503,0.9010746137438101,33.51200037002563,37.637424099686015,29.38657664036525,30.975001335144043,32.47000026702881,33.72249984741211,,30.3799991607666
2017-05-19,28.600000381469727,30.690000534057617,28.600000381469727,30.239999771118164,244600,0,0,0.060680446452040515,0.9557522235923845,33.28250026702881,37.59753705160408,28.967463482453535,30.975001335144043,32.47000026702881,33.71500015258789,,29.46999931335449
2017-05-22,30.200000762939453,30.76000022888184,29.170000076293945,29.26000022888184,191100,0,0,-0.03240739251500624,0.9247787861353362,32.94300031661987,37.40129630364794,28.484704329591803,30.975001335144043,32.47000026702881,33.765000343322754,,30.399999618530277
2017-05-23,29.38999938964844,29.8799991607666,28.8700008392334,28.979999542236328,201500,0,0,-0.009569401382612752,0.9159292067406817,32.60750036239624,37.19781332560984,28.017187399182628,30.930001258850098,32.47000026702881,34.06999969482422,,30.200000762939453
2017-05-24,29.09000015258789,29.65999984741211,28.71999931335449,29.520000457763672,336100,0,0,0.01863357225869966,0.9329962397983377,32.256000423431395,36.655553298527956,27.856447548334835,30.930001258850098,32.47000026702881,34.15999984741211,,30.020000457763672
2017-05-25,29.63999938964844,29.700000762939453,29.3700008392334,29.38999938964844,142400,0,0,-0.004403830152415855,0.9288874828254231,31.918000316619874,36.09998725115308,27.736013382086664,30.550000190734863,32.47000026702881,34.55000019073486,,29.88999938964844
2017-05-26,29.290000915527344,29.690000534057617,28.88999938964844,29.61000061035156,122900,0,0,0.0074855809891785086,0.9358407453079469,31.637000370025635,35.64060672965493,27.633394010396348,30.0,32.47000026702881,34.7475004196167,,29.40999984741211
2017-05-30,30.01000022888184,30.01000022888184,28.600000381469727,28.76000022888184,166900,0,0,-0.02870653035963,0.9089760045409856,31.300500297546385,35.074476571509635,27.526524023583132,29.440000534057617,32.47000026702881,34.7475004196167,,29.290000915527344
2017-05-31,28.88999938964844,29.030000686645508,28.520000457763672,28.90999984741211,202800,0,0,0.005215563885136332,0.913716826962725,31.092000198364257,34.91067221206066,27.273328184667854,29.440000534057617,32.47000026702881,34.755001068115234,,30.63999938964844
2017-06-01,28.920000076293945,29.959999084472656,28.920000076293945,29.940000534057617,198500,0,0,0.03562783438539885,0.9462705787489052,30.96750020980835,34.76564896478194,27.16935145483476,29.640000343322754,32.47000026702881,34.902499198913574,,30.07999992370605
2017-06-02,29.93000030517578,31.34000015258789,29.799999237060547,30.8700008392334,174700,0,0,0.03106213388733514,0.9756637621596498,30.80800018310547,34.32813215427512,27.287868211935823,29.93000030517578,32.38500118255615,35.072500228881836,,29.899999618530277
2017-06-05,30.76000022888184,30.76000022888184,28.709999084472656,29.309999465942383,218400,0,0,-0.05053454262652213,0.9263590401816401,30.624000072479248,34.05116892451935,27.196831220439144,29.93000030517578,32.30000019073486,35.13249969482422,34.05500030517578,30.030000686645508
2017-06-06,29.1299991607666,29.540000915527344,28.61000061035156,29.059999465942383,218700,0,0,-0.008529512267323458,0.9184576493844647,30.420499992370605,33.70726753082429,27.133732453916917,29.93000030517578,32.30000019073486,35.197500228881836,34.05500030517578,29.61000061035156
2017-06-07,29.43000030517578,29.940000534057617,29.09000015258789,29.690000534057617,183400,0,0,0.021679321393435647,0.93836918795173,30.249000072479248,33.3016029013608,27.196397243597698,29.93000030517578,32.30000019073486,35.202500343322754,34.234999656677246,29.57999992370605
2017-06-08,29.700000762939453,30.07999992370605,28.8799991607666,29.790000915527344,160400,0,0,0.003368150207845755,0.9415297563271656,30.05550012588501,32.67410941693532,27.4368908348347,29.93000030517578,32.30000019073486,34.732500076293945,34.359999656677246,29.90999984741211
2017-06-09,29.799999237060547,30.309999465942383,29.600000381469727,29.68000030517578,184100,0,0,-0.003692534641522194,0.9380531250859037,29.86800012588501,31.97538630435099,27.76061394741903,29.93000030517578,32.30000019073486,33.97999954223633,33.97999954223633,30.51000022888184
2017-06-12,29.690000534057617,30.11000061035156,29.32999992370605,29.489999771118164,146700,0,0,-0.0064016351787059556,0.9320480512008587,29.692500114440918,31.229397749589424,28.155602479292412,29.93000030517578,31.175000190734863,33.97999954223633,33.97999954223633,31.280000686645508
2017-06-13,29.06999969482422,30.309999465942383,28.979999542236328,29.93000030517578,183000,0,0,0.014920330195748122,0.945954515883079,29.604000091552734,30.839698940061265,28.368301243044204,29.975000381469727,30.975001335144043,33.97999954223633,33.97999954223633,31.81999969482422
2017-06-14,30.030000686645508,30.229999542236328,29.25,29.540000915527344,191700,0,0,-0.013030383751148733,0.9336283655299904,29.5435001373291,30.66038862977066,28.42661164488754,29.975000381469727,30.975001335144043,33.97999954223633,33.97999954223633,31.959999084472656
2017-06-15,29.239999771118164,29.770000457763672,29.020000457763672,29.6299991607666,140100,0,0,0.0030466568195652854,0.9364728107567719,29.50550012588501,30.553465954912163,28.457534296857858,29.6850004196167,30.975001335144043,33.9375,33.97999954223633,32.029998779296875
2017-06-16,29.350000381469727,29.530000686645508,28.709999084472656,29.270000457763672,259500,0,0,-0.012149804697922817,0.9250948490011623,29.5435001373291,30.49388572704972,28.593114547608483,29.460000038146973,30.930001258850098,33.894999504089355,33.97999954223633,32.70000076293945
2017-06-19,29.309999465942383,31.26000022888184,28.75,31.1200008392334,433600,0,0,0.06320465843993617,0.9835651529568251,29.587500190734865,30.727601939341,28.44739844212873,29.984999656677246,30.930001258850098,33.894999504089355,33.97999954223633,32.5
2017-06-20,31.190000534057617,31.46999931335449,30.21999931335449,30.690000534057617,205200,0,0,-0.013817490153588796,0.9699747511404311,29.659000205993653,30.885065362475835,28.43293504951147,30.089999198913574,30.550000190734863,33.894999504089355,33.97999954223633,31.26000022888184
2017-06-21,30.76000022888184,31.65999984741211,30.670000076293945,31.07999992370605,286300,0,0,0.012707702276369748,0.9823009014935196,29.76400022506714,31.095805115518814,28.432195334615464,30.184999465942383,30.0,33.894999504089355,33.97999954223633,31.09000015258789
2017-06-22,31.020000457763672,31.25,30.399999618530277,30.559999465942383,226300,0,0,-0.01673103150064814,0.9658659941675164,29.816000175476074,31.186708967310086,28.44529138364206,30.184999465942383,29.890000343322754,33.65499973297119,33.739999771118164,30.76000022888184
2017-06-23,30.63999938964844,30.729999542236328,30.26000022888184,30.489999771118164,355200,0,0,-0.0022905659701411007,0.9636536143895598,29.87100019454956,31.257278364041763,28.484722025057355,30.184999465942383,29.890000343322754,32.28250026702881,32.93000030517578,31.020000457763672
2017-06-26,30.59000015258789,31.100000381469727,29.739999771118164,30.3799991607666,205500,0,0,-0.003607760287875128,0.9601769831482978,29.909500122070312,31.307492687082277,28.511507557058348,30.184999465942383,30.09000015258789,31.722500801086426,32.47000026702881,30.479999542236328
2017-06-27,30.32999992370605,30.32999992370605,29.40999984741211,29.46999931335449,243900,0,0,-0.02995391285551141,0.9314159254692058,29.945000076293944,31.256937228123213,28.633062924464674,30.184999465942383,30.09000015258789,31.722500801086426,32.47000026702881,34.790000915527344
2017-06-28,29.75,30.459999084472656,29.43000030517578,30.399999618530277,143700,0,0,0.03155752720884375,0.9608091088799506,30.019500064849854,31.254005120141894,28.784995009557814,30.184999465942383,30.09000015258789,31.722500801086426,32.47000026702881,34.279998779296875
2017-06-29,30.459999084472656,30.459999084472656,29.670000076293945,30.200000762939453,180900,0,0,-0.006578909805936783,0.9544880324119069,30.032500076293946,31.26887740200577,28.79612275058212,30.204999923706055,30.09000015258789,31.700000762939453,32.47000026702881,34.439998626708984
2017-06-30,30.290000915527344,30.76000022888184,29.8799991607666,30.020000457763672,165200,0,0,-0.00596027485524675,0.9487990213926883,29.99000005722046,31.164537907402153,28.815462207038767,30.53499984741211,30.09000015258789,31.700000762939453,32.47000026702881,34.220001220703125
2017-07-03,30.09000015258789,30.63999938964844,29.790000915527344,29.88999938964844,100300,0,0,-0.004330481883174309,0.9446902644197738,30.01900005340576,31.152431869603355,28.88556823720817,30.53499984741211,30.09000015258789,31.510000228881836,32.47000026702881,33.849998474121094
2017-07-05,29.790000915527344,29.8700008392334,29.170000076293945,29.40999984741211,187100,0,0,-0.016058867582398384,0.9295196085570757,30.03650007247925,31.11930546057843,28.953694684380068,30.210000038146973,30.09000015258789,31.235000133514404,32.47000026702881,33.65999984741211
2017-07-06,29.170000076293945,29.459999084472656,28.690000534057617,29.290000915527344,177600,0,0,-0.004080208517761141,0.9257269747328152,30.016500091552736,31.13866186414717,28.8943383189583,29.895000457763672,30.09000015258789,30.955000400543213,32.47000026702881,33.70000076293945
2017-07-07,29.56999969482422,30.790000915527344,29.299999237060547,30.63999938964844,235800,0,0,0.0460907624419169,0.9683944368112998,30.05900001525879,31.207987270084555,28.910012760433023,29.895000457763672,30.135000228881836,30.955000400543213,32.47000026702881,33.970001220703125
2017-07-10,30.6299991607666,30.81999969482422,29.799999237060547,30.07999992370605,221000,0,0,-0.018276745336084477,0.9506953383048187,30.078999996185303,31.214605874151445,28.94339411821916,29.755000114440918,30.135000228881836,31.05500030517578,32.47000026702881,33.150001525878906
2017-07-11,30.07999992370605,30.34000015258789,29.15999984741211,29.899999618530277,268800,0,0,-0.005984052713840504,0.9450063272856002,30.09949998855591,31.205951912981906,28.993048064129912,29.755000114440918,30.135000228881836,31.157500743865967,32.47000026702881,32.869998931884766
2017-07-12,30.26000022888184,30.559999465942383,29.59000015258789,30.030000686645508,144600,0,0,0.004347861865344749,0.9491150842585148,30.104500007629394,31.208720293269614,29.000279721989173,29.755000114440918,30.135000228881836,31.115000247955322,32.47000026702881,32.47999954223633
2017-07-13,30.059999465942383,30.170000076293945,29.299999237060547,29.61000061035156,124400,0,0,-0.013986016206810281,0.935840745307947,30.107999992370605,31.20538993412785,29.01061005061336,29.755000114440918,30.175000190734863,31.115000247955322,32.47000026702881,33.16999816894531
2017-07-14,29.6299991607666,29.809999465942383,29.25,29.57999992370605,117300,0,0,-0.0010131943947012667,0.934892556710468,30.10550003051758,31.207502478700242,29.003497582334916,29.755000114440918,30.175000190734863,31.115000247955322,32.47000026702881,33.18000030517578
2017-07-17,29.59000015258789,30.06999969482422,29.030000686645508,29.90999984741211,268700,0,0,0.01115618406210972,0.9453223901514264,30.1375,31.175216733885556,29.099783266114443,29.755000114440918,30.175000190734863,31.115000247955322,32.47000026702881,33.630001068115234
2017-07-18,29.899999618530277,30.549999237060547,29.799999237060547,30.51000022888184,259300,0,0,0.020060193397882786,0.9642857401212128,30.106999969482423,31.05882677551068,29.155173163454165,29.755000114440918,30.175000190734863,31.115000247955322,32.47000026702881,34.060001373291016
2017-07-19,30.61000061035156,31.6299991607666,30.61000061035156,31.280000686645508,355100,0,0,0.025237641821934886,0.9886220382443913,30.136499977111818,31.190981721124693,29.082018233098943,30.329999923706055,30.175000190734863,30.552500247955322,32.47000026702881,34.18000030517578
2017-07-20,31.280000686645508,31.84000015258789,30.649999618530277,31.81999969482422,212700,0,0,0.017263395023173755,1.0056890110192194,30.173499965667723,31.39801943278397,28.948980498551478,30.4350004196167,30.265000343322754,30.475000858306885,32.47000026702881,34.45000076293945
2017-07-21,32.189998626708984,32.189998626708984,31.57999992370605,31.959999084472656,335200,0,0,0.004399729446610046,1.0101137705751329,30.243499946594238,31.69081940893613,28.796180484252346,30.609999656677246,30.4399995803833,30.475000858306885,32.47000026702881,33.970001220703125
2017-07-24,31.90999984741211,32.09000015258789,31.420000076293945,32.029998779296875,273800,0,0,0.002190228311308884,1.0123261503530894,30.320499897003174,31.964816183906585,28.676183610099763,30.609999656677246,30.4399995803833,30.33000087738037,32.47000026702881,33.619998931884766
2017-07-25,32.150001525878906,32.720001220703125,31.82999992370605,32.70000076293945,268900,0,0,0.020917952206593426,1.03350194038366,30.436499977111815,32.38417774539155,28.48882220883208,30.875000953674316,30.70500087738037,30.195000648498535,32.47000026702881,33.7599983215332
2017-07-26,32.70000076293945,32.849998474121094,32.290000915527344,32.5,239900,0,0,-0.00611623113985138,1.0271808036327887,30.58800001144409,32.67909875449571,28.496901268392474,30.9399995803833,30.769999504089355,30.457500457763672,32.47000026702881,34.09000015258789
2017-07-27,32.630001068115234,32.630001068115234,31.209999084472656,31.26000022888184,242100,0,0,-0.03815383911132797,0.9879899125127387,30.63100004196167,32.74035452890431,28.521645555019028,30.9399995803833,30.769999504089355,30.31999969482422,32.47000026702881,34.869998931884766
2017-07-28,31.25,31.57999992370605,30.32999992370605,31.09000015258789,162600,0,0,-0.005438262157684837,0.9826169643593463,30.675500011444093,32.78415061226389,28.566849410624293,31.32499885559082,30.769999504089355,30.09249973297119,32.47000026702881,34.560001373291016
2017-07-31,31.25,31.25,30.63999938964844,30.76000022888184,196500,0,0,-0.010614342942632082,0.9721871309183882,30.7125,32.79946871023458,28.62553128976542,31.589999198913574,30.769999504089355,30.03749990463257,32.47000026702881,33.849998474121094
2017-08-01,31.07999992370605,31.07999992370605,30.649999618530277,31.020000457763672,168700,0,0,0.008452543138725677,0.9804045845813898,30.76900005340576,32.82444776031877,28.713552346492754,31.589999198913574,30.769999504089355,30.03749990463257,32.47000026702881,34.0
2017-08-02,31.01000022888184,31.540000915527344,29.71999931335449,30.479999542236328,276300,0,0,-0.01740815304830834,0.9633375515237338,30.822500038146973,32.78636308384376,28.858636992450187,31.284998893737793,30.769999504089355,30.137499809265137,32.47000026702881,34.13999938964844
2017-08-03,38.16999816894531,38.16999816894531,34.0099983215332,34.790000915527344,592400,0,0,0.1414042466542238,1.0995575722706719,31.097500038146972,33.59925361533832,28.595746460955624,33.9449987411499,33.429999351501465,30.137499809265137,32.47000026702881,34.11000061035156
2017-08-04,34.91999816894531,35.029998779296875,34.099998474121094,34.279998779296875,357300,0,0,-0.0146594458985152,1.0834386675276673,31.279500007629395,34.130875144791005,28.42812487046778,33.9449987411499,33.429999351501465,30.137499809265137,32.47000026702881,34.5099983215332
2017-08-07,34.11000061035156,34.72999954223633,33.459999084472656,34.439998626708984,271700,0,0,0.004667440289080282,1.0884955528152334,31.49749994277954,34.60665953068355,28.388340354875528,33.9449987411499,33.429999351501465,30.147500038146973,32.47000026702881,34.47999954223633
2017-08-08,34.40999984741211,34.75,33.90999984741211,34.220001220703125,217500,0,0,-0.006387845957556038,1.081542410898365,31.713500022888184,34.947823476249624,28.47917656952674,33.9449987411499,33.429999351501465,30.3125,32.47000026702881,34.279998779296875
2017-08-09,34.150001525878906,34.150001525878906,33.58000183105469,33.849998474121094,221400,0,0,-0.010812470291736265,1.0698482657112736,31.90449991226196,35.16995651103878,28.639043313485143,33.9449987411499,33.429999351501465,30.3125,32.47000026702881,34.380001068115234
2017-08-10,33.7400016784668,33.9900016784668,33.560001373291016,33.65999984741211,171300,0,0,-0.005612958206017149,1.0638432521090562,32.10699987411499,35.27812227934787,28.93587746888211,33.9449987411499,33.429999351501465,30.15000009536743,32.47000026702881,34.970001220703125
2017-08-11,33.869998931884766,33.869998931884766,33.18000030517578,33.70000076293945,160100,0,0,0.0011883813341853067,1.0651075035723616,32.31299991607666,35.33067689386848,29.29532293828485,33.9449987411499,33.59999942779541,29.99250030517578,32.47000026702881,35.7599983215332
2017-08-14,34.150001525878906,34.34000015258789,33.709999084472656,33.970001220703125,195400,0,0,0.008011882838311335,1.0736410201011897,32.515999984741214,35.40171499601242,29.63028497347,33.9449987411499,33.59999942779541,30.015000343322754,32.47000026702881,35.900001525878906
2017-08-15,33.9900016784668,34.060001373291016,33.119998931884766,33.150001525878906,234100,0,0,-0.024138936277825818,1.047724467931707,32.64800004959106,35.39109068126327,29.90490941791885,35.64499855041504,33.59999942779541,29.945000171661377,32.47000026702881,35.400001525878906
2017-08-16,33.09000015258789,33.25,32.790000915527344,32.869998931884766,288400,0,0,-0.008446533366689435,1.0388748282542248,32.72749996185303,35.39781290869162,30.05718701501444,33.90999984741211,33.59999942779541,29.945000171661377,32.38500118255615,35.45000076293945
2017-08-17,32.20000076293945,33.029998779296875,32.20000076293945,32.47999954223633,218300,0,0,-0.01186490423856168,1.0265486779011364,32.76049995422363,35.40096174292044,30.12003816552683,33.47500038146973,33.59999942779541,29.945000171661377,32.30000019073486,35.25
2017-08-18,32.22999954223633,33.18000030517578,32.209999084472656,33.16999816894531,185700,0,0,0.021243800382808598,1.0483564730977042,32.82099990844726,35.44046144862646,30.201538368268064,33.47500038146973,33.59999942779541,29.96500015258789,32.30000019073486,35.95000076293945
2017-08-21,33.0099983215332,33.56999969482422,32.97999954223633,33.18000030517578,237000,0,0,0.00030154165760043483,1.0486725962463581,32.87849998474121,35.47614524765611,30.28085472182631,33.27000045776367,33.59999942779541,29.96500015258789,32.30000019073486,36.400001525878906
2017-08-22,33.31999969482422,33.66999816894531,33.11000061035156,33.630001068115234,213000,0,0,0.013562409849322998,1.0628951237944049,32.925,35.54163187255048,30.308368127449516,33.27000045776367,33.9449987411499,29.96500015258789,32.30000019073486,36.869998931884766
2017-08-23,33.45000076293945,34.150001525878906,33.20000076293945,34.060001373291016,166100,0,0,0.012786211463533537,1.0764855256107988,33.00300006866455,35.657450216873386,30.34854992045571,33.27000045776367,33.9449987411499,29.96500015258789,32.30000019073486,37.18999862670898
2017-08-24,34.130001068115234,34.33000183105469,33.720001220703125,34.18000030517578,120700,0,0,0.0035231628610228327,1.0802781594350594,33.14900007247925,35.72305248199774,30.574947662960753,33.27000045776367,33.9449987411499,30.25250005722046,31.175000190734863,37.470001220703125
2017-08-25,34.099998474121094,34.58000183105469,33.70000076293945,34.45000076293945,116400,0,0,0.007899369670947287,1.0888116759638875,33.31700010299683,35.76580837531831,30.86819183067535,33.39000129699707,33.9449987411499,30.350000381469727,30.975001335144043,37.40999984741211
2017-08-28,34.560001373291016,34.56999969482422,33.75,33.970001220703125,136800,0,0,-0.013933222978407045,1.0736410201011897,33.47750015258789,35.635449080364545,31.319551224811242,33.39000129699707,33.9449987411499,30.524999618530273,30.975001335144043,37.93000030517578
2017-08-29,33.369998931884766,34.06999969482422,33.36000061035156,33.619998931884766,133000,0,0,-0.010303275720963123,1.062579000645751,33.607500076293945,35.443644243789116,31.771355908798775,33.39000129699707,33.9449987411499,30.524999618530273,30.975001335144043,37.72999954223633
2017-08-30,33.68000030517578,33.97999954223633,33.59000015258789,33.7599983215332,110400,0,0,0.0041641699612209315,1.0670037602016642,33.77150001525879,34.90714875287743,32.63585127764014,33.39500045776367,33.9449987411499,30.790000915527344,30.930001258850098,36.970001220703125
2017-08-31,33.88999938964844,34.130001068115234,33.68000030517578,34.09000015258789,130000,0,0,0.009774936239976162,1.0774336539254503,33.73649997711182,34.78316846370772,32.68983149051592,33.78000068664551,33.9449987411499,30.854999542236328,30.930001258850098,36.93000030517578
2017-09-01,34.09000015258789,34.90999984741211,33.90999984741211,34.869998931884766,175100,0,0,0.022880574238943296,1.1020859546316275,33.765999984741214,34.90268284567133,32.6293171238111,34.010000228881836,33.9449987411499,30.854999542236328,30.550000190734863,37.02999877929688
2017-09-05,34.790000915527344,35.400001525878906,34.290000915527344,34.560001373291016,231900,0,0,-0.008890093722093373,1.0922883072051497,33.77200012207031,34.92418103533708,32.61981920880354,34.30000114440918,33.9449987411499,31.047499179840088,30.484999656677246,37.34999847412109
2017-09-06,34.61000061035156,34.709999084472656,33.650001525878906,33.849998474121094,235800,0,0,-0.020544064553152275,1.0698482657112736,33.75349998474121,34.88786609981356,32.619133869668865,34.380001068115234,33.9449987411499,31.179999351501465,30.484999656677246,37.52999877929688
2017-09-07,33.93000030517578,34.02000045776367,33.5,34.0,125900,0,0,0.004431359900757048,1.074589148415841,33.761000061035155,34.89984233463081,32.6221577874395,34.380001068115234,33.9449987411499,31.179999351501465,30.484999656677246,38.68999862670898
2017-09-08,34.0099983215332,34.22999954223633,33.439998626708984,34.13999938964844,146800,0,0,0.004117629107307064,1.0790139079717544,33.785000038146975,34.93461412886677,32.63538594742718,34.380001068115234,35.18499946594238,31.027499198913574,30.684999465942383,37.27999877929688
2017-09-11,34.45000076293945,34.7599983215332,34.060001373291016,34.11000061035156,122700,0,0,-0.0008786988820500552,1.0780657796571032,33.80550003051758,34.96300108911072,32.64799897192444,34.380001068115234,33.80000114440918,33.687499046325684,33.34499931335449,36.380001068115234
2017-09-12,34.189998626708984,34.52000045776367,34.0099983215332,34.5099983215332,83300,0,0,0.011726699033252075,1.0907079325931903,33.83249988555908,35.02905313391767,32.63594663720049,34.420000076293945,33.80000114440918,33.687499046325684,33.34499931335449,36.56999969482422
2017-09-13,34.5,34.91999816894531,34.13999938964844,34.47999954223633,109200,0,0,-0.0008692779123711247,1.089759804278539,33.898999786376955,35.084092830958284,32.713906741795626,34.420000076293945,33.80000114440918,33.687499046325684,33.34499931335449,37.18999862670898
2017-09-14,34.400001525878906,34.939998626708984,34.130001068115234,34.279998779296875,118600,0,0,-0.005800486241145708,1.0834386675276677,33.96949977874756,35.06476682152724,32.87423273596788,34.420000076293945,33.80000114440918,33.687499046325684,33.34499931335449,37.2400016784668
2017-09-15,34.349998474121094,34.65999984741211,34.20000076293945,34.380001068115234,394700,0,0,0.0029172197310214365,1.086599296185931,34.064499855041504,34.929720097498496,33.19927961258451,34.420000076293945,33.80000114440918,33.687499046325684,33.34499931335449,35.88999938964844
2017-09-18,34.47999954223633,35.25,34.310001373291016,34.970001220703125,160400,0,0,0.017161144102903148,1.1052465832898908,34.154500007629395,35.00294240632316,33.30605760893563,34.34499931335449,33.80000114440918,33.687499046325684,33.34499931335449,35.88999938964844
2017-09-19,35.22999954223633,35.790000915527344,34.720001220703125,35.7599983215332,213700,0,0,0.022590708414456095,1.1302148865790667,34.28349990844727,35.27431843305379,33.292681383840744,34.614999771118164,33.9950008392334,33.772499084472656,33.34499931335449,36.119998931884766
2017-09-20,35.599998474121094,36.060001373291016,35.11000061035156,35.900001525878906,264500,0,0,0.00391507860506235,1.1346397667006354,34.39699993133545,35.56816080664291,33.22583905602799,34.75,34.130001068115234,33.772499084472656,33.38999938964844,36.41999816894531
2017-09-21,35.84000015258789,35.84000015258789,35.040000915527344,35.400001525878906,187700,0,0,-0.013927576009699294,1.1188369851062847,34.46399993896485,35.70251034986255,33.22548952806714,35.03499984741211,34.130001068115234,34.622498989105225,33.38999938964844,37.33000183105469
2017-09-22,35.38999938964844,35.75,34.97999954223633,35.45000076293945,145300,0,0,0.001412407765688739,1.1204172391525886,34.527499961853025,35.83052061786772,33.22447930583833,35.03499984741211,34.130001068115234,33.75499963760376,33.38999938964844,36.08000183105469
2017-09-25,35.45000076293945,35.45000076293945,34.79999923706055,35.25,115600,0,0,-0.00564177034231661,1.1140961024017173,34.56749992370605,35.907545663169955,33.22745418424215,35.095001220703125,34.135000228881836,33.53749990463257,33.38999938964844,36.90999984741211
2017-09-26,35.29999923706055,36.20000076293945,35.130001068115234,35.95000076293945,166900,0,0,0.019858177672041233,1.1362200207469393,34.66649990081787,36.10537213387031,33.227627667765425,35.165000915527344,34.59000015258789,33.53749990463257,33.429999351501465,36.650001525878906
2017-09-27,35.970001220703125,36.970001220703125,35.540000915527344,36.400001525878906,239500,0,0,0.012517406213892412,1.150442548294986,34.80550003051758,36.347698921112276,33.26330113992288,35.58500099182129,35.040000915527344,33.43499994277954,33.429999351501465,36.220001220703125
2017-09-28,36.2400016784668,37.040000915527344,35.93000030517578,36.869998931884766,247600,0,0,0.01291201610724424,1.16529708100903,34.96100006103516,36.670196521014006,33.25180360105631,35.67500114440918,35.1200008392334,33.60749959945679,33.429999351501465,35.970001220703125
2017-09-29,36.86000061035156,37.380001068115234,36.34000015258789,37.18999862670898,197400,0,0,0.008679134908991859,1.1754108515841617,35.11599998474121,37.033127152681885,33.19887281680053,36.05000114440918,35.3700008392334,33.60749959945679,33.429999351501465,35.400001525878906
2017-10-02,37.220001220703125,37.540000915527344,36.7400016784668,37.470001220703125,179400,0,0,0.007528975647583369,1.1842604912616441,35.246000099182126,37.41745066384732,33.07454953451693,36.170000076293945,35.45000076293945,33.60749959945679,33.429999351501465,34.709999084472656
2017-10-03,37.459999084472656,37.52999877929688,37.09000015258789,37.40999984741211,218200,0,0,-0.0016013176230659232,1.182364114066686,35.38850002288818,37.730457814104035,33.046542231672326,36.170000076293945,35.45000076293945,33.667500019073486,33.429999351501465,34.68000030517578
2017-10-04,37.5,37.970001220703125,37.22999954223633,37.93000030517578,124800,0,0,0.01390003902391479,1.1987990213926893,35.59250011444092,38.0711866578362,33.11381357104563,36.385000228881836,35.665000915527344,33.667500019073486,33.429999351501465,34.31999969482422
2017-10-05,38.0,38.13999938964844,37.33000183105469,37.72999954223633,153000,0,0,-0.00527289115028462,1.192477884641818,35.77900009155273,38.3116380881488,33.246362094956666,36.46999931335449,35.78999900817871,33.667500019073486,33.429999351501465,34.470001220703125
2017-10-06,37.70000076293945,37.869998931884766,36.880001068115234,36.970001220703125,161400,0,0,-0.02014307794206127,1.1684577096672935,35.92050018310547,38.385646330808434,33.4553540354025,36.635000228881836,35.78999900817871,33.66999959945679,33.429999351501465,34.650001525878906
2017-10-09,37.150001525878906,37.38999938964844,36.70000076293945,36.93000030517578,129500,0,0,-0.0010819830729392743,1.167193458203988,36.06150016784668,38.41518700005097,33.70781333564239,36.84000015258789,35.78999900817871,33.862499713897705,33.429999351501465,34.650001525878906
2017-10-10,37.09999847412109,37.27999877929688,36.630001068115234,37.02999877929688,87200,0,0,0.0027077842755145465,1.1703539662965963,36.187500190734866,38.46315220493798,33.911848176531755,37.03499984741211,35.78999900817871,33.97749948501587,33.429999351501465,34.189998626708984
2017-10-11,37.02000045776367,37.470001220703125,36.90999984741211,37.34999847412109,156500,0,0,0.008641633955524641,1.1804677368717278,36.3310001373291,38.51710752443027,34.144892750227925,37.239999771118164,35.78999900817871,34.12249994277954,33.429999351501465,35.369998931884766
2017-10-12,37.34999847412109,37.70000076293945,37.18999862670898,37.52999877929688,130600,0,0,0.004819285476022506,1.186156747890947,36.4935001373291,38.52141033128455,34.46558994337365,37.385000228881836,35.78999900817871,34.16249990463257,33.429999351501465,35.7400016784668
2017-10-13,37.650001525878906,38.810001373291016,37.59000015258789,38.68999862670898,170000,0,0,0.0309086033877517,1.2228191963672137,36.70900001525879,38.70823838712892,34.70976164338865,37.720001220703125,36.125,34.16249990463257,33.429999351501465,36.25
2017-10-16,37.27999877929688,37.43000030517578,36.369998931884766,37.27999877929688,327500,0,0,-0.03644352280846885,1.1782553570937715,36.824499893188474,38.66772701055733,34.98127277581962,37.59000015258789,36.40999984741211,34.78250026702881,33.429999351501465,37.459999084472656
2017-10-17,36.9900016784668,37.02999877929688,36.20000076293945,36.380001068115234,175100,0,0,-0.024141570296441484,1.1498104225633334,36.855500030517575,38.645593540525816,35.065406520509335,37.505001068115234,36.40999984741211,34.09000110626221,33.429999351501465,37.220001220703125
2017-10-18,36.58000183105469,36.77000045776367,36.2400016784668,36.56999969482422,139900,0,0,0.005222611905734809,1.1558154361655506,36.888999938964844,38.63020147569072,35.14779840223897,37.505001068115234,36.470001220703125,34.11000061035156,33.429999351501465,36.27999877929688
2017-10-19,36.47999954223633,37.31999969482422,36.09999847412109,37.18999862670898,221400,0,0,0.016953758191376345,1.1754108515841615,36.978499794006346,38.58144457409084,35.375555013921854,37.454999923706055,36.470001220703125,34.11000061035156,33.429999351501465,36.52000045776367
2017-10-20,37.619998931884766,37.90999984741211,37.0,37.2400016784668,150500,0,0,0.0013445295403131663,1.176991226196121,37.067999839782715,38.50969654691122,35.62630313265421,37.454999923706055,36.505001068115234,34.11000061035156,33.429999351501465,37.290000915527344
2017-10-23,37.36000061035156,37.36000061035156,35.880001068115234,35.88999938964844,143500,0,0,-0.036251402469698824,1.1343236435519812,37.099999809265135,38.398715602120475,35.801284016409795,37.345001220703125,36.560001373291016,34.11000061035156,33.429999351501465,37.869998931884766
2017-10-24,36.02999877929688,36.220001220703125,35.75,35.88999938964844,129000,0,0,0.0,1.1343236435519812,37.09699974060059,38.406677942726844,35.78732153847433,37.28000068664551,36.76500129699707,34.072500228881836,33.429999351501465,38.56999969482422
2017-10-25,35.880001068115234,36.2400016784668,35.43000030517578,36.119998931884766,199500,0,0,0.0064084576803493665,1.1415929086175038,37.08299961090088,38.428077849702476,35.73792137209928,37.1200008392334,36.80500030517578,34.30500030517578,33.59999942779541,38.45000076293945
2017-10-26,36.27000045776367,36.52000045776367,36.08000183105469,36.41999816894531,116100,0,0,0.008305626963784896,1.151074553460983,37.060499572753905,38.434141342564736,35.686857802943074,36.670000076293945,36.80500030517578,34.44000053405762,33.59999942779541,40.72999954223633
2017-10-27,36.43000030517578,37.34000015258789,36.119998931884766,37.33000183105469,99800,0,0,0.024986373087885427,1.1798357317057302,37.06749973297119,38.44517464261668,35.68982482332571,36.670000076293945,36.80500030517578,34.58250045776367,33.59999942779541,39.93999862670898
2017-10-30,37.09999847412109,37.2400016784668,36.06999969482422,36.08000183105469,110200,0,0,-0.03348513095866312,1.1403287777198536,36.99799976348877,38.42728803052211,35.568711496455435,36.670000076293945,36.80500030517578,34.58250045776367,33.59999942779541,39.95000076293945
2017-10-31,36.43999862670898,37.08000183105469,36.060001373291016,36.90999984741211,187200,0,0,0.02300437844332448,1.1665613324723347,36.97299976348877,38.38989173895933,35.55610778801822,36.670000076293945,36.970001220703125,34.61500072479248,33.59999942779541,39.380001068115234
2017-11-01,37.25,37.560001373291016,36.209999084472656,36.650001525878906,159500,0,0,-0.00704411602839472,1.1583439390921608,36.908999824523924,38.260642639233396,35.55735700981445,36.670000076293945,37.1200008392334,34.87750053405762,33.59999942779541,39.16999816894531
2017-11-02,36.650001525878906,36.81999969482422,35.70000076293945,36.220001220703125,125000,0,0,-0.011732613568164685,1.144753537275767,36.833499908447266,38.161501052150584,35.50549876474395,36.4950008392334,37.1200008392334,35.312500953674316,33.59999942779541,37.970001220703125
2017-11-03,36.22999954223633,37.119998931884766,34.779998779296875,35.970001220703125,139600,0,0,-0.006902263709949841,1.1368521464785917,36.78349990844727,38.1620748178058,35.404924999088735,36.170000076293945,36.795000076293945,35.39750099182129,33.9449987411499,37.68999862670898
2017-11-06,35.849998474121094,36.31999969482422,35.380001068115234,35.400001525878906,129500,0,0,-0.01584652976036449,1.1188369851062845,36.706999969482425,38.21015280367115,35.2038471352937,36.170000076293945,36.795000076293945,35.71000099182129,33.9449987411499,37.540000915527344
2017-11-07,35.119998931884766,35.540000915527344,34.310001373291016,34.709999084472656,232500,0,0,-0.019491593549842867,1.0970290693440612,36.59099998474121,38.32024702070368,34.86175294877874,35.935001373291016,36.560001373291016,35.8100004196167,33.9449987411499,36.41999816894531
2017-11-08,34.650001525878906,35.220001220703125,34.40999984741211,34.68000030517578,145000,0,0,-0.0008642690892577409,1.09608094102941,36.45750007629395,38.33902304188488,34.575977110703015,35.935001373291016,36.560001373291016,35.8100004196167,33.9449987411499,37.400001525878906
2017-11-09,34.470001220703125,34.689998626708984,33.75,34.31999969482422,172600,0,0,-0.010380640345549086,1.0847029189909725,36.297000122070315,38.3285452577041,34.26545498643653,35.65500068664551,36.28000068664551,36.02500057220459,33.9449987411499,37.86000061035156
2017-11-10,34.459999084472656,34.83000183105469,34.279998779296875,34.470001220703125,80700,0,0,0.004370673869834807,1.08944380169554,36.08600025177002,37.9472389097513,34.224761593788735,35.65500068664551,36.28000068664551,36.1299991607666,33.9449987411499,37.209999084472656
2017-11-13,34.459999084472656,34.779998779296875,34.2400016784668,34.650001525878906,129700,0,0,0.005221940783328716,1.0951328127147586,35.954500389099124,37.831457701613786,34.07754307658446,35.65500068664551,36.28000068664551,36.21249961853027,33.9449987411499,37.0
2017-11-14,34.349998474121094,34.91999816894531,34.18000030517578,34.650001525878906,91400,0,0,0.0,1.0951328127147586,35.8680004119873,37.81740413509683,33.91859668887778,35.43499946594238,36.28000068664551,36.3149995803833,33.9449987411499,37.7599983215332
2017-11-15,34.349998474121094,34.650001525878906,33.93000030517578,34.189998626708984,147300,0,0,-0.013275696361120248,1.080594162018058,35.74900035858154,37.801455966177095,33.696544750985986,35.43499946594238,36.28000068664551,36.41249942779541,33.9449987411499,37.68999862670898
2017-11-16,34.25,35.45000076293945,34.119998931884766,35.369998931884766,234900,0,0,0.03451302581375293,1.117888736225978,35.65800037384033,37.6043530492996,33.711647698381064,35.03499984741211,36.28000068664551,36.51499938964844,33.9449987411499,37.810001373291016
2017-11-17,35.099998474121094,35.849998474121094,35.08000183105469,35.7400016784668,96500,0,0,0.010460920490684256,1.1295828814130695,35.583000373840335,37.38879014671451,33.77721060096616,34.79999923706055,36.28000068664551,36.58749961853027,33.9449987411499,37.93000030517578
2017-11-20,35.75,36.27000045776367,35.40999984741211,36.25,320900,0,0,0.014269678164018584,1.1457016655904189,35.60100040435791,37.42595581476844,33.77604499394738,35.010000228881836,35.829999923706055,36.92250061035156,34.265000343322754,38.02000045776367
2017-11-21,35.9900016784668,37.61000061035156,35.790000915527344,37.459999084472656,180500,0,0,0.033379285088900756,1.18394436811299,35.67950038909912,37.67634746332316,33.682653314875076,35.68000030517578,35.829999923706055,37.0,35.505001068115234,37.709999084472656
2017-11-22,37.43999862670898,37.59000015258789,36.97999954223633,37.220001220703125,90900,0,0,-0.0064067770858278195,1.1763591004644687,35.73450050354004,37.83587090960726,33.63313009747282,35.77000045776367,35.829999923706055,36.95750045776367,35.505001068115234,37.43000030517578
2017-11-24,37.369998931884766,37.619998931884766,35.560001373291016,36.27999877929688,130600,0,0,-0.025255303884390456,1.1466497939050704,35.72750053405762,37.820516150924476,33.63448491719076,35.77499961853027,35.829999923706055,36.98750114440918,35.505001068115234,37.22999954223633
2017-11-27,36.41999816894531,37.08000183105469,36.22999954223633,36.52000045776367,419700,0,0,0.00661526148131375,1.154235182119247,35.68700046539307,37.68245610004722,33.69154483073892,35.77499961853027,35.829999923706055,36.96250057220459,35.505001068115234,36.83000183105469
2017-11-28,36.70000076293945,38.04999923706055,36.2599983215332,37.290000915527344,370100,0,0,0.021084349619715947,1.1785714802424256,35.7475004196167,37.858273248669285,33.636727590564114,35.989999771118164,35.89999961853027,36.980000495910645,35.505001068115234,35.72999954223633
2017-11-29,37.27000045776367,37.90999984741211,33.709999084472656,37.869998931884766,460400,0,0,0.015553714189261658,1.1969026441977313,35.79550037384033,38.05019963959106,33.54080110808961,35.8799991607666,35.8799991607666,36.95250129699707,35.505001068115234,36.27000045776367
2017-11-30,38.18000030517578,38.61000061035156,37.66999816894531,38.56999969482422,225200,0,0,0.01848430902251974,1.219026562542953,35.891500282287595,38.43220720721424,33.35079335736095,36.15999984741211,36.15999984741211,37.02250099182129,35.505001068115234,36.150001525878906
2017-12-01,38.540000915527344,39.18999862670898,37.95000076293945,38.45000076293945,281300,0,0,-0.003111198673430904,1.2152339287186924,36.003000259399414,38.779079603262936,33.22692091553589,36.44999885559082,36.44999885559082,36.96250057220459,35.505001068115234,35.380001068115234
2017-12-04,38.93000030517578,40.84000015258789,36.790000915527344,40.72999954223633,280800,0,0,0.05929775641238688,1.2872945742079214,36.241000175476074,39.70440417874853,32.777596172203616,37.27499961853027,37.27499961853027,36.73750019073486,35.505001068115234,35.970001220703125
2017-12-05,40.77999877929688,41.34000015258789,39.31999969482422,39.93999862670898,342400,0,0,-0.01939604528372585,1.26232615035309,36.46800003051758,40.26408569768992,32.67191436334524,37.52499961853027,37.52499961853027,36.73750019073486,35.505001068115234,35.63999938964844
2017-12-06,39.970001220703125,40.40999984741211,39.68999862670898,39.95000076293945,173200,0,0,0.00025042905794658843,1.2626422735017444,36.73000011444092,40.72489884514527,32.73510138373657,37.52499961853027,37.52499961853027,36.73750019073486,35.505001068115234,35.560001373291016
2017-12-07,39.86000061035156,40.369998931884766,39.119998931884766,39.380001068115234,229600,0,0,-0.014267826882070844,1.2446271121294372,36.96500015258789,41.003078039189816,32.926922265985965,37.52499961853027,37.52499961853027,36.820000648498535,35.510000228881836,36.59000015258789
2017-12-08,39.4900016784668,39.880001068115234,39.06999969482422,39.16999816894531,156000,0,0,-0.005332729646367551,1.2379898522299118,37.20750007629395,41.161839272414326,33.25316088017357,37.52499961853027,37.52499961853027,36.89500045776367,35.89500045776367,36.16999816894531
2017-12-11,39.02000045776367,39.09999847412109,37.90999984741211,37.970001220703125,196600,0,0,-0.030635614101038322,1.2000632728559948,37.382500076293944,41.139536715483494,33.62546343710439,37.52499961853027,37.52499961853027,36.8075008392334,35.96000099182129,36.70000076293945
2017-12-12,38.13999938964844,38.310001373291016,37.43000030517578,37.68999862670898,321000,0,0,-0.007374310903142001,1.1912136331785126,37.534499931335446,41.07446566505411,33.99453419761678,39.06500053405762,37.52499961853027,36.482500076293945,36.005001068115234,36.81999969482422
2017-12-13,37.83000183105469,38.08000183105469,37.47999954223633,37.540000915527344,434300,0,0,-0.003979774917671097,1.1864728710396009,37.67899990081787,40.959951722886146,34.398048078749596,39.06500053405762,37.52499961853027,36.482500076293945,36.08500099182129,39.52999877929688
2017-12-14,37.41999816894531,37.459999084472656,36.40999984741211,36.41999816894531,181200,0,0,-0.02983491527084048,1.1510745534609834,37.79049987792969,40.7185675559126,34.86243219994678,38.875,37.52499961853027,36.247501373291016,36.08500099182129,38.869998931884766
2017-12-15,36.45000076293945,37.52999877929688,36.33000183105469,37.400001525878906,444500,0,0,0.02690838567282583,1.1820481114836874,37.89200000762939,40.608276695430185,35.1757233198286,38.83500099182129,37.52499961853027,36.247501373291016,36.08500099182129,39.880001068115234
2017-12-18,37.630001068115234,38.27000045776367,37.56999969482422,37.86000061035156,125500,0,0,0.012299440259497363,1.1965866416147326,37.99799995422363,40.527144291708936,35.468855616738324,38.3700008392334,37.52499961853027,35.96750068664551,36.08500099182129,39.619998931884766
2017-12-19,37.93999862670898,38.130001068115234,37.130001068115234,37.209999084472656,117600,0,0,-0.017168555610143965,1.1760429773158148,38.045999908447264,40.47396451097107,35.618035305923456,38.35000038146973,37.52499961853027,35.96750068664551,36.125,38.90999984741211
2017-12-20,37.31999969482422,37.36000061035156,36.93999862670898,37.0,106000,0,0,-0.0056436197161930934,1.1694058379819448,38.022999954223636,40.48158906237024,35.56441084607703,38.10500144958496,37.52499961853027,35.96750068664551,36.125,38.09999847412109
2017-12-21,37.130001068115234,37.970001220703125,37.130001068115234,37.7599983215332,153300,0,0,0.02054049517657308,1.1934260129564693,38.04999980926514,40.484198804433575,35.6158008140967,37.71500015258789,37.52499961853027,35.857500076293945,36.125,37.720001220703125
2017-12-22,37.84999847412109,37.84999847412109,37.36000061035156,37.68999862670898,116400,0,0,-0.0018538055597399072,1.1912136331785124,38.120499801635745,40.42223608028141,35.81876352299008,37.32000160217285,37.52499961853027,35.857500076293945,36.125,37.540000915527344
2017-12-26,37.77000045776367,37.959999084472656,37.36000061035156,37.810001373291016,150700,0,0,0.003183941389082401,1.1950063875684287,38.18499984741211,40.37194553857145,35.99805415625276,37.30000114440918,37.52499961853027,35.65750026702881,36.125,36.70000076293945
2017-12-27,37.86000061035156,38.04999923706055,37.66999816894531,37.93000030517578,111400,0,0,0.0031737351897991317,1.1987990213926893,38.21699981689453,40.36869206029132,36.06530757349773,37.30000114440918,37.52499961853027,35.53999996185303,36.125,35.04999923706055
2017-12-28,37.91999816894531,38.02999877929688,37.47999954223633,38.02000045776367,130800,0,0,0.0023727959890262884,1.2016435269022985,38.22449989318848,40.37230184081263,36.07669794556433,37.30000114440918,37.52499961853027,35.420000076293945,36.125,35.22999954223633
2017-12-29,38.04999923706055,38.290000915527344,37.70000076293945,37.709999084472656,105600,0,0,-0.00815363938870528,1.1918457589101652,38.1814998626709,40.33439620084964,36.028603524492155,37.614999771118164,37.52499961853027,35.75500011444092,36.28000068664551,35.0099983215332
2018-01-02,37.810001373291016,38.02999877929688,37.119998931884766,37.43000030517578,288400,0,0,-0.007425053993495467,1.1829962397983387,38.130499839782715,40.303989009520265,35.957010670045165,37.614999771118164,37.52499961853027,35.80000019073486,36.28000068664551,37.95000076293945
2018-01-03,37.43999862670898,38.18999862670898,37.13999938964844,37.22999954223633,249800,0,0,-0.005343327846882184,1.1766751030474674,37.95549983978272,39.798837799625375,36.11216187994006,37.614999771118164,37.52499961853027,35.802499771118164,36.28000068664551,36.84000015258789
2018-01-04,37.40999984741211,37.720001220703125,36.77999877929688,36.83000183105469,92500,0,0,-0.010743962291158593,1.1640329501113802,37.8,39.46131517341253,36.138684826587465,37.53499984741211,37.52499961853027,35.802499771118164,36.28000068664551,37.13999938964844
2018-01-05,37.02000045776367,37.02000045776367,35.45000076293945,35.72999954223633,175400,0,0,-0.029867016946245384,1.1292667582644156,37.58899993896485,39.17382642904146,36.00417344888823,36.8700008392334,37.52499961853027,35.94499969482422,36.28000068664551,36.93999862670898
2018-01-08,35.59000015258789,36.630001068115234,35.33000183105469,36.27000045776367,157100,0,0,0.01511337594306461,1.1463337913220715,37.43349990844727,38.88852432684841,35.97847549004612,36.810001373291016,38.33500099182129,35.8799991607666,36.260000228881836,37.5
2018-01-09,36.290000915527344,36.400001525878906,35.880001068115234,36.150001525878906,171400,0,0,-0.0033084899467951123,1.1425411574978108,37.28250007629394,38.60472807099427,35.960272081593615,36.810001373291016,38.33500099182129,36.15999984741211,36.260000228881836,37.41999816894531
2018-01-10,35.959999084472656,35.959999084472656,35.130001068115234,35.380001068115234,209200,0,0,-0.021300150076410063,1.118204859374632,37.153000068664554,38.67508100134326,35.63091913598585,36.71000099182129,38.23500061035156,36.44999885559082,36.44999885559082,37.36000061035156
2018-01-11,35.43000030517578,35.97999954223633,35.33000183105469,35.970001220703125,298300,0,0,0.016676091994796582,1.1368521464785921,37.067000198364255,38.651764887173606,35.482235509554904,36.71000099182129,38.23500061035156,37.27499961853027,37.27499961853027,37.540000915527344
2018-01-12,35.880001068115234,36.36000061035156,35.5,35.63999938964844,132900,0,0,-0.00917436252030901,1.126422252754806,36.97200012207031,38.65766700190589,35.28633324223473,36.65999984741211,37.77000045776367,37.52499961853027,37.52499961853027,37.63999938964844
2018-01-16,35.849998474121094,36.33000183105469,35.439998626708984,35.560001373291016,184100,0,0,-0.0022446132920153072,1.1238938703938508,36.929000282287596,38.71099379433807,35.14700677023712,36.65999984741211,37.75,37.52499961853027,37.52499961853027,37.470001220703125
2018-01-17,35.79999923706055,36.90999984741211,35.38999938964844,36.59000015258789,208000,0,0,0.028965093912243223,1.1564475618972032,36.88850021362305,38.6625491732661,35.11445125397999,36.42500114440918,37.505001068115234,37.52499961853027,37.52499961853027,37.880001068115234
2018-01-18,36.58000183105469,36.7400016784668,36.13999938964844,36.16999816894531,81000,0,0,-0.011478600215662271,1.143173162663808,36.80400009155274,38.54524282160299,35.062757361502484,36.07500076293945,37.114999771118164,37.52499961853027,37.52499961853027,37.72999954223633
2018-01-19,36.16999816894531,37.0099983215332,35.970001220703125,36.70000076293945,112700,0,0,0.014653099829271987,1.1599241931384654,36.778500175476076,38.51001849837168,35.04698185258047,36.06999969482422,36.720001220703125,37.52499961853027,37.52499961853027,37.18000030517578
2018-01-22,36.52999877929688,37.11000061035156,36.34999847412109,36.81999969482422,161600,0,0,0.003269725596462214,1.163716826962726,36.769500160217284,38.49815759083568,35.040842729598886,36.1200008392334,36.71000099182129,38.295000076293945,37.52499961853027,36.2400016784668
2018-01-23,37.36000061035156,39.59000015258789,36.9900016784668,39.52999877929688,281200,0,0,0.0736012793844103,1.2493678742683492,36.85800018310547,38.931396968057264,34.78460339815367,37.36000061035156,37.36000061035156,38.295000076293945,37.52499961853027,35.599998474121094
2018-01-24,39.630001068115234,39.68000030517578,38.45000076293945,38.869998931884766,241300,0,0,-0.016696176771899607,1.2285082073864324,36.917000198364256,39.14487564227234,34.689124754456174,37.505001068115234,37.40500068664551,38.19999980926514,37.52499961853027,37.40999984741211
2018-01-25,39.09000015258789,39.93000030517578,38.54999923706055,39.880001068115234,371200,0,0,0.02598410506777693,1.2604298937237877,37.02050018310547,39.57666366460984,34.4643367016011,37.65999984741211,37.53000068664551,38.18000030517578,37.52499961853027,37.84999847412109
2018-01-26,39.83000183105469,40.15999984741211,39.2599983215332,39.619998931884766,130300,0,0,-0.006519612067872882,1.2522123797779583,37.10500011444092,39.88063027746557,34.32936995141627,37.77499961853027,37.64500045776367,37.947500228881836,37.52499961853027,38.18000030517578
2018-01-29,39.41999816894531,39.52999877929688,38.790000915527344,38.90999984741211,152700,0,0,-0.017920219677271976,1.2297724588497378,37.14950008392334,40.01054448321668,34.28845568463001,37.77499961853027,37.64500045776367,37.9375,37.52499961853027,38.66999816894531
2018-01-30,38.4900016784668,39.08000183105469,37.97999954223633,38.09999847412109,292300,0,0,-0.020817306000192493,1.2041719092632537,37.16900005340576,40.050524866993825,34.287475239817695,38.06500053405762,37.64500045776367,37.81500053405762,37.52499961853027,38.09000015258789
2018-01-31,38.29999923706055,38.4900016784668,37.709999084472656,37.720001220703125,128700,0,0,-0.009973681591511574,1.1921618820588193,37.183500099182126,40.073127557869206,34.293872640495046,38.06500053405762,37.64500045776367,37.61999988555908,37.52499961853027,37.959999084472656
2018-02-01,37.619998931884766,38.0,37.2400016784668,37.540000915527344,304400,0,0,-0.004772012177904905,1.1864728710396006,37.19900016784668,40.092827215214044,34.30517312047931,38.2549991607666,37.64500045776367,37.42250061035156,37.52499961853027,38.59000015258789
2018-02-02,37.16999816894531,37.40999984741211,36.56999969482422,36.70000076293945,273900,0,0,-0.02237613564469698,1.1599241931384654,37.19250011444092,40.0902370444379,34.29476318444394,38.364999771118164,37.64500045776367,37.41250038146973,37.52499961853027,38.59999847412109
2018-02-05,36.33000183105469,37.52999877929688,34.91999816894531,35.04999923706055,236200,0,0,-0.044959168707841446,1.1077749656508462,37.15850009918213,40.13975023765973,34.17724996070452,37.53999900817871,37.53999900817871,37.41250038146973,37.52499961853027,38.54999923706055
2018-02-06,34.119998931884766,35.630001068115234,32.56999969482422,35.22999954223633,202100,0,0,0.005135529503391689,1.113463976670065,37.10650005340576,40.18371778743335,34.02928231937817,36.364999771118164,36.364999771118164,37.41250038146973,37.52499961853027,38.63999938964844
2018-02-07,35.15999984741211,35.290000915527344,34.16999816894531,35.0099983215332,176100,0,0,-0.006244712562070043,1.106510714187541,37.049499893188475,40.236949808487296,33.862049977889654,36.364999771118164,36.364999771118164,37.56999969482422,37.52499961853027,39.540000915527344
2018-02-08,36.13999938964844,39.97999954223633,36.13999938964844,37.95000076293945,686300,0,0,0.08397608061574724,1.199431147124342,37.177999877929686,40.291434139810356,34.064565616049016,36.27499961853027,36.364999771118164,37.56999969482422,37.52499961853027,39.630001068115234
2018-02-09,38.27999877929688,38.41999816894531,35.810001373291016,36.84000015258789,410300,0,0,-0.029249027352735824,1.1643489526943789,37.221499824523924,40.28970333695676,34.153296312091086,36.27499961853027,36.364999771118164,37.56999969482422,37.52499961853027,39.4900016784668
2018-02-12,36.77000045776367,37.83000183105469,35.9900016784668,37.13999938964844,210900,0,0,0.008143301732301156,1.173830597537858,37.29649982452393,40.277567514468046,34.31543213457981,36.27499961853027,36.364999771118164,37.52999973297119,37.52499961853027,39.130001068115234
2018-02-13,37.02999877929688,37.400001525878906,36.34000015258789,36.93999862670898,247300,0,0,-0.005385050248417733,1.1675094607869865,37.36549968719483,40.24361043606944,34.487388938320215,36.27499961853027,36.364999771118164,37.197500228881836,37.52499961853027,38.619998931884766
2018-02-14,36.65999984741211,37.7599983215332,36.560001373291016,37.5,215900,0,0,0.015159756202213881,1.1852086195762954,37.41099967956543,40.26708281062113,34.55491654850972,36.27499961853027,36.364999771118164,37.57250118255615,37.52499961853027,38.58000183105469
2018-02-15,37.63999938964844,38.02000045776367,36.84999847412109,37.41999816894531,147700,0,0,-0.002133382161458308,1.1826801166496848,37.47349967956543,40.27172094419355,34.67527841493731,36.27499961853027,36.364999771118164,37.57250118255615,37.52499961853027,38.84000015258789
2018-02-16,37.16999816894531,37.75,36.93000030517578,37.36000061035156,250700,0,0,-0.0016033554657824967,1.1807838600203822,37.506499671936034,40.282697268573784,34.73030207529828,36.27499961853027,36.364999771118164,37.472500801086426,37.52499961853027,38.47999954223633
2018-02-20,36.970001220703125,37.810001373291016,36.93000030517578,37.540000915527344,179700,0,0,0.004817995241839235,1.1864728710396009,37.542499732971194,40.300573507710034,34.784425958232355,37.07499885559082,36.364999771118164,37.472500801086426,37.52499961853027,38.16999816894531
2018-02-21,37.56999969482422,38.52999877929688,37.41999816894531,37.63999938964844,180000,0,0,0.0026637845413512995,1.189633379132209,37.44799976348877,40.05071022044314,34.84528930653439,37.89500045776367,36.364999771118164,37.21500015258789,37.52499961853027,39.61000061035156
2018-02-22,37.869998931884766,38.380001068115234,37.33000183105469,37.470001220703125,247300,0,0,-0.004516423265194414,1.1842604912616443,37.37799987792969,39.89703569948242,34.858964056376955,37.170000076293945,36.364999771118164,37.204999923706055,37.52499961853027,38.5
2018-02-23,37.75,38.02999877929688,36.81999969482422,37.880001068115234,167700,0,0,0.0109420825741946,1.1972187673463854,37.27799987792969,39.5341798918165,35.021819864042875,37.260000228881836,36.364999771118164,36.96500110626221,37.52499961853027,38.93999862670898
2018-02-26,37.869998931884766,37.97999954223633,37.22999954223633,37.72999954223633,117200,0,0,-0.003959913454310016,1.192477884641818,37.18349990844727,39.18013287319883,35.186866943695705,37.43499946594238,36.364999771118164,36.59500026702881,37.52499961853027,39.09000015258789
2018-02-27,37.720001220703125,37.84000015258789,37.02000045776367,37.18000030517578,236000,0,0,-0.014577239431048938,1.1750948490011635,37.096999931335446,38.928284248131405,35.26571561453949,37.545000076293945,36.364999771118164,36.39500045776367,37.52499961853027,39.5099983215332
2018-02-28,37.27999877929688,37.540000915527344,36.16999816894531,36.2400016784668,299100,0,0,-0.02528237275399181,1.1453856630074204,37.00400009155273,38.81057725469284,35.19742292841263,37.349998474121094,36.364999771118164,36.415000915527344,37.52499961853027,39.040000915527344
2018-03-01,36.20000076293945,36.20000076293945,35.41999816894531,35.599998474121094,243000,0,0,-0.01766013175231118,1.125158001291501,36.897999954223636,38.77235076989951,35.02364913854776,36.974998474121094,36.364999771118164,37.36000061035156,37.52499961853027,39.060001373291016
2018-03-02,35.34000015258789,37.72999954223633,35.20000076293945,37.40999984741211,271900,0,0,0.05084273738401346,1.1823641140666863,36.89149990081787,38.75769586876711,35.02530393286863,36.864999771118164,36.364999771118164,37.45500087738037,37.52499961853027,39.25
2018-03-05,37.20000076293945,38.060001373291016,36.93000030517578,37.84999847412109,180100,0,0,0.011761524418702152,1.1962705184660787,36.94899978637695,38.85888418185822,35.03911539089568,36.864999771118164,36.364999771118164,37.59500026702881,37.52499961853027,38.70000076293945
2018-03-06,37.86000061035156,38.27999877929688,37.25,38.18000030517578,268500,0,0,0.008718674883971822,1.2067004121898648,37.105499839782716,38.873513083804546,35.337486595760886,36.790000915527344,36.27499961853027,37.71000003814697,37.52499961853027,38.27999877929688
2018-03-07,37.90999984741211,39.060001373291016,37.63999938964844,38.66999816894531,297000,0,0,0.01283388841940658,1.2221870706355615,37.277499771118165,38.947807464185054,35.60719207805128,37.130001068115234,36.27499961853027,37.71000003814697,37.52499961853027,38.36000061035156
2018-03-08,38.77999877929688,39.040000915527344,37.970001220703125,38.09000015258789,183700,0,0,-0.014998656421535639,1.2038559066802557,37.4314998626709,38.76863562733055,36.09436409801124,37.130001068115234,36.27499961853027,37.855000495910645,37.52499961853027,39.040000915527344
2018-03-09,38.29999923706055,38.29999923706055,37.63999938964844,37.959999084472656,122900,0,0,-0.0034129973114847,1.1997471497073409,37.43199977874756,38.76992638781158,36.09407316968354,37.130001068115234,36.27499961853027,37.855000495910645,37.52499961853027,39.68999862670898
2018-03-12,38.02999877929688,38.7599983215332,37.970001220703125,38.59000015258789,190400,0,0,0.016596445819539785,1.219658688274606,37.51949977874756,38.919269862125866,36.11972969536925,37.130001068115234,36.27499961853027,37.94999980926514,37.52499961853027,39.310001373291016
2018-03-13,38.65999984741211,38.970001220703125,38.43000030517578,38.59999847412109,188600,0,0,0.00025909099491228105,1.2199746908576046,37.59249973297119,39.056992535355235,36.12800693058715,37.130001068115234,36.27499961853027,38.00500011444092,37.52499961853027,38.7400016784668
2018-03-14,38.79999923706055,39.20000076293945,37.18999862670898,38.54999923706055,197300,0,0,-0.001295317073498392,1.2183944368113009,37.67299976348877,39.16223414355573,36.18376538342181,37.20000076293945,36.27499961853027,37.53999900817871,37.52499961853027,37.79999923706055
2018-03-15,38.630001068115234,38.79999923706055,37.77999877929688,38.63999938964844,251300,0,0,0.002334634354580478,1.2212389423209102,37.729999732971194,39.275216376423856,36.18478308951853,38.06500053405762,37.07499885559082,36.364999771118164,36.954999923706055,37.2400016784668
2018-03-16,38.65999984741211,39.68999862670898,38.43999862670898,39.540000915527344,496500,0,0,0.02329196532337452,1.2496839974170035,37.83599987030029,39.56377923548078,36.1082205051198,38.43999862670898,37.59000015258789,36.364999771118164,36.954999923706055,37.02999877929688
2018-03-19,39.4900016784668,39.650001525878906,38.2400016784668,39.630001068115234,171400,0,0,0.002276179830652092,1.2525285029266129,37.949499893188474,39.83047092351651,36.06852886286044,38.43999862670898,37.44499969482422,36.31999969482422,36.954999923706055,36.880001068115234
2018-03-20,39.59999847412109,39.77999877929688,39.060001373291016,39.4900016784668,186000,0,0,-0.003532661768234857,1.2481037433706996,38.04699993133545,40.03333594755474,36.06066391511616,38.48499870300293,37.489999771118164,36.31999969482422,36.954999923706055,36.09999847412109
2018-03-21,39.5,39.7400016784668,38.900001525878906,39.130001068115234,160700,0,0,-0.009116247025835467,1.2367257213322624,38.12150001525879,40.15293803065665,36.09006199986093,38.48499870300293,37.489999771118164,36.31999969482422,36.954999923706055,35.79999923706055
2018-03-22,38.91999816894531,39.220001220703125,38.34000015258789,38.619998931884766,202400,0,0,-0.013033532387149327,1.2206068165892578,38.17899990081787,40.198355131075445,36.1596446705603,38.48499870300293,37.489999771118164,36.31999969482422,36.954999923706055,35.5
2018-03-23,38.650001525878906,39.060001373291016,38.52999877929688,38.58000183105469,283300,0,0,-0.0010356577404526668,1.2193426856916079,38.21399993896485,40.23570186447793,36.19229801345176,38.48499870300293,37.489999771118164,36.31999969482422,36.954999923706055,35.4900016784668
2018-03-26,38.970001220703125,38.970001220703125,37.2400016784668,38.84000015258789,480900,0,0,0.006739199305167531,1.2275600790717818,38.269499969482425,40.295997406112996,36.243002532851854,38.48499870300293,37.489999771118164,36.31999969482422,36.954999923706055,34.5099983215332
2018-03-27,38.84000015258789,38.97999954223633,38.27999877929688,38.47999954223633,187100,0,0,-0.00926881073473873,1.2161820570333446,38.33449993133545,40.29882298779724,36.370176874873664,38.510000228881836,37.489999771118164,36.31999969482422,36.954999923706055,34.119998931884766
2018-03-28,38.5099983215332,38.7400016784668,37.88999938964844,38.16999816894531,252800,0,0,-0.008056168840406386,1.2063842890412113,38.430999755859375,40.14546474673715,36.7165347649816,38.510000228881836,37.489999771118164,36.71999931335449,36.954999923706055,34.33000183105469
2018-03-29,38.380001068115234,39.900001525878906,37.84999847412109,39.61000061035156,206800,0,0,0.037726028569155634,1.2518963771949605,38.6314998626709,39.8304241354272,37.4325755899146,38.57000160217285,37.55000114440918,37.13000011444092,36.489999771118164,34.189998626708984
2018-04-02,39.59000015258789,39.59999847412109,38.2400016784668,38.5,119400,0,0,-0.028023241435181312,1.2168141827649972,38.68599987030029,39.7477085675484,37.624291173052185,38.57000160217285,37.55000114440918,36.767499923706055,36.46999931335449,36.83000183105469
2018-04-03,38.68000030517578,38.970001220703125,38.22999954223633,38.93999862670898,157100,0,0,0.011428535758674752,1.2307205871643896,38.740499877929686,39.73395281125056,37.74704694460881,38.57000160217285,37.55000114440918,36.8125,36.364999771118164,36.18000030517578
2018-04-04,38.59000015258789,39.25,38.54999923706055,39.09000015258789,160200,0,0,0.003852119444504254,1.2354614698689572,38.785999870300294,39.75540938809249,37.8165903525081,38.57000160217285,37.55000114440918,36.89999961853027,36.364999771118164,36.459999084472656
2018-04-05,39.2599983215332,39.66999816894531,39.2400016784668,39.5099983215332,130500,0,0,0.010744389033150448,1.2487357485366972,38.827999877929685,39.84578337196105,37.81021638389832,38.57000160217285,37.55000114440918,36.954999923706055,36.364999771118164,37.68999862670898
2018-04-06,39.22999954223633,39.97999954223633,38.77999877929688,39.040000915527344,157600,0,0,-0.011895657453108721,1.2338812158226533,38.87549991607666,39.83764622355104,37.913353608602286,38.61000061035156,37.59000015258789,36.85749912261963,36.364999771118164,37.5099983215332
2018-04-09,39.27999877929688,39.540000915527344,38.84000015258789,39.060001373291016,137000,0,0,0.000512306795456885,1.234513341554306,38.93050003051758,39.79705196086376,38.063948100171395,38.91499900817871,37.59000015258789,36.66999912261963,36.364999771118164,37.709999084472656
2018-04-10,39.290000915527344,39.470001220703125,38.93000030517578,39.25,115800,0,0,0.004864275986403488,1.2405183551565233,38.963500022888184,39.82588406149625,38.10111598428012,38.91499900817871,38.454999923706055,36.614999771118164,36.364999771118164,37.66999816894531
2018-04-11,39.150001525878906,39.2599983215332,38.459999084472656,38.70000076293945,148600,0,0,-0.014012719415555375,1.2231353195158687,38.9685001373291,39.82344314371586,38.11355713094234,38.91499900817871,38.584999084472656,36.614999771118164,36.364999771118164,38.09999847412109
2018-04-12,38.90999984741211,38.97999954223633,38.27000045776367,38.27999877929688,237800,0,0,-0.010852764221255029,1.2098609202824735,38.95500011444092,39.84417006364657,38.06583016523527,39.10499954223633,38.584999084472656,36.53250026702881,36.364999771118164,38.54999923706055
2018-04-13,38.47999954223633,38.47999954223633,37.93000030517578,38.36000061035156,127200,0,0,0.002089912058668819,1.212389423209084,38.94100017547608,39.85825057149483,38.023749779457326,38.954999923706055,38.584999084472656,36.702500343322754,36.364999771118164,38.18000030517578
2018-04-16,38.4900016784668,39.25,38.29999923706055,39.040000915527344,113200,0,0,0.0177268064222158,1.2338812158226533,38.91600017547607,39.79250268239156,38.039497668560585,38.954999923706055,38.584999084472656,36.702500343322754,36.364999771118164,37.75
2018-04-17,39.11000061035156,39.810001373291016,39.04999923706055,39.68999862670898,170500,0,0,0.016649531145966456,1.2544247595559155,38.91900005340576,39.805719280230264,38.03228082658126,38.954999923706055,38.584999084472656,36.702500343322754,36.364999771118164,37.91999816894531
2018-04-18,39.86000061035156,39.86000061035156,39.09000015258789,39.310001373291016,194900,0,0,-0.00957413118080197,1.2424147323514811,38.910000038146975,39.776563448037784,38.04343662825617,38.954999923706055,38.584999084472656,36.702500343322754,36.364999771118164,38.27000045776367
2018-04-19,39.220001220703125,39.220001220703125,38.15999984741211,38.7400016784668,124900,0,0,-0.014500118924226313,1.224399570979174,38.89050006866455,39.75389545786829,38.02710467946081,38.89500045776367,38.584999084472656,36.702500343322754,36.364999771118164,38.59999847412109
2018-04-20,38.540000915527344,38.59000015258789,37.70000076293945,37.79999923706055,199500,0,0,-0.02426438824675481,1.1946902644197752,38.84950008392334,39.831488745693065,37.86751142215361,38.78000068664551,38.61000061035156,36.73750019073486,36.364999771118164,38.52000045776367
2018-04-23,37.79999923706055,38.0,37.040000915527344,37.2400016784668,131700,0,0,-0.014814750526362608,1.1769912261961222,38.78250007629394,39.98883050265753,37.57616964993036,38.45000076293945,38.510000228881836,37.56999969482422,36.364999771118164,38.93999862670898
2018-04-24,37.33000183105469,37.459999084472656,36.810001373291016,37.02999877929688,135700,0,0,-0.005639175341158653,1.170353966296597,38.692000007629396,40.121133141294834,37.26286687396396,38.33500099182129,38.39500045776367,38.01499938964844,36.364999771118164,38.0099983215332
2018-04-25,36.9900016784668,37.22999954223633,36.790000915527344,36.880001068115234,149100,0,0,-0.004050707969926015,1.1656132041576848,38.61200008392334,40.246414622863355,36.97758554498333,38.32500076293945,38.385000228881836,37.9424991607666,36.364999771118164,37.810001373291016
2018-04-26,36.93000030517578,37.09999847412109,35.54999923706055,36.09999847412109,278400,0,0,-0.021149744343920363,1.140960782885852,38.50850009918213,40.47429211690389,36.54270808146037,37.704999923706055,37.76499938964844,37.98749923706055,36.364999771118164,38.47999954223633
2018-04-27,36.220001220703125,36.47999954223633,35.470001220703125,35.79999923706055,132500,0,0,-0.008310228524679886,1.1314791380423728,38.31800003051758,40.54410159190327,36.09189846913189,37.665000915527344,37.72500038146973,37.98749923706055,36.364999771118164,38.58000183105469
2018-04-30,35.939998626708984,36.18000030517578,35.16999816894531,35.5,115900,0,0,-0.008379867135583141,1.1219974931988936,38.168000030517575,40.71033307191138,35.62566698912377,37.51499938964844,37.57499885559082,37.98749923706055,36.364999771118164,38.959999084472656
2018-05-01,35.5099983215332,35.58000183105469,34.72999954223633,35.4900016784668,109600,0,0,-0.00028164286009024764,1.121681490615895,37.99550018310547,40.765457849108955,35.225542517101985,36.97500038146973,37.35499954223633,37.98749923706055,36.364999771118164,39.20000076293945
2018-05-02,35.45000076293945,35.540000915527344,34.38999938964844,34.5099983215332,143100,0,0,-0.02761350551099584,1.090707932593191,37.766500091552736,40.87692450311737,34.6560756799881,36.489999771118164,37.18499946594238,37.98749923706055,36.364999771118164,39.86000061035156
2018-05-03,34.4900016784668,34.720001220703125,34.04999923706055,34.119998931884766,134800,0,0,-0.011301055016426642,1.0783817822401023,37.49700012207031,40.881513884470415,34.11248635967021,36.02499961853027,37.01499938964844,38.0,36.364999771118164,40.810001373291016
2018-05-04,34.06999969482422,34.560001373291016,33.86000061035156,34.33000183105469,124800,0,0,0.00615483311090248,1.0850190421396277,37.26150016784668,40.83602343787443,33.68697689781892,35.65999984741211,36.920000076293945,38.0,36.364999771118164,40.880001068115234
2018-05-07,34.36000061035156,34.689998626708984,34.099998474121094,34.189998626708984,115400,0,0,-0.00407815895363739,1.080594162018059,37.01800003051758,40.73161385839239,33.30438620264276,35.545000076293945,36.920000076293945,38.060001373291016,36.364999771118164,40.61000061035156
2018-05-08,34.84000015258789,36.959999084472656,34.75,36.83000183105469,523500,0,0,0.07721565692849586,1.1640329501113809,36.89700012207031,40.46513637694692,33.3288638671937,35.47999954223633,36.920000076293945,38.060001373291016,36.364999771118164,41.220001220703125
2018-05-09,36.810001373291016,36.86000061035156,35.59000015258789,36.18000030517578,180100,0,0,-0.017648696539863673,1.1434892858124628,36.77100009918213,40.25152600938471,33.29047418897955,35.40999984741211,36.920000076293945,38.060001373291016,36.364999771118164,41.29999923706055
2018-05-10,36.31999969482422,36.66999816894531,35.630001068115234,36.459999084472656,170300,0,0,0.007739048560948092,1.1523388049242893,36.680000114440915,40.09170483413219,33.26829539474964,35.40999984741211,36.920000076293945,38.060001373291016,36.364999771118164,41.27000045776367
2018-05-11,36.5,37.880001068115234,36.02999877929688,37.68999862670898,213000,0,0,0.03373558895014184,1.1912136331785128,36.64650001525879,40.003698831505844,33.28930119901173,35.8700008392334,36.920000076293945,38.060001373291016,36.364999771118164,41.25
2018-05-14,37.68000030517578,37.91999816894531,37.38999938964844,37.5099983215332,137000,0,0,-0.004775810871168851,1.1855246221592943,36.569999885559085,39.76993183400589,33.37006793711228,35.88999938964844,36.86000061035156,38.10000038146973,36.364999771118164,39.720001220703125
2018-05-15,37.25,37.95000076293945,36.61000061035156,37.709999084472656,249700,0,0,0.005331932068486367,1.1918457589101656,36.47099990844727,39.385533277393726,33.55646653950081,35.90500068664551,36.86000061035156,38.2524995803833,36.364999771118164,38.97999954223633
2018-05-16,37.75,37.900001525878906,36.93999862670898,37.66999816894531,295000,0,0,-0.001060750901577534,1.1905815074468604,36.38899974822998,39.05889643004642,33.71910306641354,35.90500068664551,36.86000061035156,38.68499946594238,36.364999771118164,38.540000915527344
2018-05-17,37.68000030517578,38.209999084472656,36.810001373291016,38.09999847412109,155700,0,0,0.011414927689862742,1.2041719092632541,36.3569995880127,38.92576909151594,33.78823008450946,36.154998779296875,36.86000061035156,38.749999046325684,36.364999771118164,38.720001220703125
2018-05-18,38.290000915527344,39.25,37.7599983215332,38.54999923706055,267800,0,0,0.01181104411972922,1.2183944368113009,36.39449958801269,39.06737458910787,33.721624586917514,37.0,36.86000061035156,38.84499931335449,36.27499961853027,39.47999954223633
2018-05-21,38.68000030517578,38.709999084472656,37.97999954223633,38.18000030517578,110700,0,0,-0.009597897255703813,1.206700412189865,36.44149951934814,39.204716981773615,33.67828205692267,37.420000076293945,36.86000061035156,38.769999504089355,36.27499961853027,39.400001525878906
2018-05-22,38.25,38.380001068115234,37.66999816894531,37.75,119000,0,0,-0.011262448971680272,1.193110010373471,36.4774995803833,39.28931196333203,33.66568719743457,37.44000053405762,36.86000061035156,38.769999504089355,36.27499961853027,39.93999862670898
2018-05-23,37.7400016784668,38.040000915527344,37.41999816894531,37.91999816894531,184800,0,0,0.0045032627535182,1.1984828982440356,36.5294994354248,39.40757424817251,33.6514246226771,37.63999938964844,36.86000061035156,38.769999504089355,36.27499961853027,40.470001220703125
2018-05-24,37.81999969482422,38.27999877929688,37.7400016784668,38.27000045776367,298200,0,0,0.009230018610733914,1.2095449176994744,36.637999534606934,39.60631780606853,33.669681263145335,37.93000030517578,36.55500030517578,38.769999504089355,36.27499961853027,40.72999954223633
2018-05-25,38.34000015258789,38.869998931884766,38.119998931884766,38.59999847412109,245500,0,0,0.008622890316440257,1.2199746908576048,36.77799949645996,39.8387158994562,33.71728309346373,37.93000030517578,36.55500030517578,38.739999771118164,36.27499961853027,41.52999877929688
2018-05-29,38.4900016784668,38.95000076293945,37.95000076293945,38.52000045776367,163900,0,0,-0.002072487552325919,1.2174463084966498,36.928999519348146,40.02078014398995,33.83721889470634,38.03000068664551,36.55500030517578,38.695000648498535,36.27499961853027,41.59999847412109
2018-05-30,38.68999862670898,39.59000015258789,38.470001220703125,38.93999862670898,368100,0,0,0.010903379126535162,1.2307205871643894,37.10149936676025,40.238023058863114,33.96497567465739,38.20000076293945,36.72500038146973,38.480000495910645,37.07499885559082,41.72999954223633
2018-05-31,38.91999816894531,39.06999969482422,37.900001525878906,38.0099983215332,231900,0,0,-0.023882905443604385,1.201327403753645,37.276499366760255,40.19590705401752,34.35709167950299,38.5049991607666,36.72500038146973,38.36500072479248,37.59000015258789,40.27000045776367
2018-06-01,38.13999938964844,38.25,37.720001220703125,37.810001373291016,146500,0,0,-0.0052616931616354945,1.1950063875684291,37.460999488830566,39.99641340065569,34.92558557700544,38.5049991607666,36.72500038146973,38.355000495910645,37.59000015258789,40.70000076293945
2018-06-04,37.91999816894531,38.5099983215332,37.61000061035156,38.47999954223633,133900,0,0,0.017720130775202847,1.2161820570333444,37.66849937438965,39.78558845479561,35.551410293983686,38.5049991607666,36.72500038146973,37.734999656677246,37.59000015258789,40.54999923706055
2018-06-05,38.43000030517578,38.709999084472656,38.09000015258789,38.58000183105469,291900,0,0,0.0025988121103950323,1.2193426856916079,37.887999534606934,39.3052981948685,36.47070087434537,38.5049991607666,36.72500038146973,37.695000648498535,37.59000015258789,40.63999938964844
2018-06-06,38.630001068115234,39.0,38.43999862670898,38.959999084472656,128900,0,0,0.009849591378507716,1.2313527128960424,37.994499397277835,39.39767437459753,36.59132441995814,38.60000038146973,36.72500038146973,37.54499912261963,37.57499885559082,40.66999816894531
2018-06-07,38.84000015258789,39.27999877929688,38.65999984741211,39.20000076293945,81000,0,0,0.006160207497603487,1.238938101110219,38.14549942016602,39.37221700825302,36.91878183207902,38.60000038146973,36.72500038146973,37.16499996185303,37.35499954223633,40.02000045776367
2018-06-08,39.2400016784668,39.9900016784668,39.2400016784668,39.86000061035156,103300,0,0,0.016836730473640316,1.2597977679921355,38.315499496459964,39.502052023196576,37.12894696972335,38.80000114440918,36.92500114440918,36.83749961853027,37.18499946594238,40.52000045776367
2018-06-11,39.9900016784668,40.869998931884766,39.16999816894531,40.810001373291016,238400,0,0,0.023833435734889052,1.2898230771345327,38.471499633789065,40.049004680413475,36.893994587164656,39.239999771118164,37.364999771118164,36.519999504089355,37.01499938964844,40.33000183105469
2018-06-12,40.93000030517578,41.11000061035156,40.220001220703125,40.880001068115234,158600,0,0,0.0017152583305235503,1.2920354569124892,38.63999977111816,40.472938754721426,36.8070607875149,39.36000061035156,37.60499954223633,36.28999996185303,36.920000076293945,40.90999984741211
2018-06-13,40.9900016784668,41.20000076293945,40.369998931884766,40.61000061035156,99300,0,0,-0.006604707698363077,1.2835019403836612,38.78499984741211,40.7559002551997,36.81409943962452,39.40500068664551,37.97500038146973,36.232500076293945,36.920000076293945,40.709999084472656
2018-06-14,40.66999816894531,41.27999877929688,40.459999084472656,41.220001220703125,148700,0,0,0.01502094560904954,1.3027813532192738,38.9625,41.13148686611659,36.79351313388341,39.44499969482422,38.43499946594238,36.19999980926514,36.920000076293945,40.209999084472656
2018-06-15,41.220001220703125,41.540000915527344,40.63999938964844,41.29999923706055,296200,0,0,0.0019407572534773099,1.305309735580229,39.122500038146974,41.479471830073535,36.76552824622041,39.81500053405762,38.58500099182129,36.16499996185303,36.920000076293945,39.59999847412109
2018-06-18,41.2400016784668,41.5,40.540000915527344,41.27000045776367,122500,0,0,-0.0007263627082577662,1.3043616072655777,39.25850009918213,41.777766245285335,36.73923395307892,39.989999771118164,38.78499984741211,36.16499996185303,36.920000076293945,39.54999923706055
2018-06-19,41.150001525878906,41.4900016784668,40.560001373291016,41.25,242500,0,0,-0.0004846246072650606,1.303729481533925,39.41200008392334,42.02315692773177,36.80084324011491,40.10000038146973,39.07500076293945,36.39500045776367,36.920000076293945,39.869998931884766
2018-06-20,41.29999923706055,41.400001525878906,39.619998931884766,39.720001220703125,904300,0,0,-0.03709087949810608,1.255373008436222,39.5105001449585,42.00841729426314,37.01258299565386,40.35499954223633,39.07500076293945,36.375,36.920000076293945,39.61000061035156
2018-06-21,39.72999954223633,39.97999954223633,38.68000030517578,38.97999954223633,374700,0,0,-0.018630454575139566,1.2319848386276946,39.563500213623044,41.96634340513929,37.1606570221068,40.11000061035156,39.17500114440918,36.382500648498535,36.920000076293945,39.66999816894531
2018-06-22,38.95000076293945,39.040000915527344,38.34000015258789,38.540000915527344,979200,0,0,-0.0112878048198084,1.218078434228302,39.57700023651123,41.95322214202409,37.200778330998375,39.94000053405762,39.17500114440918,36.382500648498535,36.920000076293945,40.119998931884766
2018-06-25,38.40999984741211,38.790000915527344,38.34000015258789,38.720001220703125,142200,0,0,0.004670480044105529,1.2237674452475207,39.583000373840335,41.94980963198279,37.21619111569788,39.94000053405762,39.47999954223633,36.50749969482422,36.920000076293945,40.27000045776367
2018-06-26,38.72999954223633,39.70000076293945,38.52999877929688,39.47999954223633,359100,0,0,0.019628055205918704,1.247787620222045,39.63100032806396,41.94749475989431,37.31450589623361,39.94000053405762,39.47999954223633,36.93000030517578,36.920000076293945,39.79999923706055
2018-06-27,39.47999954223633,39.61000061035156,39.02000045776367,39.400001525878906,198300,0,0,-0.0020262922311292675,1.2452592378610898,39.654000473022464,41.95144559189548,37.35655535414945,39.94000053405762,39.47999954223633,37.140000343322754,36.920000076293945,40.27999877929688
2018-06-28,39.45000076293945,40.16999816894531,39.040000915527344,39.93999862670898,139700,0,0,0.013705509642566671,1.2623261503530903,39.75050048828125,41.92090809073794,37.580092885824556,39.920000076293945,39.47999954223633,37.15000057220459,36.920000076293945,40.38999938964844
2018-06-29,40.09000015258789,40.790000915527344,39.880001068115234,40.470001220703125,158400,0,0,0.013269970260833208,1.279077180827748,39.883500480651854,41.87910975617943,37.887891205124276,39.915000915527344,39.57500076293945,37.25,36.920000076293945,39.06999969482422
2018-07-02,40.34999847412109,40.84999847412109,39.869998931884766,40.72999954223633,260600,0,0,0.006424470316057196,1.2872945742079218,39.99600048065186,41.91378106203514,38.078219899268575,39.8700008392334,39.57500076293945,37.24250030517578,36.920000076293945,37.900001525878906
2018-07-03,40.81999969482422,41.63999938964844,40.7599983215332,41.52999877929688,186400,0,0,0.019641523350153012,1.312579000645752,40.143500328063965,42.05668790884894,38.23031274727899,39.989999771118164,39.625,37.24250030517578,36.920000076293945,36.56999969482422
2018-07-05,41.7400016784668,41.810001373291016,41.29999923706055,41.59999847412109,94000,0,0,0.0016855212348116932,1.3147913804237084,40.27550029754639,42.20825689744233,38.34274369765044,40.07500076293945,39.71000099182129,37.292500495910645,36.920000076293945,36.58000183105469
2018-07-06,41.5099983215332,41.86000061035156,41.31999969482422,41.72999954223633,146800,0,0,0.0031250257904724688,1.3189001373966234,40.40200023651123,42.36788720822788,38.43611326479458,40.10000038146973,39.73500061035156,37.46250057220459,36.920000076293945,36.88999938964844
2018-07-09,41.79999923706055,41.970001220703125,40.220001220703125,40.27000045776367,235100,0,0,-0.03498679847803354,1.272756044076877,40.42250022888184,42.37368940865703,38.471311049106646,40.25,39.790000915527344,37.614999771118164,36.920000076293945,36.27000045776367
2018-07-10,40.29999923706055,40.77999877929688,40.040000915527344,40.70000076293945,160100,0,0,0.010677931469774249,1.286346445893271,40.417000198364256,42.36436421412674,38.469636182601775,40.4950008392334,39.790000915527344,37.614999771118164,36.920000076293945,35.939998626708984
2018-07-11,40.70000076293945,40.790000915527344,40.29999923706055,40.54999923706055,88400,0,0,-0.0036855411072987954,1.2816055631887036,40.40050010681152,42.337342598022,38.46365761560104,40.505001068115234,40.03000068664551,37.614999771118164,36.920000076293945,36.09000015258789
2018-07-12,40.77000045776367,40.810001373291016,40.22999954223633,40.63999938964844,94100,0,0,0.00221948592555421,1.284450068698313,40.40200004577637,42.33954310802509,38.46445698352765,40.920000076293945,40.15500068664551,37.614999771118164,36.920000076293945,36.11000061035156
2018-07-13,40.650001525878906,40.869998931884766,40.61000061035156,40.66999816894531,69600,0,0,0.0007381589504775743,1.2853981970129642,40.37449989318848,42.279820497094065,38.46917928928289,40.920000076293945,40.15500068664551,37.66250038146973,36.920000076293945,36.540000915527344
2018-07-16,40.66999816894531,40.720001220703125,39.84000015258789,40.02000045776367,74400,0,0,-0.015982240974821704,1.2648546532797016,40.31049995422363,42.172194664876585,38.448805243570675,40.90500068664551,40.15500068664551,37.66250038146973,36.920000076293945,36.31999969482422
2018-07-17,40.0,40.790000915527344,40.0,40.52000045776367,111500,0,0,0.012493752980530015,1.280657434874052,40.272999954223636,42.08489146393316,38.46110844451411,40.90500068664551,40.15500068664551,37.86250114440918,36.92500114440918,36.2400016784668
2018-07-18,40.619998931884766,40.619998931884766,40.04999923706055,40.33000183105469,109600,0,0,-0.004689008503517389,1.2746524212718349,40.227000045776364,41.98257842373068,38.47142166782205,40.90500068664551,40.15500068664551,38.302499771118164,37.364999771118164,36.15999984741211
2018-07-19,40.29999923706055,40.95000076293945,40.27000045776367,40.90999984741211,139700,0,0,0.014381303992672123,1.2929835852271407,40.286499977111816,42.05004362498787,38.52295632923576,40.90500068664551,40.15500068664551,38.482500076293945,37.48500061035156,36.220001220703125
2018-07-20,40.75,40.9900016784668,40.54999923706055,40.709999084472656,84800,0,0,-0.004888798916778847,1.2866624484762694,40.37299995422363,42.03762200425752,38.70837790418974,40.415000915527344,40.15500068664551,38.69000053405762,37.53000068664551,36.38999938964844
2018-07-23,40.720001220703125,40.720001220703125,40.0,40.209999084472656,64700,0,0,-0.012281994872132218,1.2708596668819188,40.456499862670896,41.89483601030092,39.01816371504087,40.415000915527344,40.15500068664551,38.9399995803833,37.56999969482422,36.130001068115234
2018-07-24,40.220001220703125,40.22999954223633,39.45000076293945,39.59999847412109,88300,0,0,-0.015170371157434914,1.251580254046306,40.50049972534179,41.76526039516682,39.23573905551676,40.220001220703125,40.15500068664551,39.20000076293945,37.70000076293945,36.02999877929688
2018-07-25,39.650001525878906,39.84999847412109,39.15999984741211,39.54999923706055,94300,0,0,-0.0012626070451293714,1.2500000000000022,40.503999710083,41.7576639579492,39.2503354622168,40.07500076293945,40.15500068664551,39.38749980926514,37.70000076293945,36.16999816894531
2018-07-26,39.66999816894531,40.02999877929688,39.52000045776367,39.869998931884766,86100,0,0,0.008091016460105571,1.2601137705751342,40.52749958038329,41.71252337970653,39.34247578106005,40.07500076293945,40.15500068664551,39.58750057220459,37.70000076293945,36.33000183105469
2018-07-27,39.880001068115234,40.04999923706055,39.09999847412109,39.61000061035156,164500,0,0,-0.006521151956321636,1.2518963771949603,40.51099967956543,41.737212258980406,39.28478710015045,40.045000076293945,40.15500068664551,39.71500015258789,37.70000076293945,36.310001373291016
2018-07-30,39.61000061035156,39.81999969482422,39.150001525878906,39.66999816894531,112400,0,0,0.0015147073382792975,1.2537926338242626,40.470999526977536,41.751543399444834,39.19045565451024,40.045000076293945,40.15500068664551,39.64250087738037,37.70000076293945,37.119998931884766
2018-07-31,39.84999847412109,40.41999816894531,39.59999847412109,40.119998931884766,159200,0,0,0.011343604328465151,1.2680151613723092,40.440499496459964,41.72400166738086,39.156997325539066,40.045000076293945,40.15500068664551,39.5575008392334,37.70000076293945,37.09999847412109
2018-08-01,40.119998931884766,40.52000045776367,39.68000030517578,40.27000045776367,209100,0,0,0.003738821781465562,1.2727560440768766,40.377499580383294,41.55953385891446,39.195465301852124,40.045000076293945,40.25,39.71000003814697,37.70000076293945,36.900001525878906
2018-08-02,40.18000030517578,40.9900016784668,37.97999954223633,39.79999923706055,484600,0,0,-0.011671249450222243,1.2579013907971772,40.287499618530276,41.35037732399073,39.224621913069825,39.48500061035156,39.97500038146973,39.71000003814697,37.70000076293945,37.22999954223633
2018-08-03,39.79999923706055,40.34000015258789,39.27999877929688,40.27999877929688,296800,0,0,0.012060290237125848,1.2730720466598755,40.2149995803833,41.04430538987512,39.38569377089148,39.48500061035156,39.97500038146973,39.71000003814697,37.70000076293945,37.34000015258789
2018-08-06,40.41999816894531,40.810001373291016,39.970001220703125,40.38999938964844,195400,0,0,0.0027308990487877605,1.2765486779011372,40.220999526977536,41.053575618568935,39.38842343538614,39.48500061035156,39.97500038146973,39.69999980926514,37.70000076293945,36.91999816894531
2018-08-07,39.79999923706055,40.52000045776367,38.58000183105469,39.06999969482422,378800,0,0,-0.03268134970961456,1.2348293441373042,40.139499473571775,41.08172715137867,39.19727179576488,39.48500061035156,39.97500038146973,39.7450008392334,37.70000076293945,36.54999923706055
2018-08-08,39.0,39.0,37.79999923706055,37.900001525878906,600300,0,0,-0.029946203687846618,1.1978508930780385,40.0069995880127,41.34743965445274,38.66655952157265,39.39500045776367,39.885000228881836,39.722500801086426,37.70000076293945,36.810001373291016
2018-08-09,37.0,37.25,36.41999816894531,36.56999969482422,4545800,0,0,-0.035092395184906144,1.1558154361655513,39.80349960327148,41.78762660658049,37.81937259996248,38.704999923706055,39.19499969482422,39.80749988555908,37.75,36.65999984741211
2018-08-10,36.38999938964844,37.08000183105469,36.22999954223633,36.58000183105469,1161800,0,0,0.00027350659868563554,1.1561315593142052,39.59899978637695,41.989978328928245,37.208021243825655,38.61000061035156,39.10000038146973,39.89250087738037,37.83500099182129,36.08000183105469
2018-08-13,36.5,37.02999877929688,36.34999847412109,36.88999938964844,625800,0,0,0.008474509105425465,1.1659292067406832,39.44249973297119,42.10063910579024,36.78436036015214,38.61000061035156,39.10000038146973,39.917500495910645,37.86000061035156,35.88999938964844
2018-08-14,37.04999923706055,37.04999923706055,36.25,36.27000045776367,389400,0,0,-0.016806694013086432,1.146333791322072,39.229999732971194,42.17675147643206,36.28324798951033,38.61000061035156,38.61000061035156,40.02000045776367,37.915000915527344,36.15999984741211
2018-08-15,36.22999954223633,36.29999923706055,35.56999969482422,35.939998626708984,648500,0,0,-0.009098478822435419,1.135903897598286,39.01049957275391,42.24041986942396,35.780579276083856,38.19000053405762,38.28000068664551,40.14250087738037,37.915000915527344,35.9900016784668
2018-08-16,36.09000015258789,36.2599983215332,35.279998779296875,36.09000015258789,405300,0,0,0.004173665320271747,1.1406447803028534,38.76949958801269,42.115024330425776,35.42397484559961,38.045000076293945,38.135000228881836,40.26750087738037,37.915000915527344,35.34000015258789
2018-08-17,36.209999084472656,36.43000030517578,35.70000076293945,36.11000061035156,376700,0,0,0.0005541828118345027,1.141276906034506,38.53949966430664,41.95231964809977,35.12667968051351,37.89999961853027,38.135000228881836,40.53750038146973,37.915000915527344,34.15999984741211
2018-08-20,36.27000045776367,36.7400016784668,35.43000030517578,36.540000915527344,273500,0,0,0.011908066959503527,1.1548673078509,38.35599975585937,41.78460091431436,34.927398597404384,37.13999938964844,38.135000228881836,40.53750038146973,37.915000915527344,33.900001525878906
2018-08-21,36.52999877929688,36.560001373291016,36.220001220703125,36.31999969482422,333400,0,0,-0.006020832380703056,1.1479140453683758,38.19199981689453,41.68080830192396,34.7031913318651,36.26499938964844,38.135000228881836,40.53000068664551,37.915000915527344,33.45000076293945
2018-08-22,36.43999862670898,36.540000915527344,36.02999877929688,36.2400016784668,228200,0,0,-0.0022025885746035367,1.1453856630074206,38.02649993896485,41.556167921190415,34.49683195673928,36.18000030517578,38.135000228881836,40.53000068664551,37.915000915527344,33.13999938964844
2018-08-23,36.25,36.43000030517578,36.0,36.15999984741211,256600,0,0,-0.002207555942311812,1.1428571600808097,37.84099998474121,41.3533584479862,34.328641521496216,36.16499900817871,38.135000228881836,40.53000068664551,37.915000915527344,33.040000915527344
2018-08-24,36.220001220703125,36.27000045776367,35.56999969482422,36.220001220703125,203000,0,0,0.0016593300205809403,1.1447535372757678,37.671500015258786,41.15274105448628,34.190258976031295,36.16499900817871,38.135000228881836,40.53000068664551,38.03499984741211,32.95000076293945
2018-08-27,36.36000061035156,36.52000045776367,35.90999984741211,36.38999938964844,332000,0,0,0.004693488769076604,1.1501264251463323,37.507500076293944,40.90378896155376,34.11121119103413,36.010000228881836,38.135000228881836,40.285000801086426,38.36000061035156,32.63999938964844
2018-08-28,36.40999984741211,36.650001525878906,36.08000183105469,36.130001068115234,256900,0,0,-0.00714477400093505,1.1419090317661584,37.30800018310547,40.52941543559933,34.08658493061161,36.010000228881836,38.135000228881836,40.285000801086426,38.78000068664551,32.22999954223633
2018-08-29,36.13999938964844,36.2400016784668,35.849998474121094,36.02999877929688,190800,0,0,-0.002767846273511565,1.1387484031078954,37.096000099182135,40.05439615364942,34.13760404471485,36.08500099182129,38.135000228881836,40.187500953674316,38.80000114440918,32.209999084472656
2018-08-30,36.04999923706055,36.34999847412109,35.83000183105469,36.16999816894531,264700,0,0,0.0038856340380692966,1.1431731626638084,36.91450004577637,39.61892939569216,34.21007069586058,36.08500099182129,38.135000228881836,40.11500072479248,39.0,32.560001373291016
2018-08-31,36.09000015258789,36.380001068115234,35.7400016784668,36.33000183105469,313300,0,0,0.004423656903769224,1.14823016851703,36.71700019836426,38.93852339922012,34.495476997508405,36.11000061035156,38.135000228881836,40.11500072479248,39.290000915527344,32.02000045776367
2018-09-04,36.16999816894531,36.5,36.16999816894531,36.310001373291016,174700,0,0,-0.0005505217934389517,1.1475980427853774,36.513000297546384,37.95266998561623,35.073330609476535,36.11000061035156,38.135000228881836,40.10000038146973,39.290000915527344,31.399999618530277
2018-09-05,36.31999969482422,37.27999877929688,36.060001373291016,37.119998931884766,476800,0,0,0.022307836077075205,1.1731984718062058,36.415500259399415,37.30248344990887,35.52851706888996,36.42499923706055,38.135000228881836,40.10000038146973,39.39000129699707,31.200000762939453
2018-09-06,37.130001068115234,37.31999969482422,36.95000076293945,37.09999847412109,595700,0,0,-0.0005388054509478657,1.172566346074553,36.37550010681152,37.03080815541191,35.72019205821113,36.44499969482422,38.135000228881836,40.10000038146973,39.39000129699707,29.809999465942383
2018-09-07,37.04999923706055,37.5,36.22999954223633,36.900001525878906,1005700,0,0,-0.005390753543606963,1.1662453298893374,36.39200019836426,37.08214622237907,35.70185417434944,36.6200008392334,38.135000228881836,40.14750003814697,39.69499969482422,30.450000762939453
2018-09-10,36.91999816894531,38.02999877929688,36.27000045776367,37.22999954223633,288900,0,0,0.008943035303832891,1.176675103047468,36.42450008392334,37.20351877782455,35.645481390022134,36.885000228881836,38.045000076293945,39.730000495910645,39.69499969482422,30.90999984741211
2018-09-11,37.09000015258789,37.41999816894531,36.63999938964844,37.34000015258789,321100,0,0,0.002954622930542161,1.1801517342887302,36.447000122070314,37.30167769555358,35.59232254858705,36.885000228881836,38.045000076293945,39.730000495910645,39.69499969482422,30.850000381469727
2018-09-12,37.41999816894531,37.43999862670898,36.91999816894531,36.91999816894531,293400,0,0,-0.011248044507934152,1.166877335055335,36.4795000076294,37.354201920998854,35.60479809425994,36.885000228881836,37.89999961853027,39.730000495910645,39.69499969482422,30.15999984741211
2018-09-13,37.02000045776367,37.2400016784668,36.16999816894531,36.54999923706055,282200,0,0,-0.010021640038866075,1.155183310433899,36.51000003814697,37.34874730926444,35.6712527670295,36.885000228881836,37.13999938964844,39.730000495910645,39.790000915527344,29.940000534057617
2018-09-14,36.540000915527344,36.959999084472656,36.18000030517578,36.810001373291016,210000,0,0,0.007113601686941529,1.1634008243797285,36.54600009918213,37.37109841257294,35.72090178579132,37.045000076293945,36.654998779296875,39.640000343322754,39.790000915527344,29.399999618530277
2018-09-17,36.959999084472656,36.959999084472656,36.33000183105469,36.65999984741211,177000,0,0,-0.004075020925909167,1.158659941675161,36.573500061035155,37.37470006239752,35.77230005967279,37.045000076293945,36.654998779296875,38.94999980926514,39.19499969482422,29.31999969482422
2018-09-18,36.66999816894531,36.66999816894531,36.02000045776367,36.08000183105469,309100,0,0,-0.015821004330919708,1.1403287777198552,36.550500106811526,37.38043788557943,35.72056232804362,37.02499961853027,36.654998779296875,38.855000495910645,39.10000038146973,28.93000030517578
2018-09-19,36.70000076293945,36.70000076293945,35.81999969482422,35.88999938964844,274000,0,0,-0.005266142787241024,1.1343236435519823,36.52900009155273,37.403295509869174,35.65470467323629,36.92499923706055,36.654998779296875,38.855000495910645,39.10000038146973,29.18000030517578
2018-09-20,36.0,36.29999923706055,35.779998779296875,36.15999984741211,204100,0,0,0.007522999786997664,1.1428571600808104,36.525,37.40532451441225,35.64467548558775,36.904998779296875,36.654998779296875,38.61000061035156,39.10000038146973,28.13999938964844
2018-09-21,36.06999969482422,36.150001525878906,35.59000015258789,35.9900016784668,856000,0,0,-0.004701276815892386,1.1374842722102458,36.516500091552736,37.414059948614,35.61894023449147,36.51499938964844,36.654998779296875,38.23500061035156,38.77000045776367,28.709999084472656
2018-09-24,35.810001373291016,35.810001373291016,35.119998931884766,35.34000015258789,229600,0,0,-0.018060613936225822,1.1169406079113278,36.472500038146975,37.50200044674136,35.44299962955259,36.279998779296875,36.57499885559082,38.09000015258789,38.625,29.809999465942383
2018-09-25,35.439998626708984,35.5099983215332,34.130001068115234,34.15999984741211,263900,0,0,-0.03338993492022868,1.079646033703408,36.361000061035156,37.80649704045237,34.91550308161794,35.685001373291016,36.079999923706055,38.017499923706055,38.625,29.649999618530277
2018-09-26,34.90999984741211,34.90999984741211,33.70000076293945,33.900001525878906,291800,0,0,-0.0076111921163518614,1.071428640323234,36.24950008392334,38.05309719347883,34.44590297436785,35.329999923706055,35.864999771118164,37.63749980926514,38.625,30.07999992370605
2018-09-27,33.84000015258789,33.95000076293945,33.400001525878906,33.45000076293945,210500,0,0,-0.013274358191279978,1.0572061127751873,36.12050018310547,38.30236335623777,33.93863700997317,35.18000030517578,35.71500015258789,37.19999980926514,38.625,29.51000022888184
2018-09-28,33.630001068115234,33.650001525878906,33.0,33.13999938964844,736200,0,0,-0.009267604371312244,1.047408344783054,35.969000244140624,38.511311097137536,33.42668939114371,34.85000038146973,35.51499938964844,37.15750026702881,38.625,28.979999542236328
2018-10-01,33.209999084472656,33.22999954223633,32.4900016784668,33.040000915527344,371900,0,0,-0.0030174555209053766,1.044247836690446,35.80450019836426,38.64389444388521,32.96510595284331,34.595001220703125,35.260000228881836,37.14999961853027,38.625,29.51000022888184
2018-10-02,33.22999954223633,33.22999954223633,32.7599983215332,32.95000076293945,191400,0,0,-0.002723975487107011,1.0414033311808366,35.63650016784668,38.72581005221348,32.54719028347987,34.39500045776367,35.260000228881836,37.14999961853027,38.625,29.3700008392334
2018-10-03,32.97999954223633,32.9900016784668,32.540000915527344,32.63999938964844,147300,0,0,-0.009408235693872613,1.0316055631887031,35.41250019073486,38.6853315162072,32.13966886526252,34.32000160217285,35.260000228881836,37.072500228881836,38.625,29.21999931335449
2018-10-04,32.56999969482422,33.38999938964844,32.16999816894531,32.22999954223633,172400,0,0,-0.01256127006981922,1.0186472871039618,35.169000244140626,38.6249707896313,31.71302969864995,33.989999771118164,35.099998474121094,37.072500228881836,38.625,28.850000381469727
2018-10-05,32.209999084472656,32.45000076293945,31.799999237060547,32.209999084472656,251700,0,0,-0.000620554081530833,1.0180151613723092,34.93450012207031,38.52418500457461,31.344815239566007,33.654998779296875,34.91499900817871,37.11000061035156,38.625,29.270000457763672
2018-10-08,32.099998474121094,32.65999984741211,31.899999618530277,32.560001373291016,164500,0,0,0.010866261992136694,1.029077180827748,34.70100021362305,38.27030747516279,31.13169295208331,33.35499954223633,34.91499900817871,37.11000061035156,38.625,28.959999084472656
2018-10-09,32.5,32.77000045776367,31.950000762939453,32.02000045776367,220600,0,0,-0.016584794003427383,1.012010147770092,34.43500022888183,37.97039398468302,30.899606473080645,32.875,34.91499900817871,37.1225004196167,38.625,28.420000076293945
2018-10-10,31.8700008392334,32.08000183105469,31.11000061035156,31.399999618530277,328200,0,0,-0.019362924121478775,0.9924146720686532,34.15900030136108,37.73738255100578,30.58061805171638,32.380001068115234,34.56999969482422,37.1225004196167,38.625,28.61000061035156
2018-10-11,32.0,32.099998474121094,31.190000534057617,31.200000762939453,291900,0,0,-0.006369390382820139,0.9860935956006095,33.89150037765503,37.51501733338591,30.267983421924146,32.25,34.56999969482422,37.27999973297119,38.625,28.61000061035156
2018-10-12,31.40999984741211,31.40999984741211,29.709999084472656,29.809999465942383,234300,0,0,-0.044551322532279114,0.942161821775992,33.5415002822876,37.32045985907341,29.762540705501788,31.549999237060547,33.869998931884766,37.28999996185303,38.625,28.46999931335449
2018-10-15,29.799999237060547,30.61000061035156,29.479999542236328,30.450000762939453,173000,0,0,0.02146934949557,0.9623894232090836,33.23100032806396,36.953468821187585,29.508531834940342,31.434999465942383,33.7549991607666,37.37750053405762,38.625,28.020000457763672
2018-10-16,30.549999237060547,30.93000030517578,28.540000915527344,30.90999984741211,176500,0,0,0.015106701903026432,0.9769279533401288,32.972500228881835,36.58285012129737,29.362150336466296,30.96500015258789,32.989999771118164,37.46500015258789,38.625,28.100000381469727
2018-10-17,30.790000915527344,31.200000762939453,30.6200008392334,30.850000381469727,246200,0,0,-0.0019411021105976145,0.9750316364279985,32.7205002784729,36.179936318636365,29.26106423830943,30.655000686645508,32.989999771118164,37.46500015258789,38.625,28.34000015258789
2018-10-18,30.71999931335449,30.850000381469727,29.88999938964844,30.15999984741211,138000,0,0,-0.022366305527570463,0.9532237809486029,32.4205002784729,35.66663804896437,29.174362507981428,30.655000686645508,32.89000129699707,37.392499923706055,38.625,28.270000457763672
2018-10-19,30.170000076293945,30.65999984741211,29.799999237060547,29.940000534057617,130900,0,0,-0.007294406978366363,0.9462705787489066,32.118000221252444,35.09041687432098,29.145583568183905,30.655000686645508,32.75,37.01249980926514,38.625,27.850000381469727
2018-10-22,30.020000457763672,30.309999465942383,29.3700008392334,29.399999618530277,148000,0,0,-0.018036102401303378,0.9292035456912507,31.821000194549562,34.62693249287653,29.015067896222597,30.31999969482422,32.75,36.84999942779541,38.625,29.25
2018-10-23,29.280000686645508,29.729999542236328,28.809999465942383,29.31999969482422,226300,0,0,-0.0027210858756486767,0.9266751030474676,31.579000186920165,34.370947377929916,28.787052995910418,30.31999969482422,32.6200008392334,36.84999942779541,38.625,30.06999969482422
2018-10-24,29.34000015258789,30.030000686645508,28.88999938964844,28.93000030517578,186700,0,0,-0.013301480003674149,0.914348952694379,31.33050012588501,34.136717456250246,28.524282795519774,29.975000381469727,32.6200008392334,36.839999198913574,38.625,31.100000381469727
2018-10-25,28.950000762939453,29.38999938964844,28.670000076293945,29.18000030517578,123800,0,0,0.008641548474345173,0.9222503434915542,31.117000102996826,33.895001859960686,28.33899834603297,29.8700008392334,32.420000076293945,36.78999900817871,38.625,31.63999938964844
2018-10-26,28.93000030517578,28.93000030517578,27.899999618530277,28.13999938964844,136800,0,0,-0.035640880899609595,0.8893805288395477,30.867000102996826,33.77027448744245,27.963725718551203,29.550000190734863,32.02500057220459,36.779998779296875,38.135000228881836,30.540000915527344
2018-10-29,28.36000061035156,29.06999969482422,27.8799991607666,28.709999084472656,186900,0,0,0.020255853133880786,0.9073956902118547,30.65050001144409,33.51850506157879,27.782494961309393,29.539999961853027,31.84500026702881,36.584999084472656,38.135000228881836,30.07999992370605
2018-10-30,28.809999465942383,29.84000015258789,28.56999969482422,29.809999465942383,227300,0,0,0.03831419075400255,0.9421618217759915,30.493499946594238,33.1766873155494,27.810312577639078,29.364999771118164,31.694998741149902,36.42749881744385,38.05500030517578,30.25
2018-10-31,29.93000030517578,30.09000015258789,29.440000534057617,29.649999618530277,244200,0,0,-0.005367321378012879,0.9371049364884256,30.34399995803833,32.858237662912906,27.829762253163757,29.269999504089355,31.394999504089355,35.882500648498535,37.560001373291016,30.920000076293945
2018-11-01,29.690000534057617,30.3799991607666,29.690000534057617,30.07999992370605,234800,0,0,0.014502539990153496,0.9506953383048192,30.236499977111816,32.59649260004345,27.876507354180184,29.1299991607666,30.914999961853027,35.59749984741211,37.345001220703125,31.170000076293945
2018-11-02,30.09000015258789,30.229999542236328,29.43000030517578,29.51000022888184,148200,0,0,-0.018949457987697538,0.9326801769325122,30.101500034332275,32.295837309925766,27.907162758738785,29.1299991607666,30.765000343322754,35.447500228881836,37.19500160217285,30.940000534057617
2018-11-05,29.5,30.26000022888184,28.899999618530277,28.979999542236328,216200,0,0,-0.01796003668365931,0.9159292067406823,29.92249994277954,31.850653451141188,27.994346434417896,29.1299991607666,30.63499927520752,35.18249988555908,36.9950008392334,31.059999465942383
2018-11-06,28.8799991607666,29.68000030517578,28.790000915527344,29.51000022888184,219800,0,0,0.018288498792868202,0.932680176932512,29.79699993133545,31.470007615114,28.1239922475569,29.1299991607666,30.63499927520752,34.92750072479248,36.7400016784668,30.01000022888184
2018-11-07,29.51000022888184,29.530000686645508,28.8799991607666,29.3700008392334,218600,0,0,-0.004744133804222117,0.9282554173765987,29.695499992370607,31.203681609167162,28.18731837557405,29.1299991607666,30.63499927520752,34.827500343322754,36.7400016784668,29.100000381469727
2018-11-08,29.299999237060547,29.780000686645508,29.1299991607666,29.21999931335449,120200,0,0,-0.005107304105981925,0.9235145346720312,29.596499919891357,30.94669743687307,28.246302402909645,29.1299991607666,30.63499927520752,34.790000915527344,36.7400016784668,29.46999931335449
2018-11-09,29.11000061035156,29.82999992370605,28.649999618530277,28.850000381469727,147500,0,0,-0.012662523633792833,0.9118205100505954,29.548499965667723,30.933120011542048,28.1638799197934,29.47499942779541,30.324999809265137,34.54499912261963,36.579999923706055,29.8700008392334
2018-11-12,28.86000061035156,29.440000534057617,28.729999542236328,29.270000457763672,146800,0,0,0.014558061377486498,0.925094849001163,29.489499950408934,30.8140596196012,28.16494028121667,29.514999389648438,30.324999809265137,34.28499889373779,36.39500045776367,28.979999542236328
2018-11-13,29.440000534057617,29.8799991607666,28.790000915527344,28.959999084472656,164600,0,0,-0.01059109560788507,0.9152970810090297,29.391999912261962,30.560213572946626,28.223786251577298,29.514999389648438,30.324999809265137,34.13499927520752,36.39500045776367,28.270000457763672
2018-11-14,29.149999618530277,29.25,28.3799991607666,28.420000076293945,219700,0,0,-0.01864637518128376,0.8982301082342015,29.270499897003173,30.303091609692874,28.237908184313472,29.31999969482422,29.989998817443848,33.894999504089355,36.39500045776367,27.739999771118164
2018-11-15,28.3799991607666,28.899999618530277,27.979999542236328,28.61000061035156,319400,0,0,0.006685451567471912,0.9042351821192463,29.192999935150148,30.177982337085783,28.208017533214512,29.119999885559082,29.989998817443848,33.47500038146973,36.05000114440918,28.899999618530277
2018-11-16,28.43000030517578,28.920000076293945,28.18000030517578,28.61000061035156,234700,0,0,0.0,0.9042351821192463,29.126499938964844,30.079498248554764,28.173501629374925,28.929999351501465,29.644999504089355,33.40999984741211,36.05000114440918,29.6200008392334
2018-11-19,28.600000381469727,28.90999984741211,28.1299991607666,28.46999931335449,137100,0,0,-0.004893439147513168,0.8998103622805053,29.079999923706055,30.06563685417695,28.09436299323516,28.929999351501465,29.539999961853027,32.709999084472656,35.35000038146973,30.989999771118164
2018-11-20,28.36000061035156,28.76000022888184,28.0,28.020000457763672,126900,0,0,-0.015806071880716033,0.8855878950152865,29.01499996185303,30.09663249671717,27.933367426988887,28.929999351501465,29.539999961853027,32.59499931335449,35.23500061035156,31.25
2018-11-21,28.059999465942383,28.450000762939453,27.920000076293945,28.100000381469727,107200,0,0,0.0028551007280190888,0.8881163376590695,28.973499965667724,30.127095061458963,27.819904869876485,28.899999618530273,29.539999961853027,31.977499961853027,34.67500114440918,31.700000762939453
2018-11-23,28.09000015258789,28.530000686645508,28.09000015258789,28.34000015258789,108700,0,0,0.008540917005696258,0.8957016655904185,28.93149995803833,30.11309618433438,27.74990373174228,28.899999618530273,29.364999771118164,31.822500228881836,34.67500114440918,32.380001068115234
2018-11-26,28.489999771118164,28.96999931335449,28.07999992370605,28.270000457763672,163700,0,0,-0.00246999627548794,0.8934892858124619,28.938000011444093,30.103249728802115,27.77275029408607,28.899999618530273,29.269999504089355,31.77250099182129,34.53000068664551,33.04999923706055
2018-11-27,28.15999984741211,28.71999931335449,27.649999618530277,27.850000381469727,182500,0,0,-0.014856741050338518,0.8802149468618943,28.895000076293947,30.151646275544962,27.63835387704293,28.449999809265137,29.014999389648438,31.702500343322754,33.77000045776367,34.41999816894531
2018-11-28,28.15999984741211,29.540000915527344,27.13999938964844,29.25,901600,0,0,0.050269285434616284,0.9244627232695104,28.867000102996826,30.06374251738229,27.67025768861136,28.34000015258789,28.75999927520752,31.53499984741211,33.28499984741211,34.15999984741211
2018-11-29,28.989999771118164,30.299999237060547,28.84000015258789,30.06999969482422,316000,0,0,0.028034177600827936,0.9503792754389929,28.888000106811525,30.15253928501281,27.62346092861024,28.719999313354492,28.75999927520752,31.47000026702881,33.28499984741211,34.08000183105469
2018-11-30,30.06999969482422,31.239999771118164,29.920000076293945,31.100000381469727,520200,0,0,0.03425343189553787,0.9829330272251731,28.939000129699707,30.45245967295556,27.425540586443855,29.1899995803833,29.1899995803833,31.297500610351562,33.28499984741211,34.52000045776367
2018-12-03,31.299999237060547,31.65999984741211,30.88999938964844,31.63999938964844,426600,0,0,0.017363311947110605,1.0000000000000016,29.045500087738038,30.95699807444044,27.134002101035637,29.399999618530273,29.399999618530273,31.145000457763672,33.28499984741211,35.16999816894531
2018-12-04,31.46999931335449,31.989999771118164,30.040000915527344,30.540000915527344,532300,0,0,-0.03476607128130915,0.9652339287186924,29.12350015640259,31.143389124348772,27.103611188456405,29.5649995803833,29.5649995803833,30.787500381469727,32.96499919891358,34.70000076293945
2018-12-06,30.25,30.96999931335449,29.61000061035156,30.07999992370605,562500,0,0,-0.01506224551510793,0.9506953383048192,29.152000141143798,31.209047744145607,27.09495253814199,29.5649995803833,29.5649995803833,30.692500114440918,32.95499897003174,34.380001068115234
2018-12-07,30.13999938964844,31.32999992370605,29.809999465942383,30.25,316500,0,0,0.005651598295383309,0.9560682864582116,29.19600009918213,31.30734269123154,27.084657507132718,29.5649995803833,29.5649995803833,30.529999256134033,32.95499897003174,34.869998931884766
2018-12-10,30.239999771118164,31.049999237060547,29.68000030517578,30.920000076293945,430500,0,0,0.022148762852692405,0.9772440162059546,29.2810001373291,31.52362747317885,27.038372801479355,29.5649995803833,29.5649995803833,30.332499504089355,32.95499897003174,35.45000076293945
2018-12-11,31.200000762939453,31.43000030517578,30.489999771118164,31.170000076293945,288200,0,0,0.008085381610062559,0.9851454070031299,29.397000122070313,31.77584063221188,27.018159611928745,29.5649995803833,29.5649995803833,30.022499561309814,32.95499897003174,36.15999984741211
2018-12-12,31.450000762939453,31.790000915527344,30.899999618530277,30.940000534057617,233800,0,0,-0.007378875254198447,0.9778761419376073,29.48050012588501,31.952100746023557,27.00889950574646,30.414999961853027,29.5649995803833,29.947499752044678,32.95499897003174,36.33000183105469
2018-12-13,30.940000534057617,31.270000457763672,30.549999237060547,31.059999465942383,301000,0,0,0.003878439877616602,0.981668775761868,29.585500144958495,32.13772963309998,27.03327065681701,30.800000190734863,29.5649995803833,29.88249921798706,32.95499897003174,36.02000045776367
2018-12-14,30.8799991607666,30.899999618530277,29.84000015258789,30.01000022888184,205900,0,0,-0.03380551368688456,0.9484829585268629,29.66500015258789,32.16502014467931,27.16498016049647,30.800000190734863,29.5649995803833,29.88249921798706,32.95499897003174,36.0
2018-12-17,30.020000457763672,30.520000457763672,28.90999984741211,29.100000381469727,315600,0,0,-0.030323220275630725,0.919721900847771,29.6895001411438,32.15672019968736,27.222280082600236,30.449999809265137,29.5649995803833,29.88249921798706,32.95499897003174,35.869998931884766
2018-12-18,29.200000762939453,29.739999771118164,28.96999931335449,29.46999931335449,253800,0,0,0.012714739760634863,0.9314159254692068,29.732500076293945,32.15196782825126,27.313032324336632,30.350000381469727,29.5649995803833,29.88249921798706,32.95499897003174,35.439998626708984
2018-12-19,29.540000915527344,29.96999931335449,29.31999969482422,29.8700008392334,340200,0,0,0.013573177305696404,0.9440581989709497,29.80250015258789,32.15102326786993,27.453977037305847,30.350000381469727,29.5649995803833,29.899999618530273,32.95499897003174,35.099998474121094
2018-12-20,29.84000015258789,30.100000381469727,28.850000381469727,28.979999542236328,277800,0,0,-0.0297958243050358,0.9159292067406827,29.850500106811523,32.086704242623846,27.614295970999198,30.320000648498535,29.5649995803833,29.919999599456787,32.95499897003174,35.5099983215332
2018-12-21,28.920000076293945,29.479999542236328,27.920000076293945,28.270000457763672,1473000,0,0,-0.024499623729734132,0.8934892858124621,29.85900011062622,32.06938987485999,27.648610346392445,29.855000495910645,29.5649995803833,29.919999599456787,32.95499897003174,35.619998931884766
2018-12-24,28.25,28.46999931335449,27.68000030517578,27.739999771118164,107200,0,0,-0.01874781316106966,0.8767383156206325,29.829000091552736,32.13627619001292,27.52172399309255,29.735000610351562,29.5649995803833,29.654999256134033,32.95499897003174,35.689998626708984
2018-12-26,27.82999992370605,28.950000762939453,27.32999992370605,28.899999618530277,215900,0,0,0.04181686578886934,0.9134007640968999,29.860500049591064,32.09714733851427,27.62385276066786,29.300000190734863,29.5649995803833,29.554999351501465,32.95499897003174,36.08000183105469
2018-12-27,28.56999969482422,29.649999618530277,28.290000915527344,29.6200008392334,236900,0,0,0.024913537377400763,0.9361568081737743,29.949000072479247,31.98991698584631,27.908083159112184,29.114999771118164,29.5649995803833,29.28749942779541,32.95499897003174,35.7400016784668
2018-12-28,29.75,31.18000030517578,29.709999084472656,30.989999771118164,382600,0,0,0.04625249470182746,0.9794563959839115,30.036000061035157,32.09877808531362,27.9732220367567,29.255000114440918,29.5649995803833,29.234999656677246,32.95499897003174,35.849998474121094
2018-12-31,30.729999542236328,31.299999237060547,30.32999992370605,31.25,426200,0,0,0.008389810609942261,0.9876738496469132,30.095000076293946,32.22542938059047,27.964570771997423,29.3149995803833,29.5649995803833,29.234999656677246,32.95499897003174,28.040000915527344
2019-01-02,30.920000076293945,31.940000534057617,30.51000022888184,31.700000762939453,329000,0,0,0.014400024414062518,1.0018963771949598,30.125000095367433,32.327661813123804,27.92233837761106,29.635000228881836,29.5649995803833,29.21999979019165,32.65999889373779,28.020000457763672
2019-01-03,31.56999969482422,32.79999923706055,31.43000030517578,32.380001068115234,277500,0,0,0.02145111321166815,1.023388169808529,30.16200017929077,32.48799505955652,27.83600529902503,30.0649995803833,29.969999313354492,29.13249969482422,32.65999889373779,27.809999465942383
2019-01-04,32.56999969482422,33.349998474121094,32.529998779296875,33.04999923706055,361100,0,0,0.0206917278210057,1.0445638392734442,30.28750009536743,32.934014958535656,27.64098523219921,30.339999198913574,30.244998931884766,29.084999561309814,32.5600004196167,27.8799991607666
2019-01-07,33.0,34.619998931884766,33.0,34.41999816894531,303700,0,0,0.0414523135706617,1.0878634270835812,30.504500007629396,33.70728261471636,27.301717400542426,30.97499942779541,30.8799991607666,28.732499599456787,32.304999351501465,27.200000762939453
2019-01-08,34.619998931884766,34.959999084472656,34.119998931884766,34.15999984741211,580500,0,0,-0.007553699458583418,1.0796460337034073,30.7,34.27658482103677,27.123415178963228,31.144999504089355,31.144999504089355,28.549999713897705,32.04999923706055,27.32999992370605
2019-01-09,34.099998474121094,34.38999938964844,33.84000015258789,34.08000183105469,429400,0,0,-0.0023418623160058605,1.077117651342452,30.858000087738038,34.72983681700059,26.986163358475487,31.625,31.144999504089355,28.739999294281006,31.920000076293945,26.93000030517578
2019-01-10,34.040000915527344,34.7599983215332,33.709999084472656,34.52000045776367,307500,0,0,0.012910757132297057,1.0910240557418447,31.025500106811524,35.21708630506735,26.8339139085557,32.334999084472656,31.144999504089355,29.1899995803833,31.920000076293945,27.489999771118164
2019-01-11,34.5099983215332,35.25,34.279998779296875,35.16999816894531,249400,0,0,0.018829597409100174,1.1115675994751073,31.236999988555908,35.80427601992252,26.669723957189294,32.78999996185303,31.289999961853027,29.399999618530273,31.719999313354492,28.280000686645508
2019-01-14,34.84000015258789,35.290000915527344,34.599998474121094,34.70000076293945,241500,0,0,-0.013363589151985322,1.0967130667610634,31.41900005340576,36.2298691223,26.608130984511522,32.90000057220459,31.3100004196167,29.5649995803833,31.645000457763672,27.81999969482422
2019-01-15,34.70000076293945,34.83000183105469,34.2599983215332,34.380001068115234,184500,0,0,-0.009221893019840666,1.0865992961859314,31.637500095367432,36.569305075985696,26.705695114749165,33.36000061035156,31.3100004196167,29.5649995803833,31.475000381469727,27.71999931335449
2019-01-16,34.40999984741211,34.959999084472656,34.29999923706055,34.869998931884766,344200,0,0,0.01425240978901443,1.102085954631628,31.926000022888182,36.90565219248388,26.946347853292487,33.90999984741211,31.3100004196167,29.5649995803833,31.32499885559082,27.88999938964844
2019-01-17,34.86000061035156,35.779998779296875,34.529998779296875,35.45000076293945,353500,0,0,0.01663326208261906,1.1204172391525893,32.225000095367434,37.29715234685634,27.15284784387853,34.38999938964844,31.554999351501465,29.5649995803833,31.024999618530273,27.6299991607666
2019-01-18,35.459999084472656,36.15999984741211,35.380001068115234,36.15999984741211,294500,0,0,0.02002818248779592,1.1428571600808097,32.539500045776364,37.76789904564605,27.311101045906682,34.93499946594238,31.744999885559082,29.5649995803833,30.545000076293945,27.709999084472656
2019-01-22,35.91999816894531,36.47999954223633,35.529998779296875,36.33000183105469,354800,0,0,0.004701382310839275,1.1482301685170297,32.90700016021729,38.115964177099286,27.69803614333529,35.09499931335449,31.90499973297119,29.989999771118164,30.395000457763672,27.850000381469727
2019-01-23,36.400001525878906,36.91999816894531,35.70000076293945,36.02000045776367,314800,0,0,-0.00853293029635982,1.1384324005248965,33.29450016021728,38.20754879877367,28.381451521660896,35.314998626708984,32.124999046325684,30.182499885559082,30.264999389648438,28.38999938964844
2019-01-24,36.02000045776367,36.310001373291016,35.45000076293945,36.0,191400,0,0,-0.0005552597864934006,1.1378002747932439,33.70750017166138,38.03071985098158,29.384280492341176,35.58999824523926,32.124999046325684,30.182499885559082,30.264999389648438,28.09000015258789
2019-01-25,36.20000076293945,36.41999816894531,35.75,35.869998931884766,187600,0,0,-0.0036111407809786833,1.1336915178203293,34.0560001373291,37.86015636865478,30.251843906003423,35.58999824523926,32.124999046325684,30.00749969482422,30.264999389648438,28.100000381469727
2019-01-28,35.689998626708984,35.970001220703125,35.209999084472656,35.439998626708984,163700,0,0,-0.011987742346809882,1.1201011160039354,34.34700002670288,37.59319076926367,31.10080928414209,35.58999824523926,32.124999046325684,29.957499980926514,30.264999389648438,27.709999084472656
2019-01-29,35.61000061035156,35.7599983215332,34.869998931884766,35.099998474121094,163500,0,0,-0.009593684135519531,1.1093552196971508,34.55249996185303,37.41659889066063,31.68840103304543,35.60999870300293,32.124999046325684,29.957499980926514,29.954999923706055,27.280000686645508
2019-01-30,35.209999084472656,35.779998779296875,34.88999938964844,35.5099983215332,167000,0,0,0.011680907841474575,1.1223134957818919,34.765499877929685,37.21494621628804,32.31605353957133,35.724998474121094,32.124999046325684,29.942500114440918,29.954999923706055,26.979999542236328
2019-01-31,35.41999816894531,36.27999877929688,35.400001525878906,35.619998931884766,211600,0,0,0.0030977362869899494,1.125790127023154,34.961499786376955,36.984379326098825,32.938620246655084,35.89499855041504,32.124999046325684,29.710000038146973,29.954999923706055,26.850000381469727
2019-02-01,35.66999816894531,35.75,35.16999816894531,35.689998626708984,314600,0,0,0.0019651795879633838,1.1280025068011106,35.12699966430664,36.782646789690084,33.47135253892319,35.89499855041504,32.124999046325684,29.65000009536743,29.619998931884766,26.549999237060547
2019-02-04,35.7599983215332,36.290000915527344,35.650001525878906,36.08000183105469,234000,0,0,0.010927520856048423,1.1403287777198545,35.27849979400635,36.67841154828795,33.878588039724754,35.89499855041504,32.60499954223633,29.432499885559082,29.619998931884766,26.209999084472656
2019-02-05,36.2599983215332,36.2599983215332,35.4900016784668,35.7400016784668,188000,0,0,-0.009423507076855131,1.12958288141307,35.34449996948242,36.699558084434656,33.989441854530185,35.64499855041504,33.314998626708984,29.339999675750732,29.5649995803833,26.09000015258789
2019-02-06,35.83000183105469,36.09999847412109,35.619998931884766,35.849998474121094,294000,0,0,0.0030776941938581714,1.1330593920886765,35.42899990081787,36.68410709422593,34.17389270740981,35.64499855041504,33.624999046325684,29.40999984741211,29.5649995803833,26.290000915527344
2019-02-07,33.9900016784668,34.0,27.700000762939453,28.040000915527344,1325300,0,0,-0.21785210295703428,0.8862200207469394,35.126999855041504,38.57338073825632,31.68061897182669,31.9950008392334,32.30999946594238,29.4399995803833,29.5649995803833,26.1200008392334
2019-02-08,27.86000061035156,28.15999984741211,26.450000762939453,28.020000457763672,930100,0,0,-0.0007132830638603149,0.8855878950152867,34.8019998550415,39.4483313912965,30.155668318786507,31.3700008392334,31.684999465942383,29.59999990463257,29.5649995803833,25.520000457763672
2019-02-11,28.11000061035156,28.809999465942383,27.790000915527344,27.809999465942383,541700,0,0,-0.007494681955406701,0.878950695398589,34.433999919891356,39.99260071195162,28.875399127831095,31.3700008392334,31.684999465942383,30.017499446868896,29.969999313354492,24.96999931335449
2019-02-12,27.979999542236328,28.0,27.32999992370605,27.8799991607666,487800,0,0,0.0025170692617215717,0.8811630751765457,34.09299983978271,40.34588352027686,27.84011615928857,31.3700008392334,31.684999465942383,30.29249906539917,30.244998931884766,25.190000534057617
2019-02-13,27.86000061035156,28.1299991607666,26.959999084472656,27.200000762939453,380800,0,0,-0.024390187169878286,0.8596713428458042,33.73399982452393,40.67427712676871,26.793722522279147,31.3700008392334,31.684999465942383,30.927499294281006,30.8799991607666,23.93000030517578
2019-02-14,27.09000015258789,27.809999465942383,26.940000534057617,27.32999992370605,1328900,0,0,0.004779380776478659,0.863780039535891,33.35699987411499,40.81513778203276,25.898861966197224,31.3700008392334,31.684999465942383,31.144999504089355,31.049999237060547,23.899999618530277
2019-02-15,27.450000762939453,27.65999984741211,26.63999938964844,26.93000030517578,329200,0,0,-0.014635917294068879,0.8511378263169761,32.93099985122681,40.827578361454876,25.034421340998737,31.354999542236328,31.684999465942383,31.384999752044678,31.049999237060547,23.739999771118164
2019-02-19,26.920000076293945,27.71999931335449,26.600000381469727,27.489999771118164,983600,0,0,0.02079463273658977,0.868836924823457,32.49749984741211,40.589077699322914,24.4059219955013,31.27499961853027,31.684999465942383,31.739999294281006,31.049999237060547,23.46999931335449
2019-02-20,27.3799991607666,28.530000686645508,27.3799991607666,28.280000686645508,299800,0,0,0.02873775635157849,0.8938053486782882,32.09499979019165,40.184817093422964,24.005182486960337,30.225000381469727,31.684999465942383,32.03999996185303,31.19499969482422,23.559999465942383
2019-02-21,28.309999465942383,28.309999465942383,27.459999084472656,27.81999969482422,155300,0,0,-0.016265946982049084,0.8792667582644152,31.68499975204468,39.76866635559891,23.601333148490447,27.630000114440918,31.684999465942383,32.105000495910645,31.21500015258789,23.25
2019-02-22,27.81999969482422,28.059999465942383,27.399999618530277,27.71999931335449,273900,0,0,-0.003594550056315593,0.8761061898889795,31.270999717712403,39.27516310171575,23.266836333709062,27.704999923706055,31.684999465942383,32.33500051498413,31.21500015258789,23.82999992370605
2019-02-25,27.739999771118164,28.21999931335449,27.739999771118164,27.88999938964844,441400,0,0,0.0061327590369764096,0.8814791380423721,30.871999740600586,38.71149266027617,23.032506820925,27.565000534057617,31.684999465942383,32.610000133514404,31.21500015258789,23.530000686645508
2019-02-26,27.950000762939453,28.200000762939453,27.46999931335449,27.6299991607666,246600,0,0,-0.00932234616607197,0.8732616843793704,30.481499767303468,38.14616723243784,22.816832302169097,27.565000534057617,31.684999465942383,32.97249937057495,31.459999084472656,23.239999771118164
2019-02-27,27.51000022888184,27.899999618530277,27.32999992370605,27.709999084472656,238800,0,0,0.002895400873542231,0.8757901270231533,30.111999797821046,37.55748703413453,22.666512561507556,27.565000534057617,31.684999465942383,33.33999967575073,31.649999618530273,23.479999542236328
2019-02-28,27.84000015258789,27.959999084472656,27.57999992370605,27.850000381469727,149900,0,0,0.005052374652567915,0.8802149468618943,29.728999900817872,36.79901805838298,22.658981743252767,27.565000534057617,31.684999465942383,33.49999952316284,31.809999465942383,23.38999938964844
2019-03-01,28.0,28.520000457763672,27.81999969482422,28.38999938964844,289500,0,0,0.019389551195051702,0.8972819196367227,29.367499923706056,35.909858688891326,22.82514115852079,27.565000534057617,31.434999465942383,33.719998836517334,32.029998779296875,23.780000686645508
2019-03-04,28.450000762939453,28.690000534057617,28.0,28.09000015258789,212000,0,0,-0.0105670744455858,0.8878002747932433,28.9875,34.85829122816031,23.11670877183969,28.010000228881836,31.434999465942383,33.85749864578247,32.029998779296875,23.5
2019-03-05,28.0,28.43000030517578,27.90999984741211,28.100000381469727,240700,0,0,0.00035600672223257135,0.8881163376590696,28.58849992752075,33.46813259138822,23.708867263653282,28.010000228881836,31.3700008392334,33.85749864578247,32.029998779296875,23.8700008392334
2019-03-06,28.1299991607666,28.350000381469727,27.6200008392334,27.709999084472656,232800,0,0,-0.013879049526784093,0.8757901270231533,28.186999797821045,31.78897359046888,24.58502600517321,28.010000228881836,31.3700008392334,33.85749864578247,32.029998779296875,23.65999984741211
2019-03-07,27.81999969482422,28.059999465942383,27.26000022888184,27.280000686645508,242200,0,0,-0.015517806280552993,0.8621997854895871,27.758499908447266,28.483191509511904,27.03380830738263,27.975000381469727,31.3700008392334,33.86749887466431,32.029998779296875,23.790000915527344
2019-03-08,27.280000686645508,27.540000915527344,26.959999084472656,26.979999542236328,131200,0,0,-0.010997109122363069,0.8527180803632801,27.705499839782714,28.4931141754595,26.91788550410593,27.824999809265137,31.3700008392334,33.92499876022339,32.029998779296875,23.51000022888184
2019-03-11,27.01000022888184,27.229999542236328,26.81999969482422,26.850000381469727,150100,0,0,-0.004818352964131578,0.8486093836731932,27.646999835968018,28.50401622239404,26.789983449541996,27.755000114440918,31.3700008392334,34.00999879837036,32.029998779296875,23.729999542236328
2019-03-12,26.84000015258789,27.06999969482422,26.440000534057617,26.549999237060547,153300,0,0,-0.011173226821114768,0.8391276785468862,27.583999824523925,28.561942681049114,26.606056967998736,27.565000534057617,31.36500072479248,34.00999879837036,32.029998779296875,23.780000686645508
2019-03-13,26.63999938964844,26.81999969482422,26.149999618530277,26.209999084472656,349000,0,0,-0.012806032480531804,0.8283817822401015,27.50049982070923,28.637237270353367,26.363762371065093,27.420000076293945,31.20499897003174,34.249999046325684,32.029998779296875,23.84000015258789
2019-03-14,26.290000915527344,26.3700008392334,25.979999542236328,26.09000015258789,325400,0,0,-0.004578364596580786,0.824589148415841,27.444999790191652,28.734851071818643,26.15514850856466,27.335000038146973,31.039999008178707,34.47999858856201,32.029998779296875,23.479999542236328
2019-03-15,26.1299991607666,26.6200008392334,26.07999992370605,26.290000915527344,518000,0,0,0.007665801524328941,0.8309102851667122,27.392999839782714,28.77858032473776,26.007419354827668,27.204999923706055,29.989999771118164,34.63499879837036,32.029998779296875,23.809999465942383
2019-03-18,26.309999465942383,26.56999969482422,26.07999992370605,26.1200008392334,212200,0,0,-0.0064663396870990875,0.8255373370133199,27.352499866485594,28.834900212650282,25.870099520320906,27.164999961853027,27.394999504089355,32.15250015258789,32.029998779296875,24.200000762939453
2019-03-19,26.040000915527344,26.200000762939453,25.440000534057617,25.520000457763672,254400,0,0,-0.02297091738865875,0.8065739870435336,27.25399990081787,28.9372757265345,25.57072407510124,26.75,27.125,31.52750015258789,31.684999465942383,23.739999771118164
2019-03-20,25.979999542236328,26.649999618530277,24.6299991607666,24.96999931335449,319200,0,0,-0.021551768594967324,0.7891908911200511,27.08849983215332,28.976506757480323,25.20049290682632,26.085000038146973,26.65999984741211,31.52750015258789,31.684999465942383,24.059999465942383
2019-03-21,24.920000076293945,25.729999542236328,24.920000076293945,25.190000534057617,344700,0,0,0.00881062181629555,0.7961441536025752,26.95699987411499,28.985596786384853,24.92840296184513,25.929999351501465,26.65999984741211,31.52750015258789,31.684999465942383,24.450000762939453
2019-03-22,25.13999938964844,25.350000381469727,23.90999984741211,23.93000030517578,245900,0,0,-0.050019857172225124,0.7563211367508723,26.767499923706055,29.155991199222438,24.37900864818967,25.489999771118164,26.300000190734863,31.52750015258789,31.684999465942383,24.479999542236328
2019-03-25,23.920000076293945,24.229999542236328,23.8799991607666,23.899999618530277,368800,0,0,-0.0012536851760514,0.7553729481533934,26.567999935150148,29.204607921933203,23.931391948367093,25.34999942779541,26.28499984741211,31.52750015258789,31.684999465942383,24.770000457763672
2019-03-26,24.01000022888184,24.36000061035156,23.57999992370605,23.739999771118164,202300,0,0,-0.006694554391877938,0.7503160628658273,26.373499965667726,29.23491810923352,23.512081822101933,25.114999771118164,26.135000228881836,31.519999504089355,31.684999465942383,24.559999465942383
2019-03-27,23.71999931335449,23.8799991607666,23.229999542236328,23.46999931335449,335100,0,0,-0.011373229164566179,0.7417825463369992,26.161499977111816,29.219168045803055,23.103831908420577,24.9399995803833,25.960000038146973,31.479999542236328,31.684999465942383,25.34000015258789
2019-03-28,23.530000686645508,23.899999618530277,23.40999984741211,23.559999465942383,282400,0,0,0.0038346891870884026,0.7446270518466086,25.946999931335448,29.10218742192066,22.791812440750235,24.9399995803833,25.960000038146973,30.954999923706055,31.684999465942383,23.799999237060547
2019-03-29,23.709999084472656,23.850000381469727,23.06999969482422,23.25,436100,0,0,-0.01315787236712418,0.7348293441373029,25.689999961853026,28.844693427585852,22.5353064961202,24.859999656677246,25.880000114440918,29.65749979019165,31.684999465942383,26.479999542236328
2019-04-01,23.350000381469727,23.8799991607666,23.25,23.82999992370605,446500,0,0,0.02494623327767953,0.7531605683754363,25.476999950408935,28.52716573880644,22.42683416201143,24.859999656677246,25.880000114440918,29.69499969482422,31.684999465942383,26.309999465942383
2019-04-02,23.81999969482422,24.040000915527344,23.459999084472656,23.530000686645508,218800,0,0,-0.012589141335334397,0.7436789235319572,25.248499965667726,28.15843931146885,22.338560619866602,24.399999618530273,25.880000114440918,29.625,31.684999465942383,26.40999984741211
2019-04-03,23.600000381469727,23.86000061035156,23.239999771118164,23.239999771118164,306700,0,0,-0.012324730431985675,0.7345132812714765,25.025,27.827915664721264,22.222084335278733,24.210000038146973,25.880000114440918,29.625,31.684999465942383,26.700000762939453
2019-04-04,23.270000457763672,23.68000030517578,23.190000534057617,23.479999542236328,228700,0,0,0.010327012628305932,0.7420986092028254,24.83499994277954,27.511723274667425,22.158276610891654,23.71500015258789,25.880000114440918,29.625,31.684999465942383,26.13999938964844
2019-04-05,23.440000534057617,23.59000015258789,23.280000686645508,23.38999938964844,383700,0,0,-0.0038330559771090345,0.7392541036932162,24.655499935150146,27.21019255851553,22.100807311784763,23.71500015258789,25.880000114440918,29.625,31.684999465942383,26.799999237060547
2019-04-08,23.3799991607666,23.989999771118164,23.32999992370605,23.780000686645508,247800,0,0,0.016673848104915567,0.7515803143291324,24.501999950408937,26.87105906252445,22.132940838293425,23.55500030517578,25.880000114440918,29.5,31.684999465942383,26.36000061035156
2019-04-09,23.649999618530277,23.940000534057617,23.3799991607666,23.5,315100,0,0,-0.01177462903955051,0.7427307349344782,24.34949998855591,26.55706725538672,22.141932721725098,23.55500030517578,25.75,29.72249984741211,31.684999465942383,26.809999465942383
2019-04-10,23.549999237060547,23.989999771118164,23.3700008392334,23.8700008392334,322800,0,0,0.015744716563123262,0.7544248198387418,24.232500076293945,26.273238920425694,22.191761232162197,23.55500030517578,25.710000038146973,29.690000534057617,31.684999465942383,27.239999771118164
2019-04-11,23.8700008392334,23.88999938964844,23.549999237060547,23.65999984741211,112000,0,0,-0.008797695200585265,0.747787620222044,24.111000061035156,25.974752415406456,22.247247706663856,23.61500072479248,25.5649995803833,29.690000534057617,31.684999465942383,26.920000076293945
2019-04-12,23.68000030517578,23.88999938964844,23.51000022888184,23.790000915527344,169600,0,0,0.005494550674287169,0.7518963771949587,23.986000061035156,25.55801076672024,22.413989355350072,23.61500072479248,25.30500030517578,29.672500610351562,31.684999465942383,27.399999618530277
2019-04-15,23.82999992370605,24.09000015258789,23.489999771118164,23.51000022888184,269600,0,0,-0.011769679523751186,0.7430467978003045,23.85550003051758,25.091380078262354,22.619619982772804,23.640000343322754,25.149999618530273,29.597500324249268,31.684999465942383,26.75
2019-04-16,23.59000015258789,23.84000015258789,23.46999931335449,23.729999542236328,193700,0,0,0.009357690821466758,0.7500000000000007,23.76599998474121,24.734511134833408,22.797488834649013,23.640000343322754,25.06999969482422,29.562500476837158,31.684999465942383,26.100000381469727
2019-04-17,23.809999465942383,23.940000534057617,23.57999992370605,23.780000686645508,216600,0,0,0.0021070857721756653,0.7515803143291324,23.70650005340576,24.500628959262198,22.912371147549326,23.6850004196167,24.94499969482422,29.46500062942505,31.679999351501465,26.770000457763672
2019-04-18,23.739999771118164,24.049999237060547,23.670000076293945,23.84000015258789,142200,0,0,0.0025231061484400907,0.7534766312412627,23.639000034332277,24.05233573125303,23.225664337411523,23.710000038146973,24.859999656677246,29.312499523162842,31.534998893737793,26.76000022888184
2019-04-22,23.770000457763672,23.899999618530277,23.38999938964844,23.479999542236328,134100,0,0,-0.015100696646282663,0.7420986092028254,23.616499996185304,24.01246611597094,23.220533876399667,23.730000495910645,24.859999656677246,29.187499523162842,31.44999885559082,26.290000915527344
2019-04-23,23.43000030517578,23.81999969482422,23.209999084472656,23.809999465942383,320100,0,0,0.014054511505097844,0.7525284426437837,23.611999988555908,23.996743134957732,23.227256842154084,23.649999618530273,24.859999656677246,28.59749984741211,31.44999885559082,25.790000915527344
2019-04-24,23.899999618530277,24.489999771118164,23.84000015258789,24.200000762939453,244700,0,0,0.016379727246736087,0.7648546532796999,23.635000038146973,24.095957124309308,23.17404295198464,23.84999942779541,24.859999656677246,27.27999973297119,31.44999885559082,25.56999969482422
2019-04-25,24.06999969482422,24.06999969482422,23.450000762939453,23.739999771118164,294400,0,0,-0.01900830484789684,0.750316062865827,23.648500061035158,24.10508403248066,23.191916089589654,23.84999942779541,24.859999656677246,26.9375,31.179999351501465,26.149999618530277
2019-04-26,23.84000015258789,24.32999992370605,23.770000457763672,24.059999465942383,213700,0,0,0.013479347005450615,0.7604298334409589,23.673500061035156,24.161961967675165,23.185038154395148,23.84999942779541,24.399999618530273,26.37249994277954,30.774998664855957,26.18000030517578
2019-04-29,23.8799991607666,24.520000457763672,23.81999969482422,24.450000762939453,223400,0,0,0.016209530575806097,0.7727560440768753,23.73350009918213,24.289993625308366,23.177006573055895,23.864999771118164,24.210000038146973,26.294999599456787,30.774998664855957,26.01000022888184
2019-04-30,24.43000030517578,24.68000030517578,24.059999465942383,24.479999542236328,267300,0,0,0.0012269439002368099,0.7737041723915266,23.766000080108643,24.411138327177017,23.12086183304027,23.94499969482422,23.875,25.894999980926514,30.41499900817871,25.75
2019-05-01,24.549999237060547,25.21999931335449,24.549999237060547,24.770000457763672,577600,0,0,0.011846442849273497,0.7828698146520072,23.82800006866455,24.59820025538317,23.057799881945932,24.214999198913574,24.144999504089355,25.81749963760376,30.399998664855957,26.0
2019-05-02,24.700000762939453,24.88999938964844,24.34000015258789,24.559999465942383,243300,0,0,-0.00847803746226694,0.7762326150353095,23.89400005340576,24.67759785509917,23.110402251712355,24.214999198913574,24.144999504089355,25.625,30.249999046325684,25.59000015258789
2019-05-03,24.71999931335449,25.479999542236328,24.670000076293945,25.34000015258789,397900,0,0,0.03175898630320173,0.8008849760243143,23.98700008392334,24.970441728176844,23.00355843966984,24.344999313354492,24.274999618530273,25.449999809265137,30.07499885559082,25.18000030517578
2019-05-06,25.06999969482422,25.3700008392334,23.71999931335449,23.799999237060547,518400,0,0,-0.06077351642675777,0.7522123797779572,24.007500076293944,24.956429040126636,23.05857111246125,24.46500015258789,24.274999618530273,25.449999809265137,30.07499885559082,25.170000076293945
2019-05-07,24.790000915527344,26.559999465942383,24.729999542236328,26.479999542236328,509100,0,0,0.11260505844901769,0.8369152987689288,24.142500019073488,25.575098774705676,22.7099012634413,25.005000114440918,24.875,25.369999885559082,29.994998931884766,25.61000061035156
2019-05-08,26.479999542236328,26.5,25.739999771118164,26.309999465942383,494400,0,0,-0.006419942569213077,0.8315423506155365,24.282999992370605,25.967917130439623,22.598082854301587,25.139999389648438,24.875,25.369999885559082,29.994998931884766,25.399999618530277
2019-05-09,26.280000686645508,26.46999931335449,25.920000076293945,26.40999984741211,457800,0,0,0.00380085076015213,0.8347029189909723,24.409999942779542,26.321535334677538,22.498464550881547,25.139999389648438,24.875,25.139999866485596,29.994998931884766,26.13999938964844
2019-05-10,26.399999618530277,26.75,25.959999084472656,26.700000762939453,320900,0,0,0.010980723862282105,0.8438685612514529,24.561999988555907,26.684995691983655,22.43900428512816,25.234999656677246,24.97000026702881,25.045000076293945,29.994998931884766,26.09000015258789
2019-05-13,26.3799991607666,26.559999465942383,25.979999542236328,26.13999938964844,221900,0,0,-0.020973833606338865,0.8261694024621444,24.679499912261964,26.878192307794304,22.480807516729623,25.234999656677246,24.979999542236328,24.797500133514404,29.994998931884766,25.530000686645508
2019-05-14,26.07999992370605,26.86000061035156,25.96999931335449,26.799999237060547,365600,0,0,0.025248655808058906,0.8470290693440609,24.8439998626709,27.15861221383728,22.529387511504517,25.289999961853024,25.03499984741211,24.797500133514404,29.994998931884766,25.88999938964844
2019-05-15,26.65999984741211,26.90999984741211,26.270000457763672,26.36000061035156,223800,0,0,-0.01641785967294107,0.8331226649446682,24.97549991607666,27.320978804876,22.630021027277323,25.3149995803833,25.059999465942383,24.71750020980835,29.744998931884766,25.15999984741211
2019-05-16,26.309999465942383,26.82999992370605,26.309999465942383,26.809999465942383,356500,0,0,0.017071276372205846,0.8473451322098873,25.126999855041504,27.535304332780743,22.718695377302264,25.3149995803833,25.059999465942383,24.65250015258789,29.744998931884766,24.38999938964844
2019-05-17,26.75,27.479999542236328,26.670000076293945,27.239999771118164,231500,0,0,0.01603880319811357,0.8609355340262812,25.296999835968016,27.79717862336967,22.79682104856636,26.104999542236328,25.344999313354492,24.632500171661377,29.68000030517578,24.299999237060547
2019-05-20,27.020000457763672,27.489999771118164,26.86000061035156,26.920000076293945,429600,0,0,-0.011747419145117122,0.8508217634511492,25.4689998626709,27.91774019982114,23.020259525520657,26.614999771118164,25.34999942779541,24.59000015258789,29.68000030517578,24.0
2019-05-21,26.940000534057617,27.57999992370605,26.920000076293945,27.399999618530277,611400,0,0,0.01783059215735383,0.8659924193138473,25.64849987030029,28.11091146067156,23.186088279929024,26.75,25.394999504089355,24.46000051498413,29.68000030517578,24.229999542236328
2019-05-22,27.299999237060547,27.299999237060547,26.649999618530277,26.75,146000,0,0,-0.02372261414524579,0.845448815297757,25.77599983215332,28.188224376414844,23.363775287891798,26.769999504089355,25.394999504089355,24.394999980926514,29.68000030517578,24.63999938964844
2019-05-23,26.56999969482422,26.63999938964844,26.049999237060547,26.100000381469727,527800,0,0,-0.024299051160010188,0.8249052112816667,25.8939998626709,28.117872913361058,23.67012681198074,26.77499961853027,25.394999504089355,24.355000019073486,29.68000030517578,25.799999237060547
2019-05-24,26.13999938964844,26.959999084472656,26.13999938964844,26.770000457763672,150100,0,0,0.025670500632238635,0.8460809410294097,26.02949991226196,28.114313082391156,23.944686742132767,26.77499961853027,25.394999504089355,24.31500005722046,29.68000030517578,25.6200008392334
2019-05-28,26.770000457763672,27.040000915527344,26.690000534057617,26.76000022888184,210900,0,0,-0.0003735610276738299,0.8457648781635835,26.14499988555908,28.118820920946384,24.171178850171778,26.8149995803833,25.394999504089355,24.28499984741211,29.66499900817871,26.1299991607666
2019-05-29,26.520000457763672,26.670000076293945,25.8799991607666,26.290000915527344,251800,0,0,-0.017563501843592233,0.8309102851667118,26.235499954223634,28.053901981273587,24.417097927173682,26.729999542236328,25.394999504089355,24.295000076293945,29.584999084472653,25.690000534057617
2019-05-30,26.299999237060547,26.61000061035156,25.549999237060547,25.790000915527344,238500,0,0,-0.019018637603192,0.8151075035723612,26.286499977111816,27.990012931406557,24.582987022817075,26.5649995803833,25.515000343322754,24.25499963760376,28.53499984741211,25.709999084472656
2019-05-31,25.6299991607666,25.63999938964844,25.32999992370605,25.56999969482422,173400,0,0,-0.008530485183917524,0.8081542410898371,26.33699998855591,27.883853264897642,24.790146712214177,26.45499992370605,25.515000343322754,24.354999542236328,25.9399995803833,25.34000015258789
2019-06-03,25.549999237060547,26.25,25.520000457763672,26.149999618530277,242600,0,0,0.022682828730086424,0.8264854653279708,26.377499961853026,27.858112856185063,24.89688706752099,26.45499992370605,25.64999961853027,24.354999542236328,25.9399995803833,25.11000061035156
2019-06-04,26.459999084472656,26.549999237060547,26.049999237060547,26.18000030517578,197800,0,0,0.0011472538081509498,0.8274336539254498,26.49650001525879,27.390697547640787,25.60230248287679,26.3149995803833,25.64999961853027,24.124999523162842,25.880000114440918,24.76000022888184
2019-06-05,26.149999618530277,26.32999992370605,25.84000015258789,26.01000022888184,205800,0,0,-0.0064935093320198645,0.8220607057720576,26.473000049591064,27.392323506812584,25.553676592369545,26.1850004196167,25.64999961853027,24.03749990463257,25.880000114440918,25.76000022888184
2019-06-06,25.959999084472656,26.059999465942383,25.57999992370605,25.75,158600,0,0,-0.00999616403667436,0.8138432521090558,26.445000076293944,27.41572331151016,25.474276841077728,26.1850004196167,25.64999961853027,23.90999984741211,25.880000114440918,25.239999771118164
2019-06-07,25.90999984741211,26.1200008392334,25.739999771118164,26.0,132300,0,0,0.009708737864077666,0.8217446429062312,26.42450008392334,27.414649111614555,25.434351056232128,26.1850004196167,25.64999961853027,24.179999351501465,25.880000114440918,24.989999771118164
2019-06-10,26.049999237060547,26.26000022888184,25.56999969482422,25.59000015258789,106400,0,0,-0.015769224900465728,0.80878636682149,26.369000053405763,27.414655660439816,25.32334444637171,26.0,25.64999961853027,24.179999351501465,25.880000114440918,24.690000534057617
2019-06-11,25.71999931335449,25.850000381469727,25.149999618530277,25.18000030517578,161500,0,0,-0.016021877489932224,0.7958280907367487,26.32100009918213,27.486896783954528,25.15510341440973,25.880000114440918,25.64999961853027,24.309999465942383,25.880000114440918,25.020000457763672
2019-06-12,25.18000030517578,25.709999084472656,25.06999969482422,25.170000076293945,107700,0,0,-0.0003971496727813717,0.7955120278709223,26.2395001411438,27.486065697433844,24.992934584853757,25.809999465942383,26.15499973297119,24.369999885559082,25.880000114440918,25.3799991607666
2019-06-13,25.290000915527344,25.649999618530277,25.239999771118164,25.61000061035156,103500,0,0,0.017481149492407866,0.8094184925531425,26.2020001411438,27.47692162753306,24.92707865475454,25.809999465942383,26.324999809265137,24.94000005722046,25.880000114440918,25.600000381469727
2019-06-14,25.6299991607666,25.780000686645508,25.309999465942383,25.399999618530277,145500,0,0,-0.008199960437970444,0.8027812929364451,26.131500148773192,27.420155804991527,24.842844492554857,25.809999465942383,26.324999809265137,25.00749969482422,25.880000114440918,26.38999938964844
2019-06-17,25.459999084472656,26.420000076293945,24.959999084472656,26.13999938964844,180500,0,0,0.029133849694167102,0.8261694024621445,26.076500129699706,27.259703784622154,24.89329647477726,25.6899995803833,26.269999504089355,25.00749969482422,25.880000114440918,27.149999618530277
2019-06-18,26.25,26.84000015258789,26.01000022888184,26.09000015258789,139200,0,0,-0.0019127482107115235,0.8245891484158404,26.035000133514405,27.15267052217832,24.91732974485049,25.899999618530273,26.269999504089355,25.102499961853027,25.880000114440918,26.739999771118164
2019-06-19,25.96999931335449,26.07999992370605,25.26000022888184,25.530000686645508,162900,0,0,-0.021464141919019353,0.8068900499093595,25.941500186920166,26.884195460738603,24.99880491310173,25.899999618530273,26.269999504089355,25.107499599456787,25.880000114440918,27.149999618530277
2019-06-20,25.71999931335449,26.3700008392334,25.540000915527344,25.88999938964844,119300,0,0,0.01410100639720091,0.8182680116649692,25.898500156402587,26.764276160047515,25.03272415275766,25.899999618530273,26.269999504089355,25.16249990463257,25.880000114440918,26.979999542236328
2019-06-21,25.780000686645508,25.899999618530277,25.1299991607666,25.15999984741211,302100,0,0,-0.02819619773835169,0.7951959650050958,25.85150012969971,26.769485218822712,24.933515040576705,25.899999618530273,26.269999504089355,25.187499523162842,25.880000114440918,27.81999969482422
2019-06-24,25.229999542236328,25.56999969482422,24.3700008392334,24.38999938964844,215400,0,0,-0.03060415192501953,0.7708596668819173,25.732500076293945,26.755598473154,24.709401679433892,25.605000495910645,25.975000381469727,25.187499523162842,25.75,27.549999237060547
2019-06-25,24.350000381469727,24.68000030517578,24.209999084472656,24.299999237060547,235400,0,0,-0.0036900432488773394,0.7680151613723079,25.609500026702882,26.698992378559986,24.52000767484578,25.524999618530273,25.894999504089355,25.72499942779541,25.710000038146973,27.21999931335449
2019-06-26,24.280000686645508,25.5,23.8799991607666,24.0,281700,0,0,-0.012345648003272758,0.7585335165288286,25.494999980926515,26.745647066407017,24.244352895446013,25.359999656677246,25.729999542236328,25.982499599456787,25.5649995803833,21.3700008392334
2019-06-27,24.049999237060547,24.350000381469727,23.940000534057617,24.229999542236328,357400,0,0,0.009583314259846931,0.7658027815943512,25.416999912261964,26.775480275919517,24.058519548604412,25.359999656677246,25.589999198913574,26.072499752044678,25.324999809265137,21.700000762939453
2019-06-28,24.32999992370605,25.020000457763672,24.11000061035156,24.63999938964844,1669400,0,0,0.01692116612290584,0.7787610576790926,25.370499897003178,26.768376852226012,23.972622941780344,25.359999656677246,25.460000038146973,26.082499504089355,25.324999809265137,20.899999618530277
2019-07-01,24.920000076293945,25.81999969482422,24.770000457763672,25.799999237060547,265300,0,0,0.04707791705138731,0.8154235061553596,25.35299987792969,26.71947895427403,23.98652080158535,25.125,25.460000038146973,26.084999561309814,25.324999809265137,21.63999938964844
2019-07-02,25.84000015258789,26.020000457763672,25.399999618530277,25.6200008392334,219300,0,0,-0.006976682292633152,0.8097345554189687,25.32499990463257,26.644175913715376,24.005823895549764,25.125,25.460000038146973,26.084999561309814,25.324999809265137,21.920000076293945
2019-07-03,25.76000022888184,26.190000534057617,25.520000457763672,26.1299991607666,85200,0,0,0.019906257019016715,0.8258533395963179,25.33099985122681,26.66375298479695,23.99824671765667,25.03499984741211,25.359999656677246,26.104999542236328,25.324999809265137,21.670000076293945
2019-07-05,26.01000022888184,26.020000457763672,25.63999938964844,25.690000534057617,255700,0,0,-0.016838830495242707,0.8119469351969254,25.32799987792969,26.657193765544566,23.998805990314818,25.03499984741211,25.359999656677246,26.062499523162842,25.324999809265137,21.170000076293945
2019-07-08,25.63999938964844,26.280000686645508,25.63999938964844,25.709999084472656,170400,0,0,0.0007784565978707914,0.8125790006457504,25.313499832153322,26.6189134786663,24.008086185640344,25.079999923706055,25.359999656677246,26.039999961853027,25.324999809265137,21.34000015258789
2019-07-09,25.63999938964844,25.71999931335449,25.15999984741211,25.34000015258789,148600,0,0,-0.01439124640452527,0.8008849760243145,25.300999832153323,26.60029081625628,24.001708848050367,25.079999923706055,25.359999656677246,25.985000133514404,25.324999809265137,20.709999084472656
2019-07-10,25.43000030517578,25.739999771118164,25.100000381469727,25.11000061035156,185500,0,0,-0.009076540680795664,0.7936157109587918,25.297499847412112,26.59846998793308,23.996529706891145,25.110000610351562,25.359999656677246,26.05249977111816,25.324999809265137,21.0
2019-07-11,25.21999931335449,25.21999931335449,24.540000915527344,24.76000022888184,118400,0,0,-0.01393868470578341,0.782553751786181,25.276999855041506,26.59834416828945,23.95565554179356,25.195000648498535,25.359999656677246,25.982499599456787,25.324999809265137,21.149999618530277
2019-07-12,24.84000015258789,25.950000762939453,24.84000015258789,25.76000022888184,285200,0,0,0.04038772175912708,0.8141593149748823,25.28449983596802,26.615090417265865,23.953909254670176,25.410000801086426,25.359999656677246,25.917500019073486,25.324999809265137,21.6200008392334
2019-07-15,26.0,26.1299991607666,25.209999084472656,25.239999771118164,233700,0,0,-0.02018635299469662,0.7977244076488789,25.276499843597414,26.60612972890661,23.946869958288218,25.410000801086426,25.359999656677246,25.917500019073486,25.324999809265137,22.489999771118164
2019-07-16,25.299999237060547,25.540000915527344,24.8700008392334,24.989999771118164,311600,0,0,-0.009904912926586906,0.7898230168517036,25.218999862670902,26.491942596447313,23.94605712889449,25.410000801086426,25.359999656677246,25.917500019073486,25.324999809265137,22.979999542236328
2019-07-17,24.979999542236328,25.209999084472656,24.3799991607666,24.690000534057617,196700,0,0,-0.012004771500929268,0.7803413720082243,25.148999881744388,26.37527883863706,23.922720924851717,25.329999923706055,25.359999656677246,25.824999809265137,25.324999809265137,23.25
2019-07-18,24.76000022888184,25.040000915527344,24.3799991607666,25.020000457763672,281900,0,0,0.013365731736248776,0.7907712054491826,25.123499870300297,26.338055368594475,23.90894437200612,25.329999923706055,25.359999656677246,25.764999866485596,25.324999809265137,22.809999465942383
2019-07-19,24.90999984741211,25.690000534057617,24.90999984741211,25.3799991607666,153400,0,0,0.014388437106971352,0.802149167204792,25.097999858856202,26.267199304311102,23.9288004134013,25.2549991607666,25.359999656677246,25.982499599456787,25.324999809265137,23.739999771118164
2019-07-22,25.459999084472656,25.63999938964844,25.1200008392334,25.600000381469727,251600,0,0,0.008668291094477754,0.809102429687316,25.119999885559082,26.30964083583008,23.930358935288083,25.2549991607666,25.359999656677246,26.06749963760376,25.385000228881836,23.93000030517578
2019-07-23,25.81999969482422,26.450000762939453,25.75,26.38999938964844,173100,0,0,0.030859335797141174,0.8340707932593198,25.219999885559083,26.48220903080091,23.957790740317257,25.414999961853027,25.359999656677246,26.06749963760376,25.385000228881836,23.71999931335449
2019-07-24,26.43000030517578,27.229999542236328,26.299999237060547,27.149999618530277,202100,0,0,0.028798796758591427,0.8580910285166721,25.362499904632568,26.809240950807432,23.915758858457703,25.804999351501465,25.554999351501465,25.979999542236328,25.385000228881836,24.34000015258789
2019-07-25,27.06999969482422,27.26000022888184,26.71999931335449,26.739999771118164,250400,0,0,-0.015101283726438153,0.8451327524319306,25.499499893188478,26.9226905860601,24.076309200316857,25.81999969482422,25.56999969482422,26.084999561309814,25.385000228881836,24.059999465942383
2019-07-26,26.899999618530277,27.170000076293945,26.6299991607666,27.149999618530277,250100,0,0,0.015332829129450998,0.8580910285166721,25.645499897003173,27.116626607091465,24.17437318691488,25.81999969482422,25.56999969482422,26.084999561309814,25.394999504089355,23.959999084472656
2019-07-29,27.11000061035156,27.3799991607666,26.82999992370605,26.979999542236328,476800,0,0,-0.006261513026980747,0.8527180803632797,25.76249990463257,27.267330641387183,24.257669167877957,25.8799991607666,25.6299991607666,26.084999561309814,25.394999504089355,24.32999992370605
2019-07-30,27.100000381469727,27.84000015258789,26.850000381469727,27.81999969482422,268200,0,0,0.031134179645663007,0.8792667582644149,25.863499927520753,27.61818232055061,24.108817534490896,26.109999656677246,25.859999656677246,26.084999561309814,25.394999504089355,24.81999969482422
2019-07-31,27.739999771118164,28.40999984741211,27.270000457763672,27.549999237060547,326700,0,0,-0.009705264583949824,0.870733241735587,25.95999984741211,27.85851212433017,24.06148757049405,26.65999984741211,26.144999504089355,25.790000438690186,25.394999504089355,24.729999542236328
2019-08-01,27.559999465942383,27.729999542236328,27.1200008392334,27.21999931335449,269800,0,0,-0.011978218978029531,0.8603034082946286,26.014499855041503,27.99123714266584,24.037762567417165,26.765000343322754,26.144999504089355,25.709999561309814,25.394999504089355,25.07999992370605
2019-08-02,25.799999237060547,26.25,20.979999542236328,21.3700008392334,1184800,0,0,-0.2149154526705298,0.6754109118669889,25.798499870300294,28.63734416810395,22.959655572496636,24.69499969482422,24.69499969482422,25.544999599456787,25.394999504089355,25.940000534057617
2019-08-05,20.729999542236328,22.149999618530277,20.729999542236328,21.700000762939453,520100,0,0,0.015442204527208236,0.6858407453079471,25.59799995422363,28.95823941093802,22.237760497509242,24.56999969482422,24.56999969482422,25.47499942779541,25.394999504089355,26.86000061035156
2019-08-06,21.899999618530277,21.989999771118164,20.51000022888184,20.899999618530277,554400,0,0,-0.036866410888587,0.6605562585872896,25.375999927520752,29.318210256351843,21.43378959868966,24.460000038146973,24.460000038146973,25.40999984741211,25.394999504089355,26.850000381469727
2019-08-07,20.850000381469727,21.739999771118164,20.799999237060547,21.63999938964844,407300,0,0,0.03540668825955717,0.6839443681129892,25.202499866485596,29.47181936789829,20.9331803650729,24.460000038146973,24.460000038146973,25.292500019073486,25.394999504089355,26.8799991607666
2019-08-08,21.670000076293945,22.09000015258789,21.190000534057617,21.920000076293945,332200,0,0,0.012939033943755174,0.6927939475076433,25.0604998588562,29.564332921247725,20.556666796464675,24.460000038146973,24.460000038146973,25.292500019073486,25.394999504089355,26.82999992370605
2019-08-09,22.21999931335449,22.559999465942383,21.399999618530277,21.670000076293945,375300,0,0,-0.011405109449354911,0.684892556710468,24.855999851226805,29.582598555910803,20.129401146542808,24.460000038146973,24.460000038146973,25.197499752044678,25.394999504089355,26.3799991607666
2019-08-12,21.46999931335449,21.809999465942383,21.100000381469727,21.170000076293945,175400,0,0,-0.023073373245945605,0.6690897751161174,24.652499866485595,29.6415403794438,19.66345935352739,24.460000038146973,24.460000038146973,25.197499752044678,25.394999504089355,25.8799991607666
2019-08-13,21.11000061035156,21.59000015258789,21.11000061035156,21.34000015258789,313400,0,0,0.008030235034543587,0.6744627232695097,24.469999885559083,29.661470426945314,19.278529344172853,24.119999885559082,24.460000038146973,25.21999979019165,25.515000343322754,26.040000915527344
2019-08-14,21.15999984741211,21.280000686645508,20.549999237060547,20.709999084472656,255700,0,0,-0.02952207420855313,0.6545511847022444,24.270999813079833,29.71525524899082,18.826744377168843,23.380000114440918,24.460000038146973,25.21999979019165,25.515000343322754,26.1200008392334
2019-08-15,20.86000061035156,21.200000762939453,20.63999938964844,21.0,326400,0,0,0.014002941977180994,0.6637168269627249,24.069999790191652,29.68483990196567,18.455159678417633,21.53499984741211,24.460000038146973,25.235000133514404,25.64999961853027,26.3700008392334
2019-08-16,21.229999542236328,21.51000022888184,21.11000061035156,21.149999618530277,285000,0,0,0.007142838977632238,0.6684576493844647,23.858499813079835,29.578859349595824,18.138140276563846,21.53499984741211,24.460000038146973,25.27750015258789,25.64999961853027,27.100000381469727
2019-08-19,21.40999984741211,21.799999237060547,21.190000534057617,21.6200008392334,455100,0,0,0.022222280339491585,0.6833123026641639,23.659499835968017,29.400781638672317,17.918218033263717,21.554999351501465,24.460000038146973,25.385000228881836,25.64999961853027,28.059999465942383
2019-08-20,21.700000762939453,22.6200008392334,21.68000030517578,22.489999771118164,838700,0,0,0.04024046707278539,0.7108091088799503,23.464499855041502,29.083898657408234,17.84510105267477,21.585000038146973,24.460000038146973,25.385000228881836,25.64999961853027,28.040000915527344
2019-08-21,22.6299991607666,23.350000381469727,22.51000022888184,22.979999542236328,271200,0,0,0.021787451138502334,0.7262958276084746,23.255999851226807,28.613517113306372,17.898482589147243,21.949999809265137,24.460000038146973,25.385000228881836,25.64999961853027,27.950000762939453
2019-08-22,23.040000915527344,23.36000061035156,22.940000534057617,23.25,181700,0,0,0.011749367412624334,0.7348293441373026,23.0814998626709,28.19282421438718,17.97017551095462,21.954999923706055,24.460000038146973,25.34499979019165,25.64999961853027,27.729999542236328
2019-08-23,23.200000762939453,23.309999465942383,22.709999084472656,22.809999465942383,286400,0,0,-0.018924754153015755,0.7209228794550824,22.864499855041505,27.618797149563566,18.110202560519443,21.954999923706055,24.460000038146973,25.34499979019165,25.64999961853027,27.670000076293945
2019-08-26,23.020000457763672,23.790000915527344,23.020000457763672,23.739999771118164,224800,0,0,0.04077160574091043,0.7503160628658269,22.702499866485596,27.087433666553757,18.317566066417434,22.170000076293945,24.460000038146973,25.307499408721924,25.729999542236328,27.530000686645508
2019-08-27,23.940000534057617,24.25,23.709999084472656,23.93000030517578,380300,0,0,0.00800339241320347,0.7563211367508719,22.507999897003174,26.26089435146014,18.755105442546206,22.44499969482422,24.460000038146973,25.307499408721924,25.729999542236328,27.649999618530277
2019-08-28,23.8799991607666,24.270000457763672,23.489999771118164,23.71999931335449,239800,0,0,-0.008775636821695798,0.7496839371341741,22.31649990081787,25.331945958056426,19.301053843579314,22.690000534057617,24.460000038146973,25.387499809265137,25.729999542236328,27.850000381469727
2019-08-29,23.93000030517578,24.40999984741211,23.729999542236328,24.34000015258789,240100,0,0,0.02613831607003192,0.7692794128356131,22.17249994277954,24.40306777425436,19.941932111304723,22.800000190734863,24.460000038146973,25.679999351501465,25.729999542236328,27.739999771118164
2019-08-30,24.520000457763672,24.6200008392334,23.979999542236328,24.059999465942383,170400,0,0,-0.011503725755553806,0.7604298334409587,22.30699987411499,24.650586867871088,19.96341288035889,23.15000057220459,24.460000038146973,25.69499969482422,25.729999542236328,27.530000686645508
2019-09-03,23.93000030517578,24.190000534057617,23.71999931335449,23.959999084472656,287800,0,0,-0.004156291923916311,0.7572692650655231,22.41999979019165,24.85284430736959,19.98715527301371,23.565000534057617,24.460000038146973,25.69499969482422,25.729999542236328,26.989999771118164
2019-09-04,24.1200008392334,24.40999984741211,23.940000534057617,24.32999992370605,326600,0,0,0.01544243962317915,0.7689633499697867,22.59149980545044,25.055290448587034,20.127709162313845,23.664999961853027,24.460000038146973,25.7549991607666,25.729999542236328,26.530000686645508
2019-09-05,24.63999938964844,25.190000534057617,24.489999771118164,24.81999969482422,283200,0,0,0.020139735826333993,0.784450068698311,22.75049982070923,25.35608922779705,20.14491041362141,23.949999809265137,24.460000038146973,25.984999656677246,25.859999656677246,27.07999992370605
2019-09-06,24.93000030517578,25.0,24.559999465942383,24.729999542236328,212900,0,0,-0.003626114169802297,0.7816055631887017,22.890999794006348,25.60431469799896,20.177684890013737,24.105000495910645,24.119999885559082,26.402499675750732,26.144999504089355,26.700000762939453
2019-09-09,24.81999969482422,25.100000381469727,24.57999992370605,25.07999992370605,234800,0,0,0.014152866475874992,0.7926675223613124,23.061499786376952,25.874314613535507,20.248684959218398,24.34000015258789,23.380000114440918,26.454999923706055,26.144999504089355,26.520000457763672
2019-09-10,25.1200008392334,26.0,24.920000076293945,25.940000534057617,591500,0,0,0.03429029557287522,0.8198483259941005,23.299999809265138,26.238335133255866,20.36166448527441,24.744999885559082,23.255000114440918,24.69499969482422,24.69499969482422,26.8799991607666
2019-09-11,26.07999992370605,27.1299991607666,25.809999465942383,26.86000061035156,658300,0,0,0.03546646327497327,0.8489254465390186,23.57599983215332,26.75586045411458,20.396139210192064,25.424999237060547,23.81999969482422,24.56999969482422,24.56999969482422,27.32999992370605
2019-09-12,26.920000076293945,27.280000686645508,26.540000915527344,26.850000381469727,424400,0,0,-0.00037230933189102977,0.8486093836731924,23.882999897003174,27.082515337664603,20.683484456341745,25.5,23.914999961853027,24.460000038146973,24.460000038146973,26.90999984741211
2019-09-13,26.979999542236328,27.59000015258789,26.8700008392334,26.8799991607666,296900,0,0,0.0011172729560771089,0.8495575119878437,24.176999855041505,27.342896417418658,21.01110329266435,25.65499973297119,24.06999969482422,24.460000038146973,24.460000038146973,27.51000022888184
2019-09-16,26.76000022888184,26.96999931335449,26.450000762939453,26.82999992370605,205100,0,0,-0.0018600907225297947,0.8479772579415396,24.46099987030029,27.50521237376638,21.416787366834203,25.765000343322754,24.06999969482422,24.460000038146973,24.460000038146973,27.88999938964844
2019-09-17,26.709999084472656,26.82999992370605,26.1299991607666,26.3799991607666,257400,0,0,-0.016772298330938296,0.833754730393493,24.69899978637695,27.553964075549917,21.844035497203986,26.039999961853027,24.06999969482422,24.460000038146973,24.460000038146973,28.09000015258789
2019-09-18,26.38999938964844,26.38999938964844,25.76000022888184,25.8799991607666,256700,0,0,-0.01895375344604333,0.8179519487991425,24.868499755859375,27.575902126901756,22.161097384816994,26.074999809265137,24.06999969482422,24.460000038146973,24.460000038146973,27.84000015258789
2019-09-19,25.86000061035156,26.209999084472656,25.649999618530277,26.040000915527344,197100,0,0,0.006182448220604986,0.8230088943695361,25.021499824523925,27.62760018390199,22.41539946514586,26.085000038146973,24.06999969482422,24.289999961853027,24.460000038146973,28.06999969482422
2019-09-20,25.959999084472656,26.31999969482422,25.8799991607666,26.1200008392334,468600,0,0,0.0030721935826949487,0.825537337013319,25.164999866485594,27.678554699146687,22.6514450338245,26.255000114440918,24.114999771118164,23.920000076293945,24.460000038146973,28.38999938964844
2019-09-23,26.049999237060547,26.520000457763672,25.8799991607666,26.3700008392334,205200,0,0,0.009571209493396626,0.8334387278104942,25.342999935150146,27.658614488471333,23.02738538182896,26.619999885559082,24.350000381469727,22.99749994277954,24.460000038146973,28.420000076293945
2019-09-24,26.559999465942383,27.32999992370605,26.3700008392334,27.100000381469727,470900,0,0,0.027682954835186457,0.8565107744703674,25.510999965667725,27.824559979158767,23.197439952176683,26.619999885559082,24.390000343322754,22.99749994277954,24.460000038146973,28.399999618530277
2019-09-25,27.020000457763672,28.1299991607666,27.020000457763672,28.059999465942383,254300,0,0,0.03542431996159956,0.8868520861957632,25.717499923706054,28.164629791909032,23.270370055503076,26.889999389648438,24.90499973297119,23.00749969482422,24.460000038146973,28.280000686645508
2019-09-26,27.96999931335449,28.25,27.780000686645508,28.040000915527344,249800,0,0,-0.0007127067282846067,0.8862200207469382,25.933500003814697,28.400006008217623,23.46699399941177,26.949999809265137,25.380000114440918,23.022500038146973,24.460000038146973,28.450000762939453
2019-09-27,28.049999237060547,28.299999237060547,27.57999992370605,27.950000762939453,227300,0,0,-0.0032097057649542737,0.8833755152373288,26.114000034332275,28.61612997901646,23.61187008964809,26.97499942779541,25.5049991607666,23.204999923706055,24.460000038146973,28.729999542236328
2019-09-30,27.88999938964844,27.920000076293945,27.18000030517578,27.729999542236328,463700,0,0,-0.007871242028545389,0.8764222527548048,26.29750003814697,28.705710676624367,23.889289399669575,26.97499942779541,25.5049991607666,23.207499980926514,24.460000038146973,29.190000534057617
2019-10-01,27.6299991607666,28.059999465942383,27.31999969482422,27.670000076293945,243700,0,0,-0.00216370237767205,0.8745259358426746,26.483000087738038,28.704814903075746,24.26118527240033,26.97499942779541,25.65999984741211,23.207499980926514,24.460000038146973,29.149999618530277
2019-10-02,27.559999465942383,28.06999969482422,27.290000915527344,27.530000686645508,195600,0,0,-0.005059609297521472,0.8701011762867613,26.64300012588501,28.672125833981838,24.613874417788182,27.089999198913574,25.894999504089355,23.31500005722046,24.460000038146973,29.13999938964844
2019-10-03,27.440000534057617,27.670000076293945,27.15999984741211,27.649999618530277,245100,0,0,0.004358842313541222,0.8738938101110221,26.784500122070312,28.673804953926634,24.89519529021399,27.089999198913574,25.894999504089355,23.452499866485596,24.460000038146973,29.0
2019-10-04,27.799999237060547,27.950000762939453,27.440000534057617,27.850000381469727,161900,0,0,0.0072333007485980705,0.8802149468618934,26.94050016403198,28.627856276115864,25.253144051948098,27.335000038146973,26.00999927520752,23.575000286102295,24.460000038146973,28.520000457763672
2019-10-07,27.76000022888184,28.07999992370605,27.540000915527344,27.739999771118164,240100,0,0,-0.003949752561754116,0.8767383156206313,27.073500156402588,28.558427256753113,25.588573056052063,27.65999984741211,26.00999927520752,23.630000114440918,24.460000038146973,28.770000457763672
2019-10-08,27.56999969482422,27.649999618530277,27.25,27.530000686645508,201700,0,0,-0.007570262660611116,0.8701011762867613,27.153000164031983,28.553645795109542,25.752354532954424,27.729999542236328,26.00999927520752,23.80500030517578,24.460000038146973,29.790000915527344
2019-10-09,27.540000915527344,27.57999992370605,26.68000030517578,26.989999771118164,230000,0,0,-0.01961499825858315,0.8530341432291053,27.159500122070312,28.555799381805485,25.76320086233514,27.489999771118164,26.119999885559082,24.012500286102295,24.460000038146973,29.65999984741211
2019-10-10,27.06999969482422,27.06999969482422,26.46999931335449,26.530000686645508,249700,0,0,-0.017043315612210508,0.8384956130980601,27.143500137329102,28.561022693201785,25.72597758145642,27.27499961853027,26.394999504089355,24.0625,24.460000038146973,29.850000381469727
2019-10-11,26.82999992370605,27.540000915527344,26.65999984741211,27.07999992370605,246600,0,0,0.02073121835000169,0.8558786487387146,27.153500175476076,28.566207690931797,25.740792660020354,27.27499961853027,26.429999351501465,24.204999923706055,24.460000038146973,29.59000015258789
2019-10-14,27.049999237060547,27.049999237060547,26.34000015258789,26.700000762939453,206500,0,0,-0.014032465355878543,0.8438685612514524,27.147000217437743,28.56685749702412,25.727142937851365,27.210000038146973,26.4399995803833,24.112500190734863,24.460000038146973,29.84000015258789
2019-10-15,26.71999931335449,26.96999931335449,26.459999084472656,26.520000457763672,296300,0,0,-0.006741584270874901,0.8381795502322338,27.154000282287598,28.55982276705769,25.748177797517506,27.210000038146973,26.609999656677246,23.860000133514404,24.460000038146973,29.3799991607666
2019-10-16,26.61000061035156,27.209999084472656,26.38999938964844,26.8799991607666,386700,0,0,0.013574611492796596,0.8495575119878434,27.2040002822876,28.489783166844038,25.91821739773116,27.210000038146973,26.97499942779541,24.0,24.460000038146973,29.09000015258789
2019-10-17,27.09000015258789,27.440000534057617,26.979999542236328,27.32999992370605,267300,0,0,0.016741100334417336,0.8637800395358898,27.268500232696532,28.43712292957972,26.099877535813345,27.210000038146973,26.97499942779541,24.622499465942383,24.460000038146973,29.309999465942383
2019-10-18,27.229999542236328,27.950000762939453,26.8799991607666,26.90999984741211,228500,0,0,-0.015367730606161922,0.8505057005853224,27.30800018310547,28.365666200536907,26.250334165674033,27.145000457763672,26.97499942779541,24.707499980926514,24.460000038146973,29.950000762939453
2019-10-21,27.09000015258789,27.86000061035156,26.979999542236328,27.51000022888184,269000,0,0,0.022296558337863814,0.8694690505551087,27.36500015258789,28.332406139292004,26.397594165883774,27.145000457763672,26.97499942779541,24.862499713897705,24.460000038146973,29.670000076293945
2019-10-22,27.670000076293945,27.959999084472656,27.450000762939453,27.88999938964844,167100,0,0,0.013813128229917426,0.881479138042371,27.404500102996828,28.389941434014368,26.419058771979287,27.149999618530273,26.97499942779541,24.917500019073486,24.460000038146973,24.51000022888184
2019-10-23,27.82999992370605,28.11000061035156,27.56999969482422,28.09000015258789,229200,0,0,0.007171056554905464,0.8878002747932422,27.4060001373291,28.395555483467984,26.41644479119022,27.225000381469727,26.97499942779541,25.054999828338623,24.460000038146973,25.01000022888184
2019-10-24,28.100000381469727,28.149999618530277,27.540000915527344,27.84000015258789,176500,0,0,-0.008899964351796852,0.8798988839960669,27.396000099182128,28.363278514441568,26.42872168392269,27.244999885559082,26.97499942779541,25.072499752044678,24.460000038146973,25.3700008392334
2019-10-25,27.82999992370605,28.209999084472656,27.82999992370605,28.06999969482422,102100,0,0,0.0082614777649328,0.8871681490615896,27.40200004577637,28.38448482465702,26.41951526689572,27.299999237060547,27.089999198913574,25.077499866485596,24.460000038146973,25.950000762939453
2019-10-28,28.040000915527344,28.540000915527344,28.040000915527344,28.38999938964844,279400,0,0,0.011400060502431142,0.8972819196367215,27.435000038146974,28.50106108233814,26.36893899395581,27.46500015258789,27.210000038146973,25.18499994277954,24.460000038146973,26.040000915527344
2019-10-29,28.43000030517578,28.530000686645508,28.09000015258789,28.420000076293945,173000,0,0,0.0010567343180867272,0.8982301082342004,27.472500038146972,28.619584582103958,26.325415494189986,27.710000038146973,27.440000534057617,25.485000133514404,24.460000038146973,26.18000030517578
2019-10-30,28.3700008392334,28.540000915527344,28.09000015258789,28.399999618530277,109300,0,0,-0.0007037458729759472,0.8975979825025477,27.51599998474121,28.733134819570484,26.298865149911936,27.710000038146973,27.440000534057617,25.505000114440918,24.460000038146973,26.559999465942383
2019-10-31,28.32999992370605,28.32999992370605,27.979999542236328,28.280000686645508,131800,0,0,-0.0042253145597394015,0.893805348678287,27.54750003814697,28.809162295639112,26.28583778065483,27.760000228881836,27.440000534057617,25.897499561309814,24.460000038146973,26.850000381469727
2019-11-01,28.489999771118164,28.729999542236328,28.34000015258789,28.450000762939453,140000,0,0,0.0060113179691054786,0.8991782968316794,27.57750005722046,28.89444176011299,26.260558354327927,28.09000015258789,27.53499984741211,26.164999961853027,24.460000038146973,27.0
2019-11-04,28.549999237060547,28.989999771118164,28.420000076293945,28.729999542236328,174900,0,0,0.00984178459712437,0.9080278159435059,27.627000045776366,29.036839505910187,26.217160585642546,28.265000343322754,27.664999961853027,26.239999294281006,24.460000038146973,27.420000076293945
2019-11-05,28.770000457763672,29.209999084472656,28.670000076293945,29.190000534057617,238900,0,0,0.016011172960341824,0.9225664063573789,27.710000038146973,29.275832146682166,26.14416792961178,28.375,27.774999618530273,26.239999294281006,24.460000038146973,27.40999984741211
2019-11-06,29.190000534057617,29.299999237060547,28.93000030517578,29.149999618530277,126600,0,0,-0.0013703636449293732,0.9213021548940735,27.818000030517577,29.46697188768948,26.169028173345676,28.5649995803833,27.81999969482422,26.31749963760376,24.460000038146973,26.96999931335449
2019-11-07,29.26000022888184,29.649999618530277,29.06999969482422,29.13999938964844,119100,0,0,-0.00034306102959535956,0.9209860920282471,27.948499965667725,29.581957587259406,26.315042344076044,28.8149995803833,27.994999885559082,26.492499351501465,24.460000038146973,27.600000381469727
2019-11-08,29.059999465942383,29.1200008392334,28.90999984741211,29.0,103900,0,0,-0.004804371742649138,0.9165613324723337,28.044499969482423,29.688263190910472,26.400736748054374,28.8149995803833,27.994999885559082,26.492499351501465,24.460000038146973,27.989999771118164
2019-11-11,28.88999938964844,28.90999984741211,28.440000534057617,28.520000457763672,219500,0,0,-0.016551708352976813,0.9013906766096359,28.135499954223633,29.668044444999936,26.60295546344733,28.8149995803833,27.994999885559082,26.672499656677246,24.460000038146973,28.34000015258789
2019-11-12,28.549999237060547,28.790000915527344,28.420000076293945,28.770000457763672,226300,0,0,0.008765778260425794,0.9092920674068111,28.247999954223634,29.608599508846588,26.88740039960068,28.8149995803833,27.994999885559082,26.834999561309814,24.460000038146973,29.149999618530277
2019-11-13,28.57999992370605,29.84000015258789,28.57999992370605,29.790000915527344,195400,0,0,0.0354536128444316,0.941529756327165,28.39350004196167,29.760247929937137,27.0267521539862,29.09000015258789,28.09000015258789,26.869999408721924,24.460000038146973,29.5
2019-11-14,29.65999984741211,29.799999237060547,29.440000534057617,29.65999984741211,252400,0,0,-0.004363916217520969,0.9374209993542503,28.510000038146973,29.891575197108228,27.12842487918572,29.130000114440918,28.09000015258789,26.804999828338623,24.460000038146973,29.81999969482422
2019-11-15,29.850000381469727,29.989999771118164,29.43000030517578,29.850000381469727,183500,0,0,0.0064059519566785905,0.9434260732392953,28.657000064849854,29.94805160151298,27.365948528186728,29.204999923706055,28.164999961853027,26.834999561309814,24.460000038146973,29.8700008392334
2019-11-18,29.780000686645508,29.950000762939453,29.229999542236328,29.59000015258789,179300,0,0,-0.008710225311864273,0.9352086195762936,28.761000061035155,29.99917532215092,27.52282479991939,29.204999923706055,28.164999961853027,26.85249948501587,24.460000038146973,29.96999931335449
2019-11-19,29.65999984741211,29.989999771118164,29.26000022888184,29.84000015258789,244400,0,0,0.008448800226793285,0.9431100103734689,28.85850009918213,30.114145163472024,27.602855034892237,29.204999923706055,28.1899995803833,26.824999809265137,24.40499973297119,29.690000534057617
2019-11-20,29.790000915527344,29.8799991607666,29.26000022888184,29.3799991607666,192900,0,0,-0.015415582757005941,0.9285714199595959,28.923000049591064,30.14586454122009,27.70013555796204,29.204999923706055,28.1899995803833,26.90999984741211,24.40499973297119,29.43000030517578
2019-11-21,29.459999084472656,29.540000915527344,29.020000457763672,29.09000015258789,179600,0,0,-0.009870626836707697,0.919405837981943,28.985500049591064,30.1026816001679,27.868318499014226,29.204999923706055,28.434999465942383,27.09249973297119,24.40499973297119,29.36000061035156
2019-11-22,29.190000534057617,29.450000762939453,28.88999938964844,29.309999465942383,165200,0,0,0.007562712691664197,0.9263590401816392,29.04750003814697,30.088834544504707,28.006165531789236,29.204999923706055,28.434999465942383,27.09249973297119,24.40499973297119,28.65999984741211
2019-11-25,29.38999938964844,30.270000457763672,29.32999992370605,29.950000762939453,216000,0,0,0.021835595655357753,0.9465866416147307,29.125500106811522,30.191826513026786,28.059173700596258,29.425000190734863,28.625,27.05999994277954,24.424999237060547,28.770000457763672
2019-11-26,29.989999771118164,30.270000457763672,29.31999969482422,29.670000076293945,254200,0,0,-0.009348937546338365,0.9377370622200765,29.188000106811522,30.22750253824474,28.148497675378305,29.579999923706055,28.860000610351562,27.05999994277954,24.424999237060547,29.13999938964844
2019-11-27,24.270000457763672,25.700000762939453,23.5,24.51000022888184,1504600,0,0,-0.17391303788822354,0.7746523609890049,28.9935001373291,31.279695581598578,26.707304693059623,26.885000228881836,26.885000228881836,27.062499523162842,24.424999237060547,28.770000457763672
2019-11-29,24.190000534057617,25.020000457763672,24.020000457763672,25.01000022888184,511400,0,0,0.0203998366108058,0.7904551425833556,28.830000114440917,31.69776170517767,25.962238523704166,26.885000228881836,26.885000228881836,27.09999990463257,24.424999237060547,28.86000061035156
2019-12-02,24.93000030517578,25.540000915527344,24.700000762939453,25.3700008392334,676700,0,0,0.014394266575648684,0.8018331646217928,28.676000118255615,31.9193762086301,25.43262402788113,26.885000228881836,26.885000228881836,27.109999656677246,24.424999237060547,28.920000076293945
2019-12-03,25.36000061035156,26.040000915527344,24.959999084472656,25.950000762939453,483200,0,0,0.022861643851785463,0.8201643888599263,28.53700017929077,31.992901442140663,25.08109891644088,26.885000228881836,26.885000228881836,27.19499921798706,24.424999237060547,29.51000022888184
2019-12-04,25.950000762939453,26.88999938964844,25.799999237060547,26.040000915527344,330600,0,0,0.0034682138705917076,0.8230088943695356,28.37950019836426,31.987460737227046,24.77153965950147,26.885000228881836,26.885000228881836,27.33750009536743,24.59000015258789,30.149999618530277
2019-12-05,26.11000061035156,26.399999618530277,25.799999237060547,26.18000030517578,247500,0,0,0.005376320457997963,0.8274336539254489,28.231000232696534,31.94399405593544,24.518006409457627,26.885000228881836,26.885000228881836,27.575000286102295,24.825000762939453,29.739999771118164
2019-12-06,26.270000457763672,26.850000381469727,26.15999984741211,26.559999465942383,508000,0,0,0.01451486464236118,0.839443741412711,28.10200023651123,31.859197021408157,24.344803451614304,26.885000228881836,26.885000228881836,27.575000286102295,24.86500072479248,30.06999969482422
2019-12-09,26.459999084472656,26.920000076293945,26.280000686645508,26.850000381469727,344700,0,0,0.010918709388500147,0.8486093836731917,27.994500255584718,31.765930100594876,24.22307041057456,26.885000228881836,26.885000228881836,27.600000381469727,25.110000610351562,30.56999969482422
2019-12-10,26.75,27.07999992370605,26.600000381469727,27.0,277700,0,0,0.005586577891961486,0.8533502060949314,27.918500232696534,31.70590871681683,24.13109174857624,25.289999961853027,26.885000228881836,27.8125,25.619999885559082,30.8799991607666
2019-12-11,27.06999969482422,27.770000457763672,26.93000030517578,27.420000076293945,352900,0,0,0.015555558381257217,0.866624545045499,27.851000213623045,31.623225692002,24.078774735244092,25.895000457763672,26.885000228881836,27.96500015258789,25.84999942779541,30.68000030517578
2019-12-12,27.56999969482422,27.88999938964844,27.270000457763672,27.40999984741211,246800,0,0,-0.00036470564748403156,0.8663084821796726,27.732000160217286,31.399637876975554,24.064362443459018,26.295000076293945,26.885000228881836,28.074999809265137,25.959999084472656,30.520000457763672
2019-12-13,27.31999969482422,27.489999771118164,26.8700008392334,26.96999931335449,340400,0,0,-0.0160525551443651,0.8524020174974521,27.597500133514405,31.167407466044363,24.027592800984447,26.424999237060547,26.885000228881836,28.19249963760376,26.15999984741211,30.65999984741211
2019-12-16,27.1299991607666,28.1299991607666,26.920000076293945,27.600000381469727,421800,0,0,0.023359328296433723,0.8723135560647176,27.485000133514404,30.90072847233423,24.06927179469458,26.964999198913574,26.885000228881836,28.40499973297119,26.56999969482422,30.270000457763672
2019-12-17,27.690000534057617,28.049999237060547,27.530000686645508,27.989999771118164,364300,0,0,0.01413041247312008,0.8846397064178062,27.405000114440917,30.690875414463466,24.119124814418367,26.964999198913574,26.885000228881836,28.40499973297119,26.56999969482422,30.3700008392334
2019-12-18,27.96999931335449,28.3700008392334,27.690000534057617,28.34000015258789,234300,0,0,0.012504479611710417,0.8957016655904172,27.330000114440917,30.452845348982073,24.20715487989976,27.265000343322754,26.885000228881836,28.40499973297119,26.684999465942383,30.549999237060547
2019-12-19,28.59000015258789,29.440000534057617,28.420000076293945,29.149999618530277,436400,0,0,0.028581491234340062,0.9213021548940735,27.318500137329103,30.412309948054315,24.22469032660389,27.860000610351562,26.885000228881836,28.40499973297119,26.684999465942383,30.040000915527344
2019-12-20,29.209999084472656,29.81999969482422,29.1200008392334,29.5,846800,0,0,0.012006874307032067,0.9323641140666844,27.339000129699706,30.485053873246752,24.19294638615266,28.210000038146973,26.885000228881836,28.59000015258789,26.77999973297119,30.600000381469727
2019-12-23,29.479999542236328,30.040000915527344,29.1299991607666,29.81999969482422,259100,0,0,0.010847447282176903,0.9424778846418164,27.3645001411438,30.58227888079488,24.14672140149272,28.45500087738037,26.885000228881836,28.610000133514404,26.890000343322754,29.959999084472656
2019-12-24,29.82999992370605,30.059999465942383,29.450000762939453,29.8700008392334,145600,0,0,0.0016767654232356932,0.9440581989709481,27.360500144958497,30.565447515069867,24.155552774847127,28.46500015258789,26.885000228881836,28.68499994277954,27.239999771118164,29.71999931335449
2019-12-26,29.88999938964844,30.3799991607666,29.700000762939453,29.96999931335449,188000,0,0,0.0033477894647309103,0.9472187070635559,27.375500106811522,30.626522713637215,24.12447749998583,28.625,26.9399995803833,28.68499994277954,27.274999618530273,29.6299991607666
2019-12-27,30.01000022888184,30.209999084472656,29.59000015258789,29.690000534057617,324600,0,0,-0.009342635492557538,0.9383691879517295,27.634500122070314,30.75232017873946,24.516680065401168,28.649999618530273,26.9399995803833,28.697499752044678,27.28499984741211,30.030000686645508
2019-12-30,29.690000534057617,29.75,29.350000381469727,29.43000030517578,218800,0,0,-0.008757164843550158,0.9301517342887279,27.85550012588501,30.819018439964733,24.891981811805284,28.954999923706055,26.9399995803833,28.697499752044678,27.454999923706055,29.200000762939453
2019-12-31,29.36000061035156,29.600000381469727,29.1200008392334,29.36000061035156,207900,0,0,-0.002378514920093666,0.9279393545107711,28.05500011444092,30.853229908448043,25.256770320433795,29.03499984741211,26.9399995803833,28.81999969482422,27.81999969482422,28.299999237060547
2020-01-02,29.440000534057617,29.440000534057617,28.1299991607666,28.65999984741211,450500,0,0,-0.023841987342896998,0.9058154361655494,28.19050006866455,30.823738629962843,25.55726150736626,29.2549991607666,26.9399995803833,28.81999969482422,27.81999969482422,28.5
2020-01-03,28.5,29.09000015258789,28.18000030517578,28.770000457763672,292300,0,0,0.0038381232008797284,0.9092920674068113,28.327000045776366,30.774742882914346,25.879257208638386,29.2549991607666,26.9399995803833,29.02500009536743,27.960000038146973,28.399999618530277
2020-01-06,28.700000762939453,29.559999465942383,28.600000381469727,29.13999938964844,246300,0,0,0.012860581369400936,0.9209860920282474,28.475,30.734313270233937,26.215686729766066,29.2549991607666,26.9399995803833,29.22000026702881,27.960000038146973,28.489999771118164
2020-01-07,28.920000076293945,29.15999984741211,28.40999984741211,28.770000457763672,273200,0,0,-0.012697286878331382,0.9092920674068115,28.585500049591065,30.666663574082175,26.504336525099955,29.2549991607666,27.199999809265137,26.885000228881836,26.885000228881836,28.479999542236328
2020-01-08,28.6200008392334,29.049999237060547,28.56999969482422,28.86000061035156,229300,0,0,0.0031282638566521026,0.9121365729164207,28.686000061035156,30.60866669531708,26.76333342675323,29.2549991607666,27.539999961853027,26.885000228881836,26.885000228881836,28.850000381469727
2020-01-09,28.8700008392334,29.229999542236328,28.63999938964844,28.920000076293945,240300,0,0,0.0020789835299195314,0.9140328898285511,28.782000064849854,30.541462334222246,27.02253779547746,29.16999912261963,27.66999912261963,26.885000228881836,26.885000228881836,28.1299991607666
2020-01-10,28.96999931335449,29.809999465942383,28.770000457763672,29.51000022888184,205500,0,0,0.02040111172307779,0.932680176932511,28.886500072479247,30.554923025296972,27.218077119661523,28.969999313354492,28.089999198913574,26.885000228881836,26.885000228881836,27.8700008392334
2020-01-13,29.51000022888184,30.15999984741211,29.200000762939453,30.149999618530277,200500,0,0,0.021687542686701144,0.9529077180827749,29.023500061035158,30.632765449524147,27.41423467254617,29.144999504089355,28.089999198913574,26.885000228881836,26.885000228881836,27.979999542236328
2020-01-14,29.920000076293945,30.280000686645508,29.649999618530277,29.739999771118164,199300,0,0,-0.013598668411263448,0.9399494419980335,29.16200008392334,30.489915248968302,27.834084918878375,29.204999923706055,28.269999504089355,26.885000228881836,26.885000228881836,28.290000915527344
2020-01-15,29.799999237060547,30.270000457763672,29.799999237060547,30.06999969482422,178900,0,0,0.011096164298781686,0.9503792754389919,29.285500049591064,30.458133430031108,28.11286666915102,29.230000495910645,28.329999923706055,26.885000228881836,26.885000228881836,27.75
2020-01-16,30.280000686645508,30.6200008392334,30.21999931335449,30.56999969482422,120700,0,0,0.01662786847603659,0.9661820570333425,29.414500045776368,30.555568790790538,28.273431300762198,29.515000343322754,28.610000610351562,26.885000228881836,26.885000228881836,27.3700008392334
2020-01-17,30.809999465942383,31.09000015258789,30.61000061035156,30.8799991607666,157400,0,0,0.010140643409782824,0.975979764742648,29.5414999961853,30.740506929941773,28.34249306242883,29.75,28.980000495910645,26.08750009536743,26.885000228881836,26.8799991607666
2020-01-21,30.86000061035156,30.86000061035156,30.399999618530277,30.68000030517578,181200,0,0,-0.006476647053958562,0.9696586882746043,29.618000030517578,30.90058990761868,28.335410153416476,29.829999923706055,28.980000495910645,26.390000343322754,26.885000228881836,25.25
2020-01-22,30.739999771118164,31.06999969482422,30.40999984741211,30.520000457763672,270400,0,0,-0.0052151188337868915,0.9646018029870383,29.66900005340576,31.009226123767807,28.328773983043714,29.864999771118164,28.980000495910645,26.59000015258789,26.885000228881836,25.309999465942383
2020-01-23,30.479999542236328,30.729999542236328,30.1299991607666,30.65999984741211,323500,0,0,0.004587135896088279,0.9690265625429517,29.711000061035158,31.11920066113315,28.302799460937166,29.93000030517578,29.005000114440918,26.65499973297119,26.885000228881836,26.040000915527344
2020-01-24,30.799999237060547,30.88999938964844,29.989999771118164,30.270000457763672,151400,0,0,-0.012720136711982244,0.9567004121898631,29.73100004196167,31.15910377555333,28.302896308370013,30.145000457763672,29.3100004196167,26.924999713897705,26.885000228881836,25.57999992370605
2020-01-27,29.979999542236328,30.600000381469727,29.979999542236328,30.3700008392334,149400,0,0,0.003303613477286138,0.9598609805652988,29.751000118255615,31.20319568544245,28.29880455106878,30.369999885559082,29.390000343322754,26.924999713897705,26.885000228881836,26.280000686645508
2020-01-28,30.63999938964844,30.90999984741211,30.459999084472656,30.549999237060547,193900,0,0,0.005926848628684089,0.9655499313016895,29.79400005340576,31.28722487300741,28.30077523380411,30.44499969482422,29.609999656677246,27.075000286102295,26.885000228881836,26.61000061035156
2020-01-29,30.56999969482422,30.790000915527344,30.020000457763672,30.040000915527344,191700,0,0,-0.016693889828793163,0.9494311471243403,29.82450008392334,31.3115794845249,28.33742068332178,30.53499984741211,29.609999656677246,27.3725004196167,26.885000228881836,26.440000534057617
2020-01-30,30.059999465942383,30.68000030517578,30.0,30.600000381469727,138800,0,0,0.01864179257241383,0.9671302456308212,29.886500072479247,31.394423599557797,28.378576545400698,30.53499984741211,29.609999656677246,27.547500133514404,26.885000228881836,25.0
2020-01-31,30.549999237060547,31.0,29.899999618530277,29.959999084472656,255000,0,0,-0.020915074804529477,0.9469026441977296,29.951500034332277,31.349243369121268,28.553756699543285,30.484999656677246,29.609999656677246,27.670000553131104,26.885000228881836,26.09000015258789
2020-02-03,29.959999084472656,30.38999938964844,29.5,29.71999931335449,249100,0,0,-0.008010673513089372,0.9393173162663806,29.998999977111815,31.29250447332615,28.70549548089748,30.28499984741211,29.609999656677246,27.675000190734863,26.885000228881836,25.1299991607666
2020-02-04,29.950000762939453,30.170000076293945,29.6200008392334,29.6299991607666,282200,0,0,-0.003028268999570427,0.9364728107567715,30.023499965667725,31.268114390703435,28.778885540632015,30.25,29.609999656677246,27.78249979019165,26.9399995803833,24.270000457763672
2020-02-05,29.88999938964844,30.15999984741211,29.559999465942383,30.030000686645508,399200,0,0,0.01349988313224637,0.9491150842585142,30.086499977111817,31.18892066235224,28.984079291871396,30.25,29.609999656677246,27.794999599456787,26.9399995803833,25.86000061035156
2020-02-06,31.530000686645508,32.290000915527344,28.6200008392334,29.200000762939453,356200,0,0,-0.027639024466461604,0.9228824692232054,30.103499984741212,31.13737898236053,29.069620987121894,30.45500087738037,30.210000038146973,27.947499752044678,26.9399995803833,25.13999938964844
2020-02-07,29.100000381469727,29.100000381469727,28.030000686645508,28.299999237060547,258800,0,0,-0.030821969259027693,0.8944374141271122,30.07249994277954,31.272276193797072,28.87272369176201,30.160000801086426,30.160000801086426,27.987499713897705,26.9399995803833,28.06999969482422
2020-02-10,28.34000015258789,28.559999465942383,27.989999771118164,28.5,500500,0,0,0.007067164958702188,0.9007585508779835,30.02199993133545,31.387701829260983,28.656298033409918,30.140000343322754,30.140000343322754,28.09749937057495,26.9399995803833,26.790000915527344
2020-02-11,28.6200008392334,28.88999938964844,28.26000022888184,28.399999618530277,216300,0,0,-0.003508785314727092,0.897597982502548,29.93449993133545,31.471642088439864,28.397357774231033,30.140000343322754,30.140000343322754,28.09749937057495,26.9399995803833,28.299999237060547
2020-02-12,28.549999237060547,28.809999465942383,27.959999084472656,28.489999771118164,611600,0,0,0.0031690194998863497,0.9004424880121572,29.87199993133545,31.5336995804033,28.210300282267596,30.125,30.125,28.09749937057495,26.9399995803833,22.549999237060547
2020-02-13,28.40999984741211,28.649999618530277,28.01000022888184,28.479999542236328,140400,0,0,-0.0003510083875807313,0.9001264251463309,29.792499923706053,31.558720981375576,28.02627886603653,30.125,30.125,28.22749948501587,26.9399995803833,23.34000015258789
2020-02-14,28.559999465942383,28.920000076293945,28.190000534057617,28.850000381469727,515700,0,0,0.012991602709988781,0.9118205100505945,29.70649995803833,31.48048142682938,27.932518489247276,30.125,30.125,28.397499561309814,26.9399995803833,24.729999542236328
2020-02-18,28.71999931335449,28.81999969482422,28.059999465942383,28.1299991607666,180300,0,0,-0.024956714425750204,0.8890644659737199,29.56899995803833,31.38411282717004,27.75388708890662,30.125,30.125,28.41999912261963,26.9399995803833,23.479999542236328
2020-02-19,28.25,28.36000061035156,27.76000022888184,27.8700008392334,282300,0,0,-0.009242741887309669,0.880847072593546,29.42849998474121,31.31234769755629,27.544652271926132,30.02500057220459,30.02500057220459,28.529999256134033,26.9399995803833,24.46999931335449
2020-02-20,27.84000015258789,28.239999771118164,27.6299991607666,27.979999542236328,130900,0,0,0.00394684964803016,0.8843236435519802,29.301499938964845,31.21644153050195,27.38655834742774,28.364999771118164,29.960000038146973,28.617499351501465,26.9399995803833,24.25
2020-02-21,27.979999542236328,28.450000762939453,27.530000686645508,28.290000915527344,156400,0,0,0.011079391649848391,0.8941214115441135,29.182999992370604,31.03878513538515,27.327214849356057,28.225000381469727,29.910000801086426,28.737499713897705,26.9399995803833,25.6299991607666
2020-02-24,27.649999618530277,28.040000915527344,27.43000030517578,27.75,192900,0,0,-0.0190880487116194,0.8770543784864576,29.056999969482423,30.9427444137089,27.171255525255944,28.175000190734863,29.860000610351562,28.78000020980835,26.9399995803833,25.56999969482422
2020-02-25,27.709999084472656,27.780000686645508,27.030000686645508,27.3700008392334,399300,0,0,-0.013693663451048721,0.8650442909991953,28.90699996948242,30.828432346673964,26.985567592290877,27.975000381469727,29.660000801086426,29.062500476837158,27.0600004196167,25.549999237060547
2020-02-26,27.479999542236328,27.549999237060547,26.63999938964844,26.8799991607666,229700,0,0,-0.017902874075341857,0.8495575119878434,28.723499965667724,30.683265669860297,26.76373426147515,27.77999973297119,29.46500015258789,29.365000247955322,27.295000076293945,26.350000381469727
2020-02-27,26.450000762939453,26.459999084472656,25.21999931335449,25.25,358000,0,0,-0.0606398516241663,0.7980404705147046,28.483999919891357,30.8709971769903,26.097002662792413,27.06999969482422,28.755000114440918,29.40500020980835,27.295000076293945,26.459999084472656
2020-02-28,24.75,25.34000015258789,24.700000762939453,25.309999465942383,419400,0,0,0.0023762164729657087,0.7999367874268349,28.21949987411499,30.77810683157053,25.660892916659453,26.760000228881836,28.4950008392334,29.422500133514404,27.295000076293945,28.32999992370605
2020-03-02,25.489999771118164,26.040000915527344,24.920000076293945,26.040000915527344,670600,0,0,0.028842412682278606,0.8230088943695358,28.023499965667725,30.619471258044392,25.427528673291057,26.575000762939453,28.4950008392334,29.46750020980835,27.295000076293945,27.8799991607666
2020-03-03,26.09000015258789,26.350000381469727,24.989999771118164,25.57999992370605,425500,0,0,-0.01766516803565088,0.8084703039556628,27.816499996185303,30.4981193349936,25.134880657377007,26.575000762939453,28.4950008392334,29.727500438690186,27.295000076293945,28.40999984741211
2020-03-04,25.940000534057617,26.61000061035156,25.5,26.280000686645508,358900,0,0,0.02736515891427893,0.8305942223008849,27.649000072479247,30.273882407888202,25.02411773707029,26.575000762939453,28.4950008392334,29.880000114440918,27.295000076293945,29.350000381469727
2020-03-05,25.799999237060547,26.75,25.57999992370605,26.61000061035156,418600,0,0,0.012557074394360379,0.841024055741843,27.47800006866455,29.89539228097601,25.060607856353087,26.3700008392334,28.4950008392334,30.027499675750732,27.295000076293945,28.459999084472656
2020-03-06,26.040000915527344,26.600000381469727,25.670000076293945,26.440000534057617,262300,0,0,-0.00638857844399332,0.8356511075884508,27.340000057220458,29.660576087829313,25.019424026611603,26.24000072479248,28.4950008392334,30.072499752044678,27.295000076293945,28.600000381469727
2020-03-09,25.489999771118164,25.88999938964844,24.31999969482422,25.0,672100,0,0,-0.054462954045811696,0.7901390797175294,27.17500009536743,29.66412689647907,24.685873294255792,25.934999465942383,28.30500030517578,30.072499752044678,27.295000076293945,28.040000915527344
2020-03-10,25.489999771118164,26.18000030517578,23.989999771118164,26.09000015258789,458600,0,0,0.043600006103515554,0.8245891484158399,27.054500102996826,29.508087077154435,24.600913128839217,25.369999885559082,28.140000343322754,30.047499656677246,27.295000076293945,27.93000030517578
2020-03-11,25.540000915527344,25.540000915527344,24.649999618530277,25.1299991607666,296700,0,0,-0.03679574496767746,0.7942477764076162,26.891000080108643,29.39994444206784,24.382055718149445,25.369999885559082,28.140000343322754,29.947499752044678,27.295000076293945,29.799999237060547
2020-03-12,23.670000076293945,25.51000022888184,23.020000457763672,24.270000457763672,544500,0,0,-0.0342219948954704,0.7670670330576561,26.68000011444092,29.323251704442608,24.03674852443923,24.885000228881836,27.655000686645508,29.929999828338623,27.295000076293945,29.90999984741211
2020-03-13,25.190000534057617,26.18000030517578,24.1299991607666,25.86000061035156,656600,0,0,0.06551298403784189,0.817319883350317,26.54900016784668,29.078474839176103,24.019525496517254,24.885000228881836,27.655000686645508,29.929999828338623,27.295000076293945,29.209999084472656
2020-03-16,23.729999542236328,26.209999084472656,23.13999938964844,25.13999938964844,451900,0,0,-0.02784227392534966,0.7945638392734427,26.363500118255615,28.727814988853837,23.999185247657394,24.885000228881836,26.0600004196167,30.332500457763672,27.895000457763672,29.59000015258789
2020-03-17,25.530000686645508,28.13999938964844,24.06999969482422,28.06999969482422,569000,0,0,0.11654734989302451,0.8871681490615895,26.360500144958497,28.715880488579867,24.005119801337127,25.579999923706055,25.97000026702881,30.160000801086426,27.895000457763672,29.26000022888184
2020-03-18,27.15999984741211,28.290000915527344,25.86000061035156,26.790000915527344,614200,0,0,-0.045600242009724457,0.8467130667610617,26.306500148773193,28.567609514568606,24.04539078297778,25.655000686645508,25.97000026702881,30.140000343322754,27.895000457763672,29.51000022888184
2020-03-19,26.950000762939453,29.170000076293945,26.020000457763672,28.299999237060547,638400,0,0,0.0563642504639863,0.8944374141271122,26.322500133514403,28.63525547021979,24.009744796809017,26.09500026702881,26.09500026702881,30.140000343322754,27.895000457763672,30.15999984741211
2020-03-20,28.18000030517578,28.43000030517578,22.1299991607666,22.549999237060547,897200,0,0,-0.20318021749166804,0.7127054257920804,26.035500049591064,28.70206701535066,23.368933083831468,25.649999618530273,25.649999618530273,30.125,27.895000457763672,30.6200008392334
2020-03-23,23.0,23.649999618530277,21.65999984741211,23.34000015258789,635000,0,0,0.03503330120867543,0.7376738496469116,25.81500005722046,28.605821331754264,23.024178782686654,25.414999961853027,25.414999961853027,30.125,28.155000686645508,31.209999084472656
2020-03-24,23.63999938964844,25.51000022888184,23.63999938964844,24.729999542236328,679300,0,0,0.059554386485053845,0.7816055631887013,25.682999992370604,28.415644748762364,22.950355235978844,25.414999961853027,25.414999961853027,30.125,28.4950008392334,30.40999984741211
2020-03-25,24.6200008392334,25.11000061035156,23.309999465942383,23.479999542236328,548500,0,0,-0.05054589660889908,0.7420986092028249,25.513000011444092,28.348851127844757,22.677148895043427,25.414999961853027,25.414999961853027,30.125,28.625,30.21999931335449
2020-03-26,23.739999771118164,24.90999984741211,23.6299991607666,24.46999931335449,333200,0,0,0.042163534515293755,0.7733881095256997,25.473999977111816,28.344865283258983,22.60313467096465,25.414999961853027,25.414999961853027,30.02500057220459,29.045000076293945,30.239999771118164
2020-03-27,23.8799991607666,24.96999931335449,23.229999542236328,24.25,391800,0,0,-0.008990572927168983,0.7664349073260035,25.421000003814697,28.341271548802833,22.50072845882656,25.414999961853027,25.414999961853027,29.16249990463257,29.045000076293945,30.56999969482422
2020-03-30,24.540000915527344,25.739999771118164,23.940000534057617,25.6299991607666,370900,0,0,0.05690718188728261,0.810050558001967,25.40049991607666,28.308703295726453,22.49229653642687,25.414999961853027,25.414999961853027,29.067500591278076,29.225000381469727,30.63999938964844
2020-03-31,25.459999084472656,26.239999771118164,25.049999237060547,25.56999969482422,502000,0,0,-0.0023409858722986954,0.8081542410898367,25.39999990463257,28.30808178611919,22.49191802314595,25.414999961853027,25.414999961853027,29.017500400543213,29.285000801086426,32.0
2020-04-01,24.940000534057617,25.799999237060547,24.75,25.549999237060547,392200,0,0,-0.0007821845131942284,0.807522115358184,25.36349983215332,28.244389674801035,22.482609989505605,25.045000076293945,25.414999961853027,28.817500591278076,29.445000648498535,32.75
2020-04-02,25.440000534057617,26.489999771118164,25.13999938964844,26.350000381469727,321000,0,0,0.03131120032476442,0.8328066020788416,25.350499820709228,28.21082419848367,22.490175442934785,24.074999809265137,25.414999961853027,28.62249994277954,29.46500015258789,33.13999938964844
2020-04-03,26.209999084472656,26.670000076293945,25.809999465942383,26.459999084472656,388500,0,0,0.004174523772693561,0.8362831730372758,25.35149974822998,28.213377305244048,22.48962219121591,24.949999809265137,25.414999961853027,27.91249990463257,28.755000114440918,33.2400016784668
2020-04-06,27.209999084472656,28.5,26.649999618530277,28.32999992370605,488800,0,0,0.07067274769222331,0.8953856027245911,25.517999744415285,28.6559888743542,22.38001061447637,25.864999771118164,25.414999961853027,27.627500534057617,28.4950008392334,32.27000045776367
2020-04-07,28.700000762939453,28.959999084472656,27.520000457763672,27.8799991607666,411700,0,0,-0.015884248646357957,0.8811630751765446,25.60749969482422,28.90544666350974,22.3095527261387,26.094999313354492,25.414999961853027,27.535000801086426,28.4950008392334,32.25
2020-04-08,27.979999542236328,29.01000022888184,27.63999938964844,28.40999984741211,295900,0,0,0.019010068242445888,0.8979140453683742,25.771499729156496,29.28000217281508,22.26299728549791,26.119999885559082,25.414999961853027,27.535000801086426,28.4950008392334,32.31999969482422
2020-04-09,28.8700008392334,29.520000457763672,28.670000076293945,29.350000381469727,304200,0,0,0.033086960193815074,0.9276232916449451,26.025499725341795,29.791404020036914,22.259595430646677,26.730000495910645,25.59000015258789,27.535000801086426,28.4950008392334,34.040000915527344
2020-04-13,29.1200008392334,29.440000534057617,28.270000457763672,28.459999084472656,149900,0,0,-0.030323723524003032,0.8994942994146781,26.15549964904785,30.067850758583305,22.243148539512397,27.135000228881836,25.59000015258789,27.4325008392334,28.4950008392334,32.7400016784668
2020-04-14,29.030000686645508,29.40999984741211,28.209999084472656,28.600000381469727,225100,0,0,0.004919230551678089,0.9039191192534191,26.328499698638915,30.35157795782509,22.30542143945274,27.135000228881836,25.59000015258789,27.36750078201294,28.4950008392334,32.9900016784668
2020-04-15,27.84000015258789,28.40999984741211,27.57999992370605,28.040000915527344,246100,0,0,-0.019580400645910934,0.8862200207469382,26.326999759674074,30.347473067514855,22.306526451833292,27.329999923706055,25.59000015258789,27.119999885559082,28.30500030517578,32.41999816894531
2020-04-16,28.190000534057617,28.799999237060547,27.51000022888184,27.93000030517578,246100,0,0,-0.003922988828814478,0.8827433895056762,26.383999729156493,30.461654966462078,22.306344491850908,27.664999961853027,25.59000015258789,26.755000114440918,28.140000343322754,32.529998779296875
2020-04-17,28.549999237060547,29.950000762939453,28.01000022888184,29.799999237060547,224500,0,0,0.06695305805414664,0.941845758910164,26.458999729156496,30.72768067654207,22.19031878177092,28.300000190734863,25.80500030517578,26.755000114440918,28.140000343322754,33.04999923706055
2020-04-20,29.559999465942383,30.31999969482422,29.36000061035156,29.90999984741211,156100,0,0,0.003691295743885936,0.945322390151426,26.826999759674074,30.94919016383674,22.704809355511408,28.914999961853027,25.989999771118164,26.270000457763672,27.655000686645508,34.40999984741211
2020-04-21,29.299999237060547,30.40999984741211,29.020000457763672,29.209999084472656,235300,0,0,-0.02340356959246248,0.9231984718062042,27.120499706268312,31.03634288419534,23.204656528341285,28.960000038146973,26.03499984741211,26.270000457763672,27.655000686645508,34.04999923706055
2020-04-22,29.770000457763672,29.84000015258789,29.229999542236328,29.59000015258789,179100,0,0,0.013009280384306265,0.9352086195762942,27.36349973678589,31.258711531178218,23.468287942393562,28.960000038146973,26.03499984741211,25.472500324249268,27.655000686645508,34.2599983215332
2020-04-23,29.520000457763672,29.850000381469727,29.21999931335449,29.26000022888184,157500,0,0,-0.011152413720997845,0.924778786135336,27.652499771118165,31.189845637078736,24.115153905157594,28.960000038146973,26.03499984741211,25.77500009536743,27.655000686645508,33.310001373291016
2020-04-24,29.489999771118164,29.6200008392334,29.07999992370605,29.51000022888184,155000,0,0,0.008544087424621205,0.9326801769325114,27.904499816894532,31.20689248356245,24.602107150226615,28.960000038146973,26.03499984741211,25.812500476837158,27.655000686645508,33.130001068115234
2020-04-27,29.739999771118164,30.549999237060547,29.489999771118164,30.15999984741211,164700,0,0,0.022026418620427757,0.9532237809486015,28.199999809265137,31.180095809104774,25.2199038094255,29.02999973297119,26.104999542236328,26.09500026702881,27.655000686645508,33.52000045776367
2020-04-28,30.15999984741211,31.0,30.09000015258789,30.6200008392334,344500,0,0,0.01525202235240597,0.9677623713624744,28.449499893188477,31.361184389514932,25.537815396862023,29.255000114440918,26.329999923706055,25.649999618530273,27.210000038146973,33.18000030517578
2020-04-29,31.3799991607666,31.540000915527344,30.790000915527344,31.209999084472656,243700,0,0,0.01926839415638737,0.9864095981836067,28.731499862670898,31.563570790587256,25.89942893475454,29.77500057220459,27.385000228881836,25.414999961853027,26.975000381469727,33.84000015258789
2020-04-30,31.479999542236328,31.479999542236328,29.940000534057617,30.40999984741211,352300,0,0,-0.025632786303366295,0.9611251717457769,28.974499893188476,31.485462647837178,26.463537138539774,30.280000686645508,27.385000228881836,25.414999961853027,26.975000381469727,33.900001525878906
2020-05-01,30.649999618530277,30.690000534057617,29.75,30.21999931335449,292300,0,0,-0.006247962348273073,0.9551200978607318,29.167999839782716,31.420663831297617,26.915335848267816,30.280000686645508,27.385000228881836,25.414999961853027,26.975000381469727,33.59000015258789
2020-05-04,30.15999984741211,30.420000076293945,29.59000015258789,30.239999771118164,227500,0,0,0.0006618285313737537,0.9557522235923845,29.35699987411499,31.27525169937263,27.43874804885735,30.3100004196167,27.385000228881836,25.414999961853027,26.975000381469727,33.689998626708984
2020-05-05,30.43000030517578,31.1200008392334,30.1299991607666,30.56999969482422,197100,0,0,0.010912695972346897,0.9661820570333427,29.4689998626709,31.395967671244534,27.542032054097263,30.3100004196167,27.74000072479248,25.414999961853027,26.975000381469727,32.41999816894531
2020-05-06,31.06999969482422,31.450000762939453,30.299999237060547,30.63999938964844,435800,0,0,0.002289816667419675,0.9683944368112994,29.60699987411499,31.4517037443245,27.76229600390548,30.3100004196167,28.145000457763672,25.414999961853027,26.975000381469727,31.770000457763672
2020-05-07,30.739999771118164,32.95000076293945,30.030000686645508,32.0,716200,0,0,0.04438644378077328,1.0113780220384379,29.786499881744383,31.821387930404818,27.75161183308395,31.22000026702881,28.850000381469727,25.414999961853027,26.975000381469727,32.189998626708984
2020-05-08,32.630001068115234,32.95000076293945,32.31999969482422,32.75,303000,0,0,0.0234375,1.0350821944299637,29.9564998626709,32.35672394198879,27.55627578335301,31.270000457763672,29.045000076293945,25.230000019073486,26.975000381469727,32.9900016784668
2020-05-11,32.439998626708984,33.63999938964844,31.38999938964844,33.13999938964844,400600,0,0,0.0119083783098759,1.0474083447830522,30.19049987792969,32.86182371281412,27.519176043045256,31.614999771118164,29.72499942779541,24.744999885559082,26.975000381469727,32.5099983215332
2020-05-12,33.08000183105469,33.63999938964844,32.650001525878906,33.2400016784668,332500,0,0,0.0030175706294550686,1.0505689734413157,30.42249994277954,33.3012313891076,27.543768496451484,31.614999771118164,30.144999504089355,25.182499885559082,26.975000381469727,31.739999771118164
2020-05-13,33.060001373291016,33.40999984741211,31.81999969482422,32.27000045776367,342200,0,0,-0.029181744034973978,1.019911538567266,30.63399991989136,33.39961800831934,27.86838183146338,31.614999771118164,30.574999809265137,25.639999866485596,26.975000381469727,31.46999931335449
2020-05-14,31.899999618530277,32.47999954223633,31.6299991607666,32.25,276300,0,0,-0.000619784861479955,1.0192794128356133,30.84999990463257,33.40140226275147,28.298597546513665,31.614999771118164,30.574999809265137,25.75499963760376,26.975000381469727,31.600000381469727
2020-05-15,32.31999969482422,32.7599983215332,32.060001373291016,32.31999969482422,265200,0,0,0.0021705331728441024,1.02149179261357,30.975999927520753,33.55659127424466,28.395408580796843,31.835000038146973,30.574999809265137,25.767499923706055,26.975000381469727,31.3700008392334
2020-05-18,32.900001525878906,34.40999984741211,32.900001525878906,34.040000915527344,332400,0,0,0.05321786005395812,1.0758533998791457,31.182499980926515,34.03827159033679,28.32672837151624,32.22000026702881,30.960000038146973,26.160000324249268,26.975000381469727,31.43000030517578
2020-05-19,33.79999923706055,33.900001525878906,32.720001220703125,32.7400016784668,245700,0,0,-0.03819034083714001,1.0347661918469653,31.35900011062622,34.13987426167439,28.578125959578042,32.22000026702881,30.960000038146973,26.362500190734863,26.975000381469727,32.439998626708984
2020-05-20,33.189998626708984,33.689998626708984,32.7400016784668,32.9900016784668,227100,0,0,0.007635918973224243,1.0426675826441405,31.529000186920165,34.271540831341774,28.78645954249856,32.89999961853027,30.960000038146973,26.362500190734863,26.975000381469727,32.63999938964844
2020-05-21,33.20000076293945,33.290000915527344,32.220001220703125,32.41999816894531,200000,0,0,-0.017278068521395018,1.0246523007061776,31.68700008392334,34.244371673964686,29.12962849388199,32.89999961853027,30.960000038146973,26.460000038146973,26.975000381469727,34.060001373291016
2020-05-22,32.43000030517578,32.58000183105469,32.099998474121094,32.529998779296875,160200,0,0,0.003392986322156233,1.0281289319474396,31.83800001144409,34.2114763834159,29.464523639472283,33.019999504089355,31.210000038146973,26.62750005722046,26.975000381469727,33.790000915527344
2020-05-26,33.0,33.790000915527344,32.75,33.04999923706055,333600,0,0,0.01598525906169468,1.0445638392734429,31.982499980926512,34.27959763801275,29.685402323840275,33.019999504089355,31.71500015258789,27.052500247955322,26.975000381469727,33.47999954223633
2020-05-27,33.4900016784668,34.47999954223633,32.88999938964844,34.40999984741211,220700,0,0,0.04114979248854356,1.0875474245005814,32.17199993133545,34.610760283479195,29.733239579191707,33.054999351501465,31.75,27.452499866485596,26.975000381469727,33.70000076293945
2020-05-28,34.790000915527344,34.790000915527344,33.959999084472656,34.04999923706055,245700,0,0,-0.010462092762218878,1.076169402462144,32.31399993896484,34.84223964342542,29.785760234504256,33.42500114440918,31.9350004196167,27.49749994277954,26.975000381469727,33.810001373291016
2020-05-29,33.810001373291016,34.43000030517578,33.47999954223633,34.2599983215332,255500,0,0,0.006167374131512249,1.082806541796014,32.5064998626709,35.011463164381986,30.001536560959813,33.44499969482422,31.9350004196167,27.49749994277954,26.03499984741211,33.70000076293945
2020-06-01,34.41999816894531,34.5099983215332,33.2599983215332,33.310001373291016,238400,0,0,-0.02772904246306085,1.0527813532192722,32.66099996566773,34.95267785184361,30.36932207949184,33.44499969482422,31.9350004196167,27.49749994277954,26.03499984741211,33.61000061035156
2020-06-02,33.279998779296875,33.529998779296875,32.91999816894531,33.130001068115234,200100,0,0,-0.005403791586754858,1.0470923422000535,32.80550003051758,34.812175068374096,30.798824992661064,33.44499969482422,32.140000343322754,27.49749994277954,26.03499984741211,33.209999084472656
2020-06-03,33.5099983215332,34.040000915527344,33.029998779296875,33.52000045776367,189000,0,0,0.011771789226526108,1.059418492553142,32.95300006866455,34.69413553965654,31.21186459767256,33.44499969482422,32.19000053405762,27.56749963760376,26.104999542236328,33.290000915527344
2020-06-04,33.150001525878906,33.63999938964844,32.83000183105469,33.18000030517578,162000,0,0,-0.010143202504316884,1.0486725962463574,33.08000011444092,34.45660499332491,31.703395235556933,33.44499969482422,32.19000053405762,27.792500019073486,26.329999923706055,33.06999969482422
2020-06-05,33.83000183105469,34.33000183105469,33.20000076293945,33.84000015258789,215000,0,0,0.019891496122414365,1.069532263128274,33.172000122070315,34.49175962759542,31.852240616545213,33.77000045776367,32.19000053405762,28.580000400543213,26.600000381469727,34.40999984741211
2020-06-08,33.900001525878906,34.31999969482422,33.689998626708984,33.900001525878906,181200,0,0,0.0017730902192807374,1.0714286403232318,33.229500198364256,34.57097185524713,31.888028541481383,33.810001373291016,32.19000053405762,28.832500457763672,26.600000381469727,34.290000915527344
2020-06-09,33.599998474121094,34.29999923706055,33.119998931884766,33.59000015258789,212600,0,0,-0.009144582871312368,1.0616308723310985,33.25200023651123,34.60187282354708,31.90212764947538,33.810001373291016,32.19000053405762,28.832500457763672,26.600000381469727,33.779998779296875
2020-06-10,33.560001373291016,34.09000015258789,33.34000015258789,33.689998626708984,219500,0,0,0.0029770310707601944,1.0647913804237066,33.27450008392334,34.63790329081183,31.911096877034858,33.670000076293945,32.410000801086426,28.847500324249268,26.600000381469727,34.15999984741211
2020-06-11,33.04999923706055,33.15999984741211,32.25,32.41999816894531,281300,0,0,-0.0376966610131243,1.0246523007061774,33.28199996948242,34.624483163850144,31.939516775114697,33.3799991607666,32.410000801086426,29.02500057220459,26.600000381469727,34.13999938964844
2020-06-12,33.13999938964844,33.13999938964844,31.200000762939453,31.770000457763672,265800,0,0,-0.020049282785100986,1.004108756972915,33.25799999237061,34.68867439039451,31.827325594346703,32.76500129699707,32.410000801086426,29.227500438690186,26.600000381469727,34.02000045776367
2020-06-15,31.170000076293945,32.2599983215332,30.899999618530277,32.189998626708984,197900,0,0,0.013219961060550567,1.0173830356406548,33.25149993896484,34.700425688660765,31.802574189268913,32.61500072479248,32.84500026702881,30.035000324249268,27.30500030517578,33.29999923706055
2020-06-16,32.95000076293945,33.2599983215332,32.349998474121094,32.9900016784668,182200,0,0,0.024852534510331648,1.04266758264414,33.19899997711182,34.604830019828924,31.79316993439471,32.61500072479248,32.84500026702881,30.15750026702881,27.30500030517578,34.349998474121094
2020-06-17,33.130001068115234,33.130001068115234,32.279998779296875,32.5099983215332,199400,0,0,-0.014549964610850563,1.0274968062157868,33.187499809265134,34.6120032974776,31.762996321052672,32.61500072479248,32.84500026702881,30.669999599456787,27.649999618530273,33.470001220703125
2020-06-18,32.29999923706055,32.29999923706055,31.31999969482422,31.739999771118164,274100,0,0,-0.02368497662779101,1.0031605683754359,33.12499971389771,34.68357802889089,31.56642139890452,32.609999656677246,32.84500026702881,30.87999963760376,27.649999618530273,33.459999084472656
2020-06-19,31.59000015258789,32.130001068115234,31.049999237060547,31.46999931335449,700700,0,0,-0.008506630740727439,0.9946270518466078,33.07749977111816,34.77259599657697,31.382403545659358,32.59999942779541,32.84500026702881,31.09499979019165,27.649999618530273,33.439998626708984
2020-06-22,31.38999938964844,31.729999542236328,30.979999542236328,31.600000381469727,374400,0,0,0.004130952365800411,0.9987358088195226,33.03099985122681,34.83249375961621,31.22950594283741,32.49499988555908,32.84500026702881,31.09499979019165,27.649999618530273,34.75
2020-06-23,31.979999542236328,31.979999542236328,31.190000534057617,31.3700008392334,211800,0,0,-0.0072784664386016384,0.991466543754,32.94699993133545,34.889832531815365,31.004167330855527,32.07999897003174,32.84500026702881,31.204999923706055,27.649999618530273,35.25
2020-06-24,31.040000915527344,31.690000534057617,30.90999984741211,31.43000030517578,205100,0,0,0.0019126383276133474,0.9933628606661302,32.797999954223634,34.726045213388716,30.869954695058553,32.07999897003174,32.84500026702881,31.59000015258789,28.03499984741211,34.650001525878906
2020-06-25,31.38999938964844,32.47999954223633,31.020000457763672,32.439998626708984,442300,0,0,0.03213484924360244,1.02528442643783,32.71749992370606,34.56144539280203,30.873554454610087,32.07999897003174,32.84500026702881,31.59000015258789,28.03499984741211,36.400001525878906
2020-06-26,32.31999969482422,32.880001068115234,32.0099983215332,32.63999938964844,642400,0,0,0.006165251892914281,1.0316055631887013,32.63649997711182,34.337602079706755,30.935397874516877,32.084999084472656,32.84500026702881,31.929999828338623,28.03499984741211,36.65999984741211
2020-06-29,33.0,34.209999084472656,32.93000030517578,34.060001373291016,302900,0,0,0.04350496354766853,1.076485525610798,32.67399997711182,34.464546179442685,30.883453774780953,32.55999946594238,32.84500026702881,31.929999828338623,28.03499984741211,36.52000045776367
2020-06-30,34.06999969482422,34.34000015258789,33.59000015258789,33.790000915527344,183400,0,0,-0.0079272004367974,1.0679520090819699,32.706999969482425,34.554005075873505,30.859994863091345,32.625,32.84500026702881,32.114999771118164,28.03499984741211,39.27999877929688
2020-07-01,33.720001220703125,34.18000030517578,33.470001220703125,33.47999954223633,121400,0,0,-0.009174352319965773,1.0581542410898366,32.704999923706055,34.54852494193818,30.861474905473926,32.625,32.84500026702881,32.36749982833862,28.03499984741211,39.02999877929688
2020-07-02,33.900001525878906,34.130001068115234,33.599998474121094,33.70000076293945,159700,0,0,0.0065711237667607225,1.0651075035723607,32.73099994659424,34.6152517303094,30.846748162879074,32.625,32.84500026702881,32.40249967575073,28.06999969482422,38.97999954223633
2020-07-06,34.15999984741211,34.15999984741211,33.66999816894531,33.810001373291016,157700,0,0,0.00326411299291518,1.0685841348136227,32.7295000076294,34.61022446903246,30.848775546226335,32.625,32.70499897003174,32.68000078201294,28.225000381469727,38.970001220703125
2020-07-07,33.52000045776367,34.2599983215332,33.459999084472656,33.70000076293945,227800,0,0,-0.003253493223412285,1.0651075035723607,32.71949996948242,34.57695580014175,30.862044138823094,32.625,32.70499897003174,32.69000005722046,28.225000381469727,39.72999954223633
2020-07-08,33.66999816894531,33.88999938964844,33.33000183105469,33.61000061035156,129900,0,0,-0.002670627612770482,1.0622629980627514,32.720499992370605,34.5798706919516,30.861129292789613,32.68000030517578,32.61999988555908,32.69000005722046,28.225000381469727,39.27000045776367
2020-07-09,33.56999969482422,33.630001068115234,32.81999969482422,33.209999084472656,155500,0,0,-0.011901265058463228,1.0496207245610087,32.69650001525879,34.51675637183174,30.876243658685844,33.17499923706055,32.61999988555908,32.792500019073486,28.225000381469727,38.91999816894531
2020-07-10,33.33000183105469,33.56999969482422,33.0099983215332,33.290000915527344,134400,0,0,0.0024089681800711915,1.0521492274876194,32.74000015258789,34.57342403681963,30.906576268356147,33.579999923706055,32.61999988555908,32.81750011444092,28.225000381469727,38.41999816894531
2020-07-13,33.560001373291016,34.02000045776367,33.02000045776367,33.06999969482422,190500,0,0,-0.006608627655534605,1.0451959650050953,32.805000114440915,34.58717198194179,31.022828246940037,33.579999923706055,32.61999988555908,32.81750011444092,28.225000381469727,38.209999084472656
2020-07-14,33.13999938964844,34.630001068115234,33.13999938964844,34.40999984741211,221400,0,0,0.04052011384800869,1.087547424500581,32.91600017547607,34.80562565751705,31.026374693435095,33.72500038146973,32.765000343322754,32.980000495910645,29.010000228881836,38.150001525878906
2020-07-15,34.83000183105469,35.15999984741211,34.25,34.290000915527344,215800,0,0,-0.003487327300694232,1.0837547906763203,32.981000137329104,34.9644822530483,30.997518021609903,33.989999771118164,33.02999973297119,33.000000953674316,29.010000228881836,38.209999084472656
2020-07-16,34.34000015258789,34.38999938964844,33.459999084472656,33.779998779296875,190000,0,0,-0.014873202759219772,1.0676358859333157,33.04450016021728,35.0450298360922,31.043970484342367,33.989999771118164,33.02999973297119,33.000000953674316,29.010000228881836,37.310001373291016
2020-07-17,33.7599983215332,34.290000915527344,33.4900016784668,34.15999984741211,215200,0,0,0.011249291943377093,1.0796460337034057,33.16550016403198,35.127752974148194,31.203247353915767,33.989999771118164,33.02999973297119,33.040000438690186,29.010000228881836,38.06999969482422
2020-07-20,34.189998626708984,34.650001525878906,34.099998474121094,34.13999938964844,107000,0,0,-0.0005854934968679837,1.0790139079717531,33.29900016784668,35.13996102599468,31.458039309698677,33.989999771118164,33.02999973297119,32.894999980926514,29.36500072479248,38.060001373291016
2020-07-21,34.5099983215332,34.7400016784668,33.849998474121094,34.02000045776367,183100,0,0,-0.003514907265087741,1.0752212741474925,33.42000017166138,35.1086084827785,31.731391860544257,33.989999771118164,33.02999973297119,32.58750104904175,29.770000457763672,38.060001373291016
2020-07-22,33.88999938964844,34.040000915527344,33.060001373291016,33.29999923706055,257700,0,0,-0.021164056761169614,1.0524652300706179,33.516500091552736,34.91898081383924,32.11401936926623,34.084999084472656,33.03499984741211,32.730000495910645,29.770000457763672,38.150001525878906
2020-07-23,33.41999816894531,34.38999938964844,33.310001373291016,34.349998474121094,259000,0,0,0.03153150934285831,1.0856510473056231,33.6625,34.73067215111543,32.594327848884575,34.09000015258789,33.03499984741211,32.730000495910645,29.96500015258789,37.86000061035156
2020-07-24,34.310001373291016,34.310001373291016,33.31999969482422,33.470001220703125,175300,0,0,-0.025618552911463754,1.057838238506838,33.714000129699706,34.628103366446226,32.799896892953186,34.11000061035156,33.03499984741211,32.730000495910645,30.300000190734863,37.15999984741211
2020-07-27,33.43000030517578,33.849998474121094,33.11000061035156,33.459999084472656,272400,0,0,-0.0002988388367396455,1.0575221153581837,33.75500011444092,34.53513514062098,32.974865088260856,34.11000061035156,33.03499984741211,32.72749996185303,30.72000026702881,37.790000915527344
2020-07-28,33.560001373291016,33.84000015258789,33.34000015258789,33.439998626708984,178200,0,0,-0.0005977423284794225,1.0568899896265311,33.723999977111816,34.502445962354564,32.94555399186907,33.900001525878906,33.03499984741211,32.72249984741211,31.15000057220459,37.900001525878906
2020-07-29,33.630001068115234,34.880001068115234,33.47999954223633,34.75,217000,0,0,0.03917468382443956,1.0982933208073657,33.77199993133545,34.67123323380313,32.87276662886777,33.970001220703125,33.03499984741211,32.670000076293945,31.15000057220459,36.97999954223633
2020-07-30,34.5,35.65999984741211,34.40999984741211,35.25,305500,0,0,0.014388489208633004,1.1140961024017162,33.860499954223634,34.95657875057968,32.76442115786759,34.36000061035156,33.28499984741211,32.46249961853027,31.15000057220459,36.630001068115234
2020-07-31,35.310001373291016,35.5,33.68000030517578,34.650001525878906,285800,0,0,-0.017021233308399775,1.0951328127147577,33.907999992370605,35.0538986735014,32.76210131123981,34.36000061035156,33.34000015258789,32.46249961853027,31.15000057220459,35.790000915527344
2020-08-03,35.0,36.880001068115234,35.0,36.400001525878906,524700,0,0,0.05050504828096436,1.150442548294985,34.0375,35.618302885582395,32.45669711441761,34.970001220703125,34.44499969482422,32.46249961853027,31.15000057220459,36.810001373291016
2020-08-04,36.0,36.77999877929688,36.0,36.65999984741211,298600,0,0,0.007142810731707083,1.1586599416751588,34.18549995422363,36.12917979404919,32.24182011439807,34.9950008392334,34.85000038146973,32.46499967575073,31.15000057220459,36.84000015258789
2020-08-05,36.68999862670898,37.22999954223633,36.40999984741211,36.52000045776367,290500,0,0,-0.003818859526217966,1.1542351821192456,34.33099994659424,36.50521915350894,32.15678073967954,35.170000076293945,35.02499961853027,32.702499866485596,31.15000057220459,36.56999969482422
2020-08-06,39.9900016784668,41.09999847412109,38.34999847412109,39.27999877929688,602800,0,0,0.07557498047474609,1.2414664834711726,34.63449993133545,37.64328879835231,31.625711064318587,37.10499954223633,36.959999084472656,32.735000133514404,31.40000057220459,36.27999877929688
2020-08-07,39.119998931884766,39.459999084472656,38.13999938964844,39.02999877929688,320100,0,0,-0.006364562315917532,1.2335650926739974,34.92149982452393,38.423016348806456,31.419983300241398,37.21999931335449,36.959999084472656,32.735000133514404,31.905000686645508,36.119998931884766
2020-08-10,39.060001373291016,39.52999877929688,37.95000076293945,38.97999954223633,177100,0,0,-0.0012810463393372329,1.2319848386276933,35.21699981689453,39.03075712894863,31.403242504840424,37.28999900817871,36.959999084472656,32.735000133514404,31.905000686645508,35.36000061035156
2020-08-11,39.08000183105469,39.369998931884766,38.790000915527344,38.970001220703125,228500,0,0,-0.0002564987596361812,1.2316688360446946,35.444999885559085,39.574249134642756,31.315750636475418,37.38999938964844,36.959999084472656,32.66499948501587,31.9350004196167,35.220001220703125
2020-08-12,39.09999847412109,40.18000030517578,38.869998931884766,39.72999954223633,190900,0,0,0.01950213748336882,1.2556890110192191,35.71699981689453,40.21080046714144,31.223199166647618,37.38999938964844,36.959999084472656,32.66499948501587,31.9350004196167,35.029998779296875
2020-08-13,39.560001373291016,40.06999969482422,39.18000030517578,39.27000045776367,144000,0,0,-0.011578129619247535,1.241150480888174,35.99149990081787,40.64803684562027,31.33496295601547,38.04999923706055,36.959999084472656,32.65000009536743,31.9350004196167,34.119998931884766
2020-08-14,39.58000183105469,39.58000183105469,38.70000076293945,38.91999816894531,156100,0,0,-0.008912714151730117,1.2300884614327352,36.22949981689453,40.97397605742419,31.485023576364874,38.54999923706055,37.05499839782715,32.897499561309814,32.140000343322754,34.099998474121094
2020-08-17,39.02999877929688,39.310001373291016,38.34999847412109,38.41999816894531,224500,0,0,-0.012846865969252663,1.2142856798383845,36.44349975585938,41.177659255157266,31.70934025656149,38.7549991607666,37.05999946594238,33.09999990463257,32.19000053405762,33.349998474121094
2020-08-18,38.119998931884766,38.77000045776367,37.65999984741211,38.209999084472656,252300,0,0,-0.005465879606480484,1.2076485405045145,36.65299968719482,41.308984041724386,31.99701533266526,39.3799991607666,37.079999923706055,33.09999990463257,32.19000053405762,34.060001373291016
2020-08-19,38.25,38.880001068115234,37.709999084472656,38.150001525878906,188600,0,0,-0.0015702057061323105,1.205752283875212,36.895499801635744,41.3249875515741,32.46601205169739,38.920000076293945,37.079999923706055,33.24500036239624,32.19000053405762,34.22999954223633
2020-08-20,37.86000061035156,38.43999862670898,37.70000076293945,38.209999084472656,178600,0,0,0.0015726751295948027,1.2076485405045145,37.08849983215332,41.390708239808845,32.78629142449779,38.920000076293945,37.079999923706055,33.50999975204468,32.375,35.04999923706055
2020-08-21,38.209999084472656,38.2599983215332,36.970001220703125,37.310001373291016,489700,0,0,-0.02355398410745768,1.1792036059740767,37.28049983978271,41.245657155708685,33.31534252385674,38.57500076293945,37.079999923706055,33.50999975204468,32.375,35.45000076293945
2020-08-24,37.59999847412109,38.45000076293945,37.29999923706055,38.06999969482422,194800,0,0,0.02036982829159739,1.203223780948601,37.510999870300296,41.07224240704916,33.94975733355143,38.57500076293945,37.079999923706055,33.50999975204468,32.59500026702881,36.13999938964844
2020-08-25,38.09999847412109,38.310001373291016,37.77999877929688,38.060001373291016,246600,0,0,-0.0002626299346821792,1.2029077783656024,37.74200000762939,40.77130875018761,34.71269126507118,38.52000045776367,37.079999923706055,33.50999975204468,32.59500026702881,36.2599983215332
2020-08-26,37.900001525878906,38.27000045776367,37.7599983215332,38.060001373291016,176200,0,0,0.0,1.2029077783656024,37.90750007629394,40.60497745847414,35.210022694113746,38.275001525878906,37.079999923706055,33.50999975204468,32.59500026702881,36.459999084472656
2020-08-27,38.2599983215332,38.40999984741211,36.59999847412109,38.150001525878906,145600,0,0,0.0023646912596027025,1.2057522838752117,38.05250015258789,40.45569168582727,35.64930861934851,37.954999923706055,37.10499954223633,33.55999946594238,33.02999973297119,36.66999816894531
2020-08-28,38.34999847412109,38.34999847412109,37.650001525878906,37.86000061035156,168900,0,0,-0.007601596433243207,1.196586641614731,38.21300010681152,40.039993816187206,36.386006397435835,37.739999771118164,37.10499954223633,33.5625,33.02999973297119,37.0
2020-08-31,37.81999969482422,37.81999969482422,36.97999954223633,37.15999984741211,348900,0,0,-0.018489190482159135,1.1744627232695093,38.251000022888185,39.95149022712892,36.55050981864745,37.739999771118164,37.10499954223633,33.572500228881836,33.02999973297119,37.13999938964844
2020-09-01,37.619998931884766,37.91999816894531,37.02999877929688,37.790000915527344,157800,0,0,0.016953742483911904,1.1943742618367745,38.30750007629395,39.85989467177142,36.755105480816475,37.52499961853027,37.21999931335449,33.572500228881836,33.02999973297119,37.810001373291016
2020-09-02,37.720001220703125,38.18999862670898,37.70000076293945,37.900001525878906,115600,0,0,0.002910839049658831,1.1978508930780365,38.37650012969971,39.710000924867074,37.04299933453234,37.52499961853027,37.28999900817871,33.46750068664551,33.02999973297119,38.619998931884766
2020-09-03,37.65999984741211,37.7599983215332,36.619998931884766,36.97999954223633,207200,0,0,-0.024274457694002494,1.1687737122502906,38.26150016784668,39.65935880152177,36.863641534171585,37.52499961853027,37.38999938964844,33.50250053405762,33.02999973297119,39.59999847412109
2020-09-04,37.33000183105469,37.43999862670898,36.22999954223633,36.630001068115234,176900,0,0,-0.009464534301071192,1.1577118133605073,38.141500282287595,39.66286578007089,36.6201347845043,37.31999969482422,37.38999938964844,33.822500228881836,33.27999973297119,39.29999923706055
2020-09-08,36.36000061035156,36.36000061035156,35.65999984741211,35.790000915527344,204300,0,0,-0.022932026428988395,1.131163135459372,37.98200035095215,39.76736841639409,36.196632285510205,37.03499984741211,38.04999923706055,33.85000038146973,33.27999973297119,38.31999969482422
2020-09-09,36.130001068115234,37.04999923706055,36.09000015258789,36.810001373291016,140600,0,0,0.02849959294974891,1.1634008243797258,37.87400035858154,39.668639522245435,36.079361194917645,37.03499984741211,38.3799991607666,34.70750045776367,33.890000343322754,38.93000030517578
2020-09-10,37.02000045776367,37.34000015258789,36.72999954223633,36.84000015258789,172500,0,0,0.0008149627323470465,1.164348952694377,37.72950038909912,39.359217498658055,36.09978327954019,37.0049991607666,38.3799991607666,34.92250061035156,33.890000343322754,38.470001220703125
2020-09-11,36.970001220703125,37.2599983215332,36.43000030517578,36.56999969482422,172100,0,0,-0.007329002623380987,1.155815436165549,37.594500350952146,39.13537274137199,36.0536279605323,36.92499923706055,38.3799991607666,35.09749984741211,34.0649995803833,37.5
2020-09-14,36.77999877929688,36.93000030517578,36.220001220703125,36.27999877929688,132700,0,0,-0.007930022366622547,1.1466497939050686,37.462500381469724,38.978402486165095,35.94659827677435,36.92499923706055,37.920000076293945,37.03249931335449,35.999999046325684,37.40999984741211
2020-09-15,36.63999938964844,36.63999938964844,36.0,36.119998931884766,181800,0,0,-0.004410139272204683,1.1415929086175025,37.3475004196167,38.90426646924622,35.790734369987184,36.92499923706055,37.920000076293945,37.089999198913574,35.999999046325684,37.13999938964844
2020-09-16,36.2599983215332,36.4900016784668,35.25,35.36000061035156,245900,0,0,-0.021040928682373727,1.1175727336429782,37.205000495910646,38.93406866506393,35.47593232675736,36.5049991607666,37.71500015258789,37.124999046325684,35.999999046325684,37.25
2020-09-17,35.20000076293945,35.54999923706055,34.86000061035156,35.220001220703125,250700,0,0,-0.003959258688684852,1.113147974087065,37.05850048065186,38.934399913911406,35.18260104739231,36.14999961853027,37.52000045776367,37.17499923706055,35.999999046325684,37.36000061035156
2020-09-18,35.560001373291016,37.150001525878906,34.400001525878906,35.029998779296875,801800,0,0,-0.00539473125556178,1.107142839919192,36.89950046539307,38.894656550437304,34.90434438034883,35.8700008392334,37.23500061035156,37.17499923706055,35.999999046325684,37.04999923706055
2020-09-21,34.4900016784668,34.790000915527344,33.5099983215332,34.119998931884766,189000,0,0,-0.025977729920730996,1.0783817822401,36.740000343322755,39.065025568443694,34.414975118201816,35.42499923706055,36.545000076293945,37.5049991607666,35.999999046325684,37.08000183105469
2020-09-22,34.15999984741211,34.5,33.84000015258789,34.099998474121094,181800,0,0,-0.0005861799059138084,1.0777496565084475,36.5415002822876,39.05106935599891,34.03193120857629,35.42499923706055,36.40999984741211,37.80249881744385,35.999999046325684,36.09000015258789
2020-09-23,34.130001068115234,34.40999984741211,33.310001373291016,33.349998474121094,142000,0,0,-0.021994135881536314,1.0540454841169216,36.3060001373291,39.074914622925476,33.537085651732724,35.28499984741211,36.095001220703125,37.90749931335449,35.999999046325684,36.060001373291016
2020-09-24,33.27000045776367,34.29999923706055,33.130001068115234,34.060001373291016,188900,0,0,0.021289443228037053,1.0764855256107977,36.106000137329104,38.9172352279291,33.29476504672911,35.14000129699707,36.005001068115234,38.22999954223633,35.999999046325684,35.38999938964844
2020-09-25,33.810001373291016,34.4900016784668,33.79999923706055,34.22999954223633,139600,0,0,0.004991138053171751,1.0818584134813622,35.910000038146975,38.66944595443696,33.15055412185699,35.14000129699707,35.790000915527344,38.0,35.999999046325684,35.7599983215332
2020-09-28,34.43000030517578,35.29999923706055,34.279998779296875,35.04999923706055,147200,0,0,0.02395558591265612,1.1077749656508449,35.769499969482425,38.39922047938179,33.13977945958306,35.14000129699707,35.790000915527344,38.0,35.999999046325684,36.540000915527344
2020-09-29,35.08000183105469,35.52000045776367,34.939998626708984,35.45000076293945,135900,0,0,0.011412311971064515,1.1204172391525875,35.68400001525879,38.23656284934617,33.13143718117141,35.14000129699707,35.790000915527344,37.827500343322754,35.999999046325684,36.11000061035156
2020-09-30,35.5099983215332,36.220001220703125,35.5099983215332,36.13999938964844,259100,0,0,0.01946399469278237,1.1422250343491553,35.60149993896484,37.97496522937868,33.228034648551,35.14000129699707,35.77000045776367,37.827500343322754,35.999999046325684,36.52000045776367
2020-10-01,35.4900016784668,36.43999862670898,35.060001373291016,36.2599983215332,221500,0,0,0.0033203910877523946,1.146017668173416,35.51949977874756,37.670227847008725,33.36877171048639,34.78499984741211,35.77000045776367,37.80000019073486,35.999999046325684,36.77000045776367
2020-10-02,35.939998626708984,36.66999816894531,35.7400016784668,36.459999084472656,142700,0,0,0.005515741097557703,1.1523388049242873,35.493499755859375,37.584064246867044,33.402935264851706,34.89999961853027,35.77000045776367,37.67750072479248,35.999999046325684,35.119998931884766
2020-10-05,36.7400016784668,37.02000045776367,36.43999862670898,36.66999816894531,131500,0,0,0.0057597117319208024,1.1589759442581573,35.49549961090088,37.5905291883281,33.40047003347366,35.07500076293945,35.739999771118164,37.52999973297119,36.0049991607666,37.02999877929688
2020-10-06,36.93000030517578,37.52000045776367,36.5,37.0,206100,0,0,0.00899923227523236,1.1694058379819432,35.55599956512451,37.75019002587505,33.36180910437397,35.32500076293945,35.65999984741211,37.422499656677246,36.0049991607666,37.65999984741211
2020-10-07,37.08000183105469,37.56999969482422,36.900001525878906,37.13999938964844,208500,0,0,0.003783767287795614,1.1738305975378565,35.572499465942386,37.809177442312524,33.33582148957225,35.68499946594238,35.65999984741211,37.422499656677246,36.0049991607666,36.91999816894531
2020-10-08,37.31999969482422,37.900001525878906,37.15999984741211,37.810001373291016,130500,0,0,0.01803990292550517,1.1950063875684271,35.62099952697754,38.00440708721129,33.23759196674379,36.09000015258789,35.65999984741211,37.37249946594238,36.0049991607666,37.41999816894531
2020-10-09,38.04999923706055,38.66999816894531,38.0099983215332,38.619998931884766,159800,0,0,0.021422838645172027,1.2206068165892554,35.72349948883057,38.42063613106059,33.02636284660055,36.80499839782715,35.89999961853027,37.40749931335449,36.0049991607666,37.20000076293945
2020-10-12,38.84000015258789,39.90999984741211,38.709999084472656,39.59999847412109,163900,0,0,0.025375441981880353,1.2515802540463037,35.889499473571775,39.073655516224576,32.70534343091897,37.48500061035156,36.52000045776367,37.457499504089355,36.0049991607666,38.11000061035156
2020-10-13,39.40999984741211,39.54999923706055,38.90999984741211,39.29999923706055,136200,0,0,-0.0075757386015201655,1.2420986092028248,36.048499488830565,39.56668722192295,32.53031175573818,37.48500061035156,36.52000045776367,37.35499954223633,36.0049991607666,37.15999984741211
2020-10-14,39.18000030517578,39.619998931884766,38.22999954223633,38.31999969482422,81800,0,0,-0.024936375604612593,1.2111251717457763,36.1964994430542,39.8346948047628,32.558304081345604,37.82500076293945,36.52000045776367,37.54249954223633,36.05999946594238,37.11000061035156
2020-10-15,37.84999847412109,39.040000915527344,37.68000030517578,38.93000030517578,102300,0,0,0.01591859643031146,1.230404584581389,36.38199939727783,40.178746086923695,32.585252707631966,38.17499923706055,36.52000045776367,37.707499504089355,36.55499839782715,37.18999862670898
2020-10-16,38.75,38.880001068115234,38.34999847412109,38.470001220703125,156600,0,0,-0.011816056533950237,1.2158660544503437,36.553999519348146,40.40205960028854,32.70593943840775,38.204999923706055,36.52000045776367,37.6924991607666,36.959999084472656,37.06999969482422
2020-10-19,38.54999923706055,38.68999862670898,37.45000076293945,37.5,124000,0,0,-0.02521448375159152,1.1852086195762939,36.722999572753906,40.42099516787049,33.025003977637326,38.40500068664551,36.52000045776367,37.652499198913574,36.959999084472656,38.08000183105469
2020-10-20,37.83000183105469,38.04999923706055,37.18999862670898,37.40999984741211,80600,0,0,-0.0024000040690104196,1.1823641140666845,36.888499641418456,40.39117680871154,33.38582247412537,38.53499984741211,36.52000045776367,37.422499656677246,36.959999084472656,36.959999084472656
2020-10-21,37.52999877929688,37.95000076293945,37.0,37.13999938964844,93100,0,0,-0.007217333837608919,1.1738305975378565,37.077999687194826,40.17714637770283,33.97885299668682,38.454999923706055,36.52000045776367,37.422499656677246,36.959999084472656,37.27999877929688
2020-10-22,37.33000183105469,37.45000076293945,36.86000061035156,37.25,101400,0,0,0.002961782772194166,1.1773072287791184,37.23749961853027,40.006292080937364,34.46870715612318,38.385000228881836,36.52000045776367,37.109999656677246,36.959999084472656,36.88999938964844
2020-10-23,37.2599983215332,37.59999847412109,37.06999969482422,37.36000061035156,102000,0,0,0.002953036519504959,1.1807838600203804,37.39399967193604,39.79011924930533,34.997880094566746,38.239999771118164,36.52000045776367,36.83500003814697,36.959999084472656,37.06999969482422
2020-10-26,37.02000045776367,37.470001220703125,36.61000061035156,37.04999923706055,155500,0,0,-0.008297681162379944,1.170986092028247,37.49399967193604,39.64201740279401,35.345981941078065,38.114999771118164,36.52000045776367,36.55250072479248,36.959999084472656,36.15999984741211
2020-10-27,36.91999816894531,37.38999938964844,36.59999847412109,37.08000183105469,121600,0,0,0.0008097866292027245,1.1719343409085539,37.5754997253418,39.518960710969765,35.632038739713835,37.81999969482422,36.52000045776367,35.984999656677246,36.959999084472656,35.959999084472656
2020-10-28,36.52999877929688,36.70000076293945,35.88999938964844,36.09000015258789,158200,0,0,-0.02669907307387631,1.1406447803028512,37.57299976348877,39.52403657781662,35.62196294916092,37.385000228881836,36.52000045776367,35.91749954223633,37.05499839782715,35.849998474121094
2020-10-29,35.970001220703125,36.22999954223633,35.38999938964844,36.060001373291016,129600,0,0,-0.0008312213679700919,1.1396966519882,37.56299991607666,39.543003962602505,35.58299586955082,37.03999900817871,36.52000045776367,35.69000053405762,37.05999946594238,35.779998779296875
2020-10-30,35.83000183105469,36.040000915527344,35.099998474121094,35.38999938964844,119100,0,0,-0.018580198506005452,1.1185208619576295,37.50949993133545,39.658355578417144,35.36064428425375,36.57499885559082,36.85499954223633,35.57250118255615,37.079999923706055,35.849998474121094
2020-11-02,35.77000045776367,36.18999862670898,34.970001220703125,35.7599983215332,229200,0,0,0.010454900770441755,1.1302148865790655,37.46399993896485,39.719119860018395,35.2088800179113,36.46000099182129,37.09499931335449,35.46500110626221,37.079999923706055,35.33000183105469
2020-11-03,36.29999923706055,36.7400016784668,35.86000061035156,36.540000915527344,126600,0,0,0.021812154099695613,1.1548673078508982,37.44099998474121,39.72409443831457,35.15790553116785,36.28499984741211,37.42499923706055,35.46500110626221,37.079999923706055,35.08000183105469
2020-11-04,36.22999954223633,37.13999938964844,35.90999984741211,36.11000061035156,89800,0,0,-0.011767933618005322,1.1412769060345043,37.389500045776366,39.74357463619551,35.03542545535722,36.28499984741211,37.44000053405762,35.46500110626221,37.079999923706055,35.11000061035156
2020-11-05,36.22999954223633,36.91999816894531,36.22999954223633,36.52000045776367,108100,0,0,0.011354191096152322,1.1542351821192456,37.325,39.70027972514441,34.94972027485559,36.220001220703125,37.44000053405762,35.45500087738037,37.079999923706055,34.52000045776367
2020-11-06,36.7599983215332,37.34999847412109,36.470001220703125,36.77000045776367,107500,0,0,0.006845563988673309,1.1621365729164208,37.232500076293945,39.54130002934407,34.92370012324382,36.18000030517578,37.44000053405762,35.27750015258789,37.079999923706055,35.13999938964844
2020-11-09,38.79999923706055,39.13999938964844,34.970001220703125,35.119998931884766,240700,0,0,-0.044873579149780074,1.1099873454288016,37.00850009918213,39.22134382181148,34.79565637655278,37.05500030517578,37.44000053405762,35.33500003814697,37.079999923706055,35.59000015258789
2020-11-10,35.45000076293945,37.29999923706055,35.130001068115234,37.02999877929688,181700,0,0,0.05438496314070407,1.170353966296595,36.89500007629395,38.83999034535586,34.950009807232036,37.05500030517578,37.44000053405762,35.40750026702881,37.10499954223633,35.45000076293945
2020-11-11,37.11000061035156,37.7599983215332,36.7400016784668,37.65999984741211,137300,0,0,0.01701326191961572,1.19026550486386,36.86200008392334,38.72917413735148,34.994826030495204,37.05500030517578,37.44000053405762,35.49250030517578,37.10499954223633,35.09000015258789
2020-11-12,37.470001220703125,38.470001220703125,36.61000061035156,36.91999816894531,119400,0,0,-0.019649540134494936,1.1668773350553328,36.76149997711182,38.368200681690794,35.15479927253284,37.05500030517578,37.44000053405762,35.672499656677246,37.10499954223633,34.540000915527344
2020-11-13,36.630001068115234,37.619998931884766,36.630001068115234,37.41999816894531,123400,0,0,0.01354279590459373,1.1826801166496834,36.70899982452393,38.146994416130354,35.2710052329175,37.05500030517578,37.44000053405762,35.875,37.114999771118164,34.4900016784668
2020-11-16,37.7599983215332,38.08000183105469,36.79999923706055,37.20000076293945,178000,0,0,-0.005879139945774603,1.175726974732815,36.6939998626709,38.104374513641616,35.28362521170018,37.05500030517578,37.44000053405762,36.35249900817871,37.114999771118164,34.93000030517578
2020-11-17,36.900001525878906,38.709999084472656,36.66999816894531,38.11000061035156,378600,0,0,0.024462360987871135,1.2044880324119067,36.72899990081787,38.24093607879106,35.21706372284468,37.05500030517578,37.295000076293945,37.00250053405762,37.114999771118164,34.849998474121094
2020-11-18,38.18000030517578,38.869998931884766,37.09999847412109,37.15999984741211,164200,0,0,-0.024927860081991438,1.1744627232695095,36.72999992370605,38.2430603681942,35.216939479217906,37.05500030517578,37.295000076293945,37.00250053405762,37.114999771118164,35.56999969482422
2020-11-19,37.400001525878906,37.560001373291016,36.81999969482422,37.11000061035156,163200,0,0,-0.0013455123053244256,1.1728824692232056,36.72299995422363,38.22755237288636,35.218447535560905,37.05500030517578,37.05500030517578,37.17250061035156,37.114999771118164,35.41999816894531
2020-11-20,36.790000915527344,37.36000061035156,36.540000915527344,37.18999862670898,234100,0,0,0.002155699677760081,1.1754108515841606,36.7144998550415,38.20629021221951,35.2227094978635,37.0,37.05500030517578,37.34749984741211,37.114999771118164,35.58000183105469
2020-11-23,37.459999084472656,37.880001068115234,36.66999816894531,37.06999969482422,279800,0,0,-0.003226645235705372,1.1716182177599002,36.71549987792969,38.20822515242918,35.222774603430196,37.704999923706055,37.05500030517578,37.36250019073486,37.114999771118164,36.33000183105469
2020-11-24,37.9900016784668,39.18000030517578,35.11000061035156,38.08000183105469,366400,0,0,0.027245809132593113,1.2035399040972554,36.765499877929685,38.36790608774291,35.16309366811646,37.14500045776367,37.07500076293945,37.46250057220459,37.114999771118164,36.25
2020-11-25,38.31999969482422,38.31999969482422,36.27999877929688,36.959999084472656,240300,0,0,-0.029411835418260313,1.1681415865186382,36.80899982452392,38.38235407674141,35.23564557230644,37.14500045776367,37.07500076293945,37.52750015258789,36.65500068664551,37.18000030517578
2020-11-27,37.15999984741211,37.34000015258789,36.31999969482422,37.27999877929688,111000,0,0,0.008658000615553663,1.1782553570937704,36.869999694824216,38.416551476836155,35.32344791281228,37.14500045776367,37.07500076293945,37.48750019073486,36.65500068664551,39.150001525878906
2020-11-30,37.41999816894531,37.65999984741211,36.47999954223633,36.88999938964844,299700,0,0,-0.0104613573610155,1.1659292067406815,36.94499969482422,38.33290493877151,35.557094450876924,37.14500045776367,37.07500076293945,37.452500343322754,36.65500068664551,38.38999938964844
2020-12-01,37.20000076293945,37.619998931884766,36.68999862670898,37.06999969482422,241800,0,0,0.004879379456598443,1.1716182177599002,37.01049976348877,38.286497843733585,35.73450168324395,37.14500045776367,37.07500076293945,37.38000011444092,36.65500068664551,37.9900016784668
2020-12-02,36.869998931884766,37.09999847412109,35.779998779296875,36.15999984741211,201600,0,0,-0.024548148230472355,1.1428571600808084,36.991499710083005,38.30611240852524,35.67688701164077,37.14500045776367,37.07500076293945,37.31750011444092,36.60000038146973,38.060001373291016
2020-12-03,36.060001373291016,36.41999816894531,35.619998931884766,35.959999084472656,222000,0,0,-0.005530994573656467,1.136536023329937,36.98399963378906,38.32041196928134,35.647587298296784,37.14500045776367,37.07500076293945,37.170000076293945,36.52000045776367,38.38999938964844
2020-12-04,36.11000061035156,36.20000076293945,35.38999938964844,35.849998474121094,216300,0,0,-0.0030589714447201155,1.1330593920886751,36.950499534606934,38.363983396959085,35.53701567225478,37.14500045776367,37.07500076293945,36.952500343322754,36.52000045776367,38.13999938964844
2020-12-07,35.720001220703125,36.04999923706055,35.349998474121094,35.779998779296875,182400,0,0,-0.0019525717657910002,1.1308470123107184,36.90099945068359,38.4038151827085,35.398183718658686,37.14500045776367,37.07500076293945,36.77999973297119,36.52000045776367,38.20000076293945
2020-12-08,35.65999984741211,35.939998626708984,35.40999984741211,35.849998474121094,132100,0,0,0.001956391761106513,1.133059392088675,36.93749942779541,38.29214676335512,35.5828520922357,36.834999084472656,37.07500076293945,36.714999198913574,36.52000045776367,37.79999923706055
2020-12-09,36.0099983215332,36.0099983215332,35.290000915527344,35.33000183105469,187600,0,0,-0.014504788429538507,1.116624605328327,36.8524995803833,38.37781613153146,35.327183029235144,36.47500038146973,37.07500076293945,36.77750015258789,36.52000045776367,37.97999954223633
2020-12-10,35.25,35.43000030517578,34.630001068115234,35.08000183105469,221500,0,0,-0.007076138891684236,1.1087232145311516,36.72349967956543,38.3856330726162,35.061366286514655,36.14500045776367,36.90500068664551,36.85499954223633,36.52000045776367,38.459999084472656
2020-12-11,34.810001373291016,35.310001373291016,34.52000045776367,35.11000061035156,168500,0,0,0.000855153299060607,1.109671342845803,36.63299980163574,38.43525862546033,34.83074097781115,36.06999969482422,36.85000038146973,36.86250019073486,36.52000045776367,39.060001373291016
2020-12-14,35.43000030517578,35.45000076293945,34.209999084472656,34.52000045776367,271800,0,0,-0.016804333304794583,1.0910240557418431,36.48799991607666,38.47309832412756,34.50290150802576,35.654998779296875,36.69499969482422,36.83000087738037,36.52000045776367,39.540000915527344
2020-12-15,34.689998626708984,35.279998779296875,34.220001220703125,35.13999938964844,178400,0,0,0.017960571369150413,1.1106194711604545,36.38499984741211,38.4252487719048,34.344750922919424,35.314998626708984,36.69499969482422,36.8100004196167,36.52000045776367,40.619998931884766
2020-12-16,35.31999969482422,35.650001525878906,35.02000045776367,35.59000015258789,169900,0,0,0.0128059411142738,1.1248419987085012,36.258999824523926,38.1628287475261,34.35517090152175,35.204999923706055,36.69499969482422,37.2475004196167,36.52000045776367,40.38999938964844
2020-12-17,35.779998779296875,36.08000183105469,35.27000045776367,35.45000076293945,230800,0,0,-0.0039336720721608875,1.120417239152588,36.17349987030029,38.06114250713035,34.28585723347023,35.14500045776367,36.69499969482422,37.2475004196167,36.52000045776367,40.0
2020-12-18,35.599998474121094,35.939998626708984,34.810001373291016,35.09000015258789,1117900,0,0,-0.010155165094606122,1.1090392171141505,36.07249984741211,37.965112260886265,34.17988743393796,35.14500045776367,36.69499969482422,37.2475004196167,36.52000045776367,39.52000045776367
2020-12-21,34.599998474121094,35.08000183105469,34.22999954223633,34.540000915527344,231200,0,0,-0.015673959380703595,1.091656181473496,35.939999961853026,37.872186768223955,34.0078131554821,35.14500045776367,36.69499969482422,37.2475004196167,36.52000045776367,39.0
2020-12-22,34.56999969482422,34.97999954223633,34.2400016784668,34.4900016784668,135300,0,0,-0.0014475748620512707,1.090075927427192,35.81100006103516,37.76879984715115,33.85320027491917,35.14500045776367,36.69499969482422,37.2475004196167,36.52000045776367,38.900001525878906
2020-12-23,34.459999084472656,35.029998779296875,34.29999923706055,34.93000030517578,171300,0,0,0.012757280524682946,1.1039823318265847,35.65349998474121,37.34129562545884,33.96570434402358,35.14500045776367,36.69499969482422,37.2475004196167,36.52000045776367,39.91999816894531
2020-12-24,35.25,35.4900016784668,34.4900016784668,34.849998474121094,87300,0,0,-0.002290347276144522,1.101453828899974,35.547999954223634,37.157054621831755,33.938945286615514,35.14500045776367,36.69499969482422,37.17500019073486,36.52000045776367,40.91999816894531
2020-12-28,35.209999084472656,35.66999816894531,34.56999969482422,35.56999969482422,224600,0,0,0.02066000723752648,1.1242098729768488,35.4625,36.86001983442012,34.064980165579875,35.150001525878906,36.69499969482422,37.17500019073486,36.52000045776367,41.54999923706055
2020-12-29,35.7400016784668,35.93000030517578,34.959999084472656,35.41999816894531,145100,0,0,-0.0042170797628861,1.1194689902722814,35.388999938964844,36.62170785833579,34.1562920195939,35.15500068664551,36.69499969482422,37.05500030517578,36.52000045776367,41.59999847412109
2020-12-30,35.56999969482422,35.869998931884766,35.189998626708984,35.58000183105469,90200,0,0,0.004517325533055949,1.1245259961255027,35.31450004577637,36.28050319962647,34.34849689192627,35.15500068664551,36.69499969482422,37.02750015258789,36.52000045776367,42.41999816894531
2020-12-31,36.369998931884766,37.5,36.0,36.33000183105469,238800,0,0,0.021079256925315537,1.1482301685170286,35.3230001449585,36.32141759641395,34.32458269350305,35.864999771118164,36.69499969482422,37.38000011444092,36.52000045776367,44.02000045776367
2021-01-04,36.959999084472656,36.959999084472656,35.349998474121094,36.25,181600,0,0,-0.0022020871737556957,1.145701665590418,35.337500190734865,36.38042515053811,34.29457523093162,35.864999771118164,36.26499938964844,37.11000061035156,36.52000045776367,42.54999923706055
2021-01-05,36.220001220703125,37.459999084472656,35.86000061035156,37.18000030517578,260200,0,0,0.025655180832435454,1.1750948490011626,35.4040002822876,36.709028241974764,34.09897232260043,35.8700008392334,35.93499946594238,37.11000061035156,36.52000045776367,43.38999938964844
2021-01-06,37.79999923706055,39.790000915527344,37.79999923706055,39.150001525878906,348200,0,0,0.05298550845974259,1.2373578470639137,35.5725004196167,37.669386182964146,33.47561465626926,37.045000076293945,37.0,37.11000061035156,36.52000045776367,44.5
2021-01-07,39.58000183105469,39.58000183105469,38.02999877929688,38.38999938964844,171600,0,0,-0.019412569772905175,1.2133375515237337,35.699500465393065,38.13284769326576,33.26615323752037,37.14000129699707,37.0,37.11000061035156,36.52000045776367,42.70000076293945
2021-01-08,38.33000183105469,38.4900016784668,37.7599983215332,37.9900016784668,155400,0,0,-0.010419320592370163,1.2006953985876465,35.83250045776367,38.456011345723134,33.20898956980421,37.18000030517578,37.0,37.11000061035156,36.52000045776367,42.27999877929688
2021-01-11,37.54999923706055,38.25,37.54999923706055,38.060001373291016,147200,0,0,0.0018425820408398685,1.2029077783656033,35.981500434875485,38.75309894671797,33.209901923033,37.375,37.0,37.11000061035156,36.52000045776367,41.970001220703125
2021-01-12,38.2400016784668,38.66999816894531,38.2400016784668,38.38999938964844,137100,0,0,0.008670467799536175,1.213337551523734,36.145500373840335,39.07676385551781,33.21423689216286,37.489999771118164,37.0,37.11000061035156,36.52000045776367,41.880001068115234
2021-01-13,38.33000183105469,38.65999984741211,38.02000045776367,38.13999938964844,158300,0,0,-0.006512112632838685,1.2054361607265587,36.32650032043457,39.281141924214126,33.37185871665501,37.56999969482422,37.0,37.11000061035156,36.52000045776367,41.900001525878906
2021-01-14,38.220001220703125,38.869998931884766,37.9900016784668,38.20000076293945,246100,0,0,0.0015731875786892946,1.2073325379215165,36.47950038909912,39.48953236535031,33.46946841284794,37.56999969482422,37.0,37.11000061035156,36.52000045776367,41.77000045776367
2021-01-15,38.0,38.45000076293945,37.68000030517578,37.79999923706055,145600,0,0,-0.010471243923821483,1.1946902644197739,36.59000034332276,39.62372802620429,33.55627266044122,37.82500076293945,37.0,36.954999923706055,36.85499954223633,42.20000076293945
2021-01-19,38.060001373291016,38.27000045776367,37.66999816894531,37.97999954223633,254000,0,0,0.004761912931450674,1.2003792754389926,36.7165002822876,39.76062225282121,33.67237831175399,38.670000076293945,37.0,36.77500057220459,37.09499931335449,41.09999847412109
2021-01-20,39.93999862670898,39.93999862670898,37.93000030517578,38.459999084472656,177900,0,0,0.012638218747278662,1.2155499313016904,36.885000228881836,39.92335286153526,33.846647596228415,38.744998931884766,37.07499885559082,36.52500057220459,37.27000045776367,41.5099983215332
2021-01-21,38.470001220703125,39.2400016784668,37.5,39.060001373291016,156300,0,0,0.015600683907987856,1.2345133415543044,37.11100025177002,40.08920194968108,34.13279855385896,38.71999931335449,37.07499885559082,36.46000003814697,37.21500015258789,43.25
2021-01-22,38.70000076293945,39.75,38.209999084472656,39.540000915527344,139600,0,0,0.012288774330780017,1.2496839974170024,37.36350021362305,40.26450483773426,34.46249558951184,38.71999931335449,37.079999923706055,36.17499923706055,37.05999946594238,42.400001525878906
2021-01-25,39.38999938964844,41.08000183105469,39.369998931884766,40.619998931884766,156800,0,0,0.027314061490911756,1.2838179429666587,37.648000144958495,40.65388571813215,34.64211457178484,39.290000915527344,37.65500068664551,36.0049991607666,37.05999946594238,43.16999816894531
2021-01-26,40.880001068115234,40.880001068115234,39.7400016784668,40.38999938964844,181400,0,0,-0.00566222423151741,1.2765486779011361,37.92500019073486,40.86818589055979,34.98181449090993,39.290000915527344,37.65500068664551,35.94999980926514,37.05999946594238,42.52000045776367
2021-01-27,39.81999969482422,41.08000183105469,39.7400016784668,40.0,210400,0,0,-0.009655840444216301,1.2642225275480474,38.146500205993654,41.012359269302806,35.2806411426845,39.290000915527344,37.65500068664551,35.920000076293945,37.05999946594238,44.63999938964844
2021-01-28,40.310001373291016,40.66999816894531,36.310001373291016,39.52000045776367,210200,0,0,-0.011999988555908225,1.2490518716853496,38.35150032043457,40.98239369625267,35.72060694461646,38.69500160217285,37.65500068664551,35.920000076293945,37.05999946594238,45.77000045776367
2021-01-29,39.310001373291016,39.900001525878906,38.84999847412109,39.0,231800,0,0,-0.013157906167521771,1.2326169643593463,38.52250022888184,40.83233317057142,36.21266728719226,38.69500160217285,37.66000175476074,35.920000076293945,37.05999946594238,45.68999862670898
2021-02-01,39.0,39.27999877929688,37.4900016784668,38.900001525878906,202800,0,0,-0.0025640634390023953,1.2294564562667385,38.65100021362305,40.730768200836934,36.571232226409165,38.69500160217285,37.69000053405762,35.920000076293945,37.05999946594238,46.59000015258789
2021-02-02,39.130001068115234,40.79999923706055,39.040000915527344,39.91999816894531,161000,0,0,0.026220992366487117,1.261694024621437,38.83450012207031,40.664605647088806,37.004394597051814,38.69500160217285,37.78500175476074,35.920000076293945,37.05999946594238,47.27000045776367
2021-02-03,39.880001068115234,41.459999084472656,39.880001068115234,40.91999816894531,224700,0,0,0.025050101349401332,1.293299587810138,39.02150001525879,40.90133907638101,37.14166095413657,38.885000228881836,38.01499938964844,35.920000076293945,36.91499900817871,47.88999938964844
2021-02-04,45.0099983215332,45.0099983215332,41.369998931884766,41.54999923706055,319200,0,0,0.015395921219599318,1.3132111263774033,39.14149990081787,41.324361646319154,36.958638155316585,40.65999984741211,39.98499870300293,35.92250061035156,36.91499900817871,47.02000045776367
2021-02-05,41.58000183105469,43.209999084472656,40.54999923706055,41.59999847412109,185600,0,0,0.001203351094551719,1.314791380423707,39.3019998550415,41.70379210527045,36.90020760481255,40.65999984741211,40.099998474121094,35.92500019073486,36.69499969482422,47.84999847412109
2021-02-08,42.36000061035156,43.400001525878906,41.790000915527344,42.41999816894531,312200,0,0,0.019711531848596975,1.3407079325931897,39.52349967956543,42.20451456545462,36.84248479367624,40.65999984741211,40.17999839782715,35.92500019073486,36.69499969482422,47.25
2021-02-09,41.93999862670898,44.369998931884766,41.869998931884766,44.02000045776367,295000,0,0,0.037718113104250106,1.391276906034505,39.82149963378906,43.0593466160865,36.58365265149162,40.65999984741211,40.17999839782715,36.27999973297119,36.69499969482422,46.81999969482422
2021-02-10,44.47999954223633,44.83000183105469,42.31999969482422,42.54999923706055,247400,0,0,-0.03339393924163092,1.3448166895661045,40.02949962615967,43.40583186037702,36.65316739194232,41.25,40.43499946594238,36.0649995803833,36.69499969482422,47.709999084472656
2021-02-11,43.709999084472656,43.77000045776367,41.72999954223633,43.38999938964844,280100,0,0,0.019741484551103472,1.37136536746724,40.291999626159665,43.85324031490535,36.73075893741398,41.25,40.65999984741211,35.90250015258789,36.69499969482422,47.709999084472656
2021-02-12,43.45000076293945,44.619998931884766,43.34999847412109,44.5,193200,0,0,0.025581945747074064,1.4064475618972032,40.6069995880127,44.47695299386026,36.73704618216514,42.02499961853027,40.65999984741211,37.02250003814697,37.0,46.619998931884766
2021-02-16,44.86000061035156,44.86000061035156,42.54999923706055,42.70000076293945,255300,0,0,-0.04044942105754035,1.3495575722706723,40.85199966430664,44.59718741027116,37.10681191834212,42.44499969482422,40.65999984741211,37.070000648498535,37.0,47.20000076293945
2021-02-17,42.36000061035156,42.83000183105469,41.33000183105469,42.27999877929688,126900,0,0,-0.00983611185335398,1.336283173037277,41.06699962615967,44.61440312979606,37.51959612252328,42.779998779296875,40.65999984741211,37.09000015258789,37.0,48.22999954223633
2021-02-18,42.04999923706055,42.369998931884766,41.369998931884766,41.970001220703125,177500,0,0,-0.007332014369535678,1.326485525610799,41.24249973297119,44.596634259311045,37.888365206631335,42.704999923706055,40.65999984741211,37.1875,37.0,50.619998931884766
2021-02-19,41.959999084472656,42.619998931884766,41.79999923706055,41.880001068115234,308000,0,0,-0.0021443924224499034,1.3236410201011897,41.383499717712404,44.59113222996016,38.17586720546465,43.095001220703125,40.65999984741211,37.24499988555908,37.0,50.72999954223633
2021-02-22,41.040000915527344,42.459999084472656,40.68000030517578,41.900001525878906,277600,0,0,0.00047756583700042654,1.3242731458328425,41.50149974822998,44.5997897656335,38.40320973082646,42.77000045776367,40.65999984741211,37.28499984741211,37.0,52.56999969482422
2021-02-23,41.77000045776367,42.36000061035156,41.09000015258789,41.77000045776367,240800,0,0,-0.0031026506773500495,1.3201643888599277,41.55899982452392,44.63202724615319,38.48597240289465,42.77000045776367,40.65999984741211,37.28499984741211,37.0,51.88999938964844
2021-02-24,41.54999923706055,42.400001525878906,41.54999923706055,42.20000076293945,153000,0,0,0.010294476908387473,1.3337547906763216,41.64949989318848,44.68547575583144,38.61352403054551,42.77000045776367,40.65999984741211,37.41250038146973,37.0,51.43999862670898
2021-02-25,42.119998931884766,42.5099983215332,41.040000915527344,41.09999847412109,200400,0,0,-0.026066404477044558,1.2989885988293568,41.70449981689453,44.65676018447843,38.752239449310636,42.77000045776367,40.65999984741211,37.83500003814697,37.0,53.13999938964844
2021-02-26,41.15999984741211,42.2599983215332,40.650001525878906,41.5099983215332,211400,0,0,0.009975665757512742,1.3119468749140983,41.803999710083005,44.58223657772891,39.0257628424371,42.755001068115234,40.65999984741211,37.90999889373779,37.07499885559082,53.11000061035156
2021-03-01,42.04999923706055,43.310001373291016,41.84000015258789,43.25,207500,0,0,0.0419176523445961,1.3669406079113269,42.01649971008301,44.540199707153135,39.492799713012886,41.98000144958496,40.65999984741211,37.897499084472656,37.07499885559082,51.58000183105469
2021-03-02,43.04999923706055,43.63999938964844,42.20000076293945,42.400001525878906,334300,0,0,-0.019653143910314252,1.3400759274271932,42.19149971008301,44.26783778033976,40.115161639826255,42.14500045776367,40.65999984741211,37.89999961853027,37.07499885559082,51.630001068115234
2021-03-03,42.56999969482422,43.59000015258789,42.220001220703125,43.16999816894531,230000,0,0,0.018160297531981007,1.3644121049847164,42.35399971008301,44.1855962063143,40.52240321385172,42.14500045776367,40.65999984741211,38.472500801086426,37.64500045776367,52.459999084472656
2021-03-04,43.16999816894531,43.880001068115234,41.75,42.52000045776367,252000,0,0,-0.015056699994238643,1.3438685612514538,42.43399982452392,44.14240918724577,40.72559046180208,42.26500129699707,40.65999984741211,38.472500801086426,37.64500045776367,52.369998931884766
2021-03-05,43.06999969482422,44.68000030517578,42.77000045776367,44.63999938964844,334800,0,0,0.04985886427707409,1.410872321453117,42.58849983215332,44.49849345352817,40.678506210778465,42.665000915527344,40.65999984741211,38.472500801086426,37.64500045776367,51.540000915527344
2021-03-08,44.59999847412109,46.34000015258789,44.18999862670898,45.77000045776367,256400,0,0,0.025313644345104303,1.4465866416147328,42.79699993133545,45.10378718254942,40.49021268012148,43.4950008392334,41.915000915527344,38.17500114440918,37.64500045776367,51.09999847412109
2021-03-09,45.900001525878906,46.5,45.20000076293945,45.68999862670898,276400,0,0,-0.001747909771784295,1.4440581386881217,42.960499954223636,45.58283546034259,40.338164448104685,43.57500076293945,41.9950008392334,38.1775016784668,37.64500045776367,51.72999954223633
2021-03-10,45.63999938964844,46.66999816894531,45.0099983215332,46.59000015258789,167600,0,0,0.019697998532063776,1.472503193784215,43.08899993896485,46.12978968693904,40.04821019099065,43.65999984741211,42.85499954223633,38.192501068115234,37.64500045776367,51.27999877929688
2021-03-11,46.310001373291016,47.540000915527344,46.08000183105469,47.27000045776367,224400,0,0,0.014595413242084021,1.4939949863977842,43.325,46.86009060401827,39.78990939598174,44.64500045776367,43.71000099182129,38.2400016784668,37.64500045776367,51.58000183105469
2021-03-12,47.22999954223633,48.060001373291016,46.900001525878906,47.88999938964844,160300,0,0,0.013116118592779502,1.5135904018163955,43.55,47.61260572909352,39.48739427090648,44.90500068664551,44.30500030517578,38.44999980926514,37.834999084472656,50.970001220703125
2021-03-15,48.70000076293945,48.70000076293945,46.459999084472656,47.02000045776367,232700,0,0,-0.01816660979270801,1.486093595600609,43.67600002288818,47.9994979078271,39.352502137949266,45.22500038146973,44.625,40.32249927520752,39.60999870300293,51.7400016784668
2021-03-16,47.16999816894531,48.27000045776367,46.52000045776367,47.84999847412109,186500,0,0,0.017652020592874518,1.5123261503530898,43.93349990844727,48.59767221833221,39.26932759856233,45.22500038146973,44.67500114440918,40.3799991607666,39.60999870300293,51.04999923706055
2021-03-17,47.75,47.75,46.560001373291016,47.25,276400,0,0,-0.012539153464039998,1.4933628606661316,44.18199996948242,48.99613620807542,39.36786373088942,45.73500061035156,44.67500114440918,40.41999912261963,39.60999870300293,51.54999923706055
2021-03-18,47.02999877929688,47.2400016784668,46.310001373291016,46.81999969482422,216900,0,0,-0.009100535559275813,1.4797724588497376,44.424499893188475,49.2572891785199,39.59171060785705,46.44499969482422,44.67500114440918,40.41999912261963,39.60999870300293,51.34999847412109
2021-03-19,46.83000183105469,48.33000183105469,46.560001373291016,47.709999084472656,670600,0,0,0.019008957613189104,1.507901390797177,44.71599979400635,49.603300413634315,39.828699174378386,46.85499954223633,44.67500114440918,40.84249973297119,39.60999870300293,51.06999969482422
2021-03-22,47.7599983215332,48.15999984741211,47.0,47.709999084472656,188500,0,0,0.0,1.507901390797177,45.006499671936034,49.88026132509191,40.13273801878016,46.85499954223633,44.67500114440918,40.954999923706055,39.60999870300293,51.5
2021-03-23,47.29999923706055,47.81999969482422,46.45000076293945,46.619998931884766,276500,0,0,-0.022846367082464125,1.4734513220988665,45.24899959564209,49.9313290053162,40.56667018596798,47.39000129699707,44.67500114440918,41.34249973297119,39.60999870300293,51.45000076293945
2021-03-24,47.369998931884766,48.2400016784668,47.060001373291016,47.20000076293945,230000,0,0,0.012441052002212905,1.4917826066198279,45.49899959564209,50.033473546192454,40.964525645091726,47.505001068115234,44.67500114440918,41.552499771118164,39.60999870300293,49.27000045776367
2021-03-25,47.09000015258789,48.560001373291016,47.04999923706055,48.22999954223633,250300,0,0,0.021822007683220512,1.5243362981231805,45.85549964904785,50.05584611538609,41.65515318270961,47.505001068115234,44.67500114440918,41.71999931335449,39.60999870300293,50.2400016784668
2021-03-26,48.380001068115234,50.709999084472656,48.27999877929688,50.619998931884766,254900,0,0,0.04955420718085324,1.5998735748536714,46.31099967956543,50.50333501652684,42.11866434260401,48.510000228881836,45.68000030517578,41.68249988555908,39.60999870300293,51.13999938964844
2021-03-29,51.150001525878906,51.86000061035156,50.33000183105469,50.72999954223633,253900,0,0,0.002173066232173948,1.6033502060949334,46.68499965667725,51.05121713006868,42.31878218328582,49.08500099182129,46.255001068115234,41.87750053405762,39.60999870300293,53.220001220703125
2021-03-30,50.68999862670898,52.810001373291016,50.25,52.56999969482422,305900,0,0,0.03627045474455337,1.66150444718477,47.19349956512451,51.809588180411275,42.57741094983775,49.560001373291016,46.73000144958496,41.71500015258789,39.60999870300293,54.27000045776367
2021-03-31,53.09999847412109,55.06999969482422,51.63999938964844,51.88999938964844,504100,0,0,-0.012935139987127142,1.6400126545712006,47.62949962615967,52.2906286887351,42.968370563584244,50.760000228881836,47.86000061035156,41.71500015258789,39.60999870300293,54.540000915527344
2021-04-01,51.650001525878906,52.15999984741211,50.84000015258789,51.43999862670898,303000,0,0,-0.00867220597865781,1.6257901270231538,48.075499534606934,52.385831843459286,43.76516722575458,50.760000228881836,47.86000061035156,41.71500015258789,39.60999870300293,53.959999084472656
2021-04-05,51.709999084472656,53.4900016784668,50.95000076293945,53.13999938964844,241000,0,0,0.03304822722247858,1.6795196085570774,48.50049953460693,53.044525413512794,43.95647365570107,50.760000228881836,47.86000061035156,41.71500015258789,39.60999870300293,53.77000045776367
2021-04-06,52.79999923706055,53.630001068115234,52.70000076293945,53.11000061035156,205500,0,0,-0.0005645235160224304,1.678571480242426,48.86749954223633,53.65206735386861,44.08293173060405,51.05999946594238,48.40999984741211,41.70750045776367,39.60999870300293,51.11000061035156
2021-04-07,53.11000061035156,53.56999969482422,51.27999877929688,51.58000183105469,204600,0,0,-0.028808110745882076,1.630215007144723,49.16199970245361,53.85109392038999,44.472905484517234,51.05999946594238,48.40999984741211,41.320000648498535,39.60999870300293,52.7599983215332
2021-04-08,51.79999923706055,51.959999084472656,51.22999954223633,51.630001068115234,278300,0,0,0.0009693531462893201,1.631795261191027,49.41399974822998,54.06425026634555,44.76374923011441,51.67499923706055,48.40999984741211,41.40250015258789,39.614999771118164,53.290000915527344
2021-04-09,51.7400016784668,52.75,51.0099983215332,52.459999084472656,206100,0,0,0.016075886096969194,1.658027815943508,49.67349967956543,54.39568622682666,44.9513131323042,52.65999984741211,48.40999984741211,41.40250015258789,39.619998931884766,52.470001220703125
2021-04-12,53.43000030517578,53.43000030517578,51.91999816894531,52.369998931884766,155700,0,0,-0.0017155957712269299,1.6551833104338987,49.89749965667725,54.68531200642972,45.109687306924776,52.65999984741211,48.920000076293945,41.46250057220459,39.619998931884766,51.369998931884766
2021-04-13,52.77000045776367,52.93000030517578,51.209999084472656,51.540000915527344,147500,0,0,-0.015848730824626567,1.6289507556814176,50.12349967956543,54.76978272644418,45.47721663268668,52.954999923706055,49.6299991607666,41.66250038146973,39.619998931884766,51.150001525878906
2021-04-14,51.5099983215332,51.88999938964844,51.0099983215332,51.09999847412109,139200,0,0,-0.008537105812772672,1.6150442307163693,50.28599967956543,54.827902812916356,45.7440965462145,52.23500061035156,50.03999900817871,42.70500087738037,40.28499984741211,51.34000015258789
2021-04-15,51.43999862670898,52.72999954223633,50.58000183105469,51.72999954223633,288900,0,0,0.012328788393884071,1.6349557692836347,50.509999656677245,54.867055494069106,46.15294381928538,52.10500144958496,50.03999900817871,42.785000801086426,40.3700008392334,50.45000076293945
2021-04-16,51.369998931884766,51.790000915527344,50.5,51.27999877929688,155300,0,0,-0.008699028937203646,1.6207332417355884,50.732999610900876,54.75166703630677,46.71433218549498,52.06500053405762,50.57500076293945,43.25749969482422,40.48499870300293,50.52999877929688
2021-04-19,51.400001525878906,51.790000915527344,50.560001373291016,51.58000183105469,136200,0,0,0.005850293660282224,1.6302150071447228,50.92649974822998,54.707454307722976,47.14554518873698,52.03499984741211,50.69000053405762,44.17750072479248,41.01500129699707,50.33000183105469
2021-04-20,51.68000030517578,51.959999084472656,50.400001525878906,50.970001220703125,146900,0,0,-0.011826300672682422,1.6109355943091102,51.0894998550415,54.567535663968755,47.61146404611425,51.915000915527344,50.69000053405762,44.605000495910645,41.31500053405762,50.52999877929688
2021-04-21,51.09999847412109,51.86000061035156,50.869998931884766,51.7400016784668,148600,0,0,0.015106934261773342,1.6352718924322887,51.345499992370605,54.152322116422326,48.538677868318885,51.915000915527344,50.69000053405762,44.92500019073486,41.829999923706055,50.560001373291016
2021-04-22,51.93999862670898,52.0,50.72999954223633,51.04999923706055,127700,0,0,-0.013335957074261495,1.6134639766700654,51.53799991607666,53.60473622497763,49.471263607175686,51.915000915527344,50.69000053405762,44.95000076293945,41.94499969482422,50.45000076293945
2021-04-23,51.27000045776367,51.77000045776367,50.720001220703125,51.54999923706055,107200,0,0,0.009794319441184474,1.6292667582644158,51.70399990081787,53.099515944232934,50.308483857402805,51.665000915527344,50.69000053405762,45.20500087738037,42.02499961853027,50.54999923706055
2021-04-26,51.70000076293945,51.9900016784668,51.09999847412109,51.34999847412109,146400,0,0,-0.0038797432764203776,1.6229456215135443,51.740499877929686,53.05573031289427,50.4252694429651,51.56500053405762,50.760000228881836,45.5600004196167,42.02499961853027,50.7400016784668
2021-04-27,51.34000015258789,51.65999984741211,50.560001373291016,51.06999969482422,123000,0,0,-0.0054527514628452955,1.614096102401718,51.757499885559085,53.027579797034974,50.487419974083195,51.56500053405762,50.760000228881836,45.765000343322754,42.28000068664551,50.720001220703125
2021-04-28,51.220001220703125,51.720001220703125,50.650001525878906,51.5,236500,0,0,0.008419821964858132,1.627686504218112,51.70399990081787,52.92115169230463,50.486848109331106,51.20000076293945,50.760000228881836,45.765000343322754,42.505001068115234,50.63999938964844
2021-04-29,51.93000030517578,52.27999877929688,51.27999877929688,51.45000076293945,112700,0,0,-0.0009708589720494043,1.626106250171808,51.68199996948242,52.90083168903236,50.46316824993248,51.34000015258789,51.05999946594238,46.032501220703125,42.505001068115234,52.0099983215332
2021-04-30,51.09000015258789,51.810001373291016,49.06999969482422,49.27000045776367,277900,0,0,-0.042371239511158176,1.557206112775187,51.573500061035155,53.18669295268982,49.96030716938049,50.67499923706055,51.05999946594238,46.09000110626221,42.505001068115234,52.91999816894531
2021-05-03,49.59000015258789,50.900001525878906,49.400001525878906,50.2400016784668,299300,0,0,0.019687461166854492,1.587863547649237,51.428500175476074,52.97146838381716,49.88553196713499,50.67499923706055,51.67499923706055,46.09000110626221,42.505001068115234,51.65999984741211
2021-05-04,50.2400016784668,51.560001373291016,49.970001220703125,51.13999938964844,215200,0,0,0.017913966582675966,1.616308482179675,51.33000011444092,52.66666252780756,49.99333770107428,50.67499923706055,52.06999969482422,47.09500026702881,43.510000228881836,51.59000015258789
2021-05-05,51.09999847412109,53.2599983215332,51.09999847412109,53.220001220703125,196100,0,0,0.0406726995674489,1.6820481114836883,51.41200008392334,52.98333099621259,49.84066917163409,51.16499900817871,52.06999969482422,47.67000102996826,44.08500099182129,52.0
2021-05-06,53.75,54.7599983215332,52.459999084472656,54.27000045776367,328900,0,0,0.01972941024007513,1.7152339287186935,51.54400005340576,53.55410705393489,49.53389305287663,51.91499900817871,52.06999969482422,48.14500141143799,44.560001373291016,50.93000030517578
2021-05-07,54.119998931884766,54.58000183105469,52.65999984741211,54.540000915527344,186300,0,0,0.004975132771074975,1.7237674452475216,51.648000144958495,54.023289919447706,49.272710370469284,51.91499900817871,51.91499900817871,49.3100004196167,45.69000053405762,51.630001068115234
2021-05-10,54.869998931884766,55.81999969482422,53.900001525878906,53.959999084472656,238100,0,0,-0.010634430167190567,1.7054361607265602,51.72750015258789,54.294953611286736,49.16004669388905,52.44499969482422,52.44499969482422,49.3100004196167,45.69000053405762,51.369998931884766
2021-05-11,53.52000045776367,53.959999084472656,52.869998931884766,53.77000045776367,153400,0,0,-0.003521101370138058,1.6994311471243428,51.839000129699706,54.555234890864654,49.12276536853476,52.44499969482422,52.44499969482422,49.3100004196167,45.69000053405762,50.66999816894531
2021-05-12,53.56999969482422,53.56999969482422,50.84000015258789,51.11000061035156,192300,0,0,-0.049469961405366525,1.6153603538650239,51.83950023651123,54.55518826875431,49.12381220426815,52.44499969482422,52.44499969482422,49.734999656677246,45.69000053405762,49.0
2021-05-13,51.29999923706055,53.02000045776367,50.790000915527344,52.7599983215332,177500,0,0,0.0322832653390237,1.6675094607869876,51.89100017547607,54.635655083247855,49.14634526770429,52.61000061035156,52.44499969482422,49.734999656677246,45.69000053405762,49.7400016784668
2021-05-14,53.68999862670898,53.959999084472656,53.0,53.290000915527344,135300,0,0,0.010045538492328365,1.684260491261645,51.991500282287596,54.78659082260839,49.196409741966804,52.89500045776367,52.44499969482422,50.04249954223633,45.69000053405762,49.29999923706055
2021-05-17,52.86000061035156,53.20000076293945,52.09000015258789,52.470001220703125,159600,0,0,-0.015387496354598351,1.6583439390921624,52.03600025177002,54.83181505663121,49.24018544690883,53.30500030517578,52.44499969482422,50.53499984741211,45.69000053405762,48.77000045776367
2021-05-18,52.43000030517578,52.56999969482422,51.34999847412109,51.369998931884766,130500,0,0,-0.02096440372073649,1.6235777472451978,52.0560001373291,54.82635874797447,49.28564152668373,53.30500030517578,52.44499969482422,50.78999996185303,45.69000053405762,49.08000183105469
2021-05-19,50.84000015258789,51.31999969482422,50.459999084472656,51.150001525878906,136100,0,0,-0.004282604839014548,1.616624605328329,52.026500129699706,54.82241536033833,49.23058489906108,53.13999938964844,52.44499969482422,51.29249954223633,45.69000053405762,49.040000915527344
2021-05-20,51.02000045776367,51.5,50.36000061035156,51.34000015258789,182900,0,0,0.0037145380457683785,1.6226296189305465,52.04100017547607,54.81926968877072,49.262730662181426,53.09000015258789,52.44499969482422,51.13749980926514,46.28000068664551,49.63999938964844
2021-05-21,51.68999862670898,51.68999862670898,50.2599983215332,50.45000076293945,266000,0,0,-0.017335399045642075,1.5945006869831073,51.98600025177002,54.84425196000635,49.12774854353369,52.10999870300293,52.44499969482422,51.072500228881836,46.28000068664551,48.95000076293945
2021-05-24,50.84000015258789,51.209999084472656,50.43999862670898,50.52999877929688,126800,0,0,0.0015856891010435081,1.5970290693440627,51.94500026702881,54.86213062803409,49.02786990602353,52.10999870300293,52.44499969482422,51.320000648498535,47.05500030517578,48.29999923706055
2021-05-25,51.09000015258789,51.36000061035156,49.900001525878906,50.33000183105469,152900,0,0,-0.00395798442655293,1.5907080531588467,51.90800037384033,54.88737392000687,48.92862682767379,51.93000030517578,52.44499969482422,51.36250019073486,47.47500038146973,47.59999847412109
2021-05-26,50.470001220703125,51.09000015258789,49.970001220703125,50.52999877929688,175300,0,0,0.003973712318023237,1.5970290693440627,51.859500312805174,54.89552281185267,48.82347781375768,51.93000030517578,52.44499969482422,51.30250072479248,47.80999946594238,47.040000915527344
2021-05-27,50.75,51.2599983215332,49.900001525878906,50.560001373291016,185900,0,0,0.0005937580589538971,1.5979773182243695,51.81500034332275,54.89995684872654,48.73004383791896,51.55000114440918,52.44499969482422,51.30250072479248,47.80999946594238,46.470001220703125
2021-05-28,50.709999084472656,51.04999923706055,50.27000045776367,50.45000076293945,174300,0,0,-0.002175644924125142,1.5945006869831075,51.87400035858154,54.80145971684211,48.94654100032097,51.23500061035156,52.44499969482422,51.30250072479248,47.86000061035156,46.209999084472656
2021-06-01,50.83000183105469,50.83000183105469,49.619998931884766,50.54999923706055,256700,0,0,0.0019821302796600992,1.5976611950757156,51.88950023651123,54.7849526291695,48.99404784385296,50.654998779296875,52.44499969482422,51.17750072479248,47.86000061035156,45.59000015258789
2021-06-02,50.63999938964844,51.0099983215332,49.970001220703125,50.7400016784668,279900,0,0,0.003758703150819276,1.6036663292435884,51.86950035095215,54.791076853141426,48.947923848762876,50.654998779296875,52.44499969482422,51.16250038146973,47.86000061035156,46.95000076293945
2021-06-03,50.59000015258789,51.0099983215332,49.7599983215332,50.720001220703125,190100,0,0,-0.00039417534690699974,1.6030342035119358,51.74450035095215,54.637737976488545,48.85126272541576,50.654998779296875,52.44499969482422,51.16250038146973,47.86000061035156,46.68000030517578
2021-06-04,50.790000915527344,51.0,49.93000030517578,50.63999938964844,99700,0,0,-0.0015773231295197476,1.6005057005853252,51.56300029754639,54.245289034253375,48.8807115608394,50.489999771118164,52.44499969482422,50.980000495910645,47.86000061035156,46.38999938964844
2021-06-07,50.630001068115234,52.09000015258789,50.45000076293945,52.0099983215332,242100,0,0,0.027053691714001404,1.6438052883954624,51.43650016784668,53.75564895687836,49.117351378815,50.85499954223633,52.44499969482422,51.19999980926514,47.86000061035156,45.93000030517578
2021-06-08,51.90999984741211,53.470001220703125,51.7599983215332,52.91999816894531,191000,0,0,0.017496632893282626,1.6725663460745543,51.384500122070314,53.511689919944665,49.25731032419596,51.545000076293945,52.61000061035156,50.867499351501465,47.86000061035156,45.68999862670898
2021-06-09,53.02000045776367,53.209999084472656,51.59000015258789,51.65999984741211,171800,0,0,-0.02380949291628287,1.632743389505679,51.27900009155273,53.1078501149661,49.450150068139365,51.545000076293945,52.71999931335449,51.17499923706055,47.86000061035156,45.25
2021-06-10,51.63999938964844,52.25,51.400001525878906,51.59000015258789,114100,0,0,-0.0013550076467475636,1.6305310097277224,51.30300006866455,53.13497836206809,49.471021775261015,51.545000076293945,52.71999931335449,51.37249946594238,47.86000061035156,44.470001220703125
2021-06-11,51.709999084472656,52.290000915527344,51.16999816894531,52.0,112900,0,0,0.007947273622784579,1.643489285812464,51.26500015258789,53.00261749116244,49.527382814013336,51.545000076293945,52.71999931335449,51.617499351501465,47.86000061035156,45.04999923706055
2021-06-14,52.13999938964844,52.380001068115234,50.66999816894531,50.93000030517578,167300,0,0,-0.02057691720815802,1.609671342845806,51.14700012207031,52.61553514695066,49.67846509718996,51.614999771118164,52.71999931335449,51.992499351501465,47.86000061035156,44.33000183105469
2021-06-15,50.97999954223633,51.83000183105469,50.63999938964844,51.630001068115234,119400,0,0,0.013744369894855835,1.631795261191028,51.10500011444092,52.46247274765856,49.74752748122328,51.614999771118164,52.71999931335449,51.91499900817871,47.86000061035156,43.91999816894531
2021-06-16,51.58000183105469,51.97999954223633,51.13999938964844,51.369998931884766,217800,0,0,-0.0050358731522676115,1.6235777472451987,51.10500011444092,52.46247274765856,49.74752748122328,51.70000076293945,51.78999900817871,52.44499969482422,48.23500061035156,44.91999816894531
2021-06-17,51.18999862670898,51.70000076293945,50.38999938964844,50.66999816894531,216900,0,0,-0.013626645464167475,1.6014538288999767,51.08099994659424,52.451493609706425,49.710506283482054,51.93000030517578,51.78999900817871,52.44499969482422,48.23500061035156,44.5
2021-06-18,49.900001525878906,50.369998931884766,48.84000015258789,49.0,460500,0,0,-0.032958323056913486,1.5486725962463601,50.96399993896485,52.60257497540752,49.32542490252217,51.15500068664551,51.39999961853027,52.44499969482422,48.78499984741211,44.06999969482422
2021-06-21,49.34000015258789,51.040000915527344,49.34000015258789,49.7400016784668,214100,0,0,0.015102075070750898,1.5720607660548873,50.92849998474121,52.6400282651179,49.21697170436452,51.02499961853027,51.39999961853027,52.52750015258789,48.78499984741211,43.470001220703125
2021-06-22,49.59000015258789,49.59000015258789,48.79999923706055,49.29999923706055,235300,0,0,-0.00884604798066857,1.5581542410898392,50.86700000762939,52.71582005267983,49.018179962578955,50.59000015258789,51.135000228881836,52.670000076293945,48.78499984741211,43.650001525878906
2021-06-23,49.29999923706055,49.63999938964844,48.63999938964844,48.77000045776367,186000,0,0,-0.01075048250504751,1.5414033311808373,50.78899993896484,52.84431931796823,48.733680559961456,50.510000228881836,51.05500030517578,52.875,48.78499984741211,43.310001373291016
2021-06-24,47.91999816894531,49.16999816894531,47.86000061035156,49.08000183105469,184600,0,0,0.006356394717680791,1.5512010991729708,50.71650009155273,52.90283243678576,48.530167746319705,50.1200008392334,50.665000915527344,52.875,49.295000076293945,43.400001525878906
2021-06-25,48.45000076293945,49.540000915527344,47.810001373291016,49.040000915527344,1720900,0,0,-0.0008150145483905025,1.5499368477096656,50.64050006866455,52.947017774699425,48.333982362629676,49.89500045776367,50.64000129699707,52.79249954223633,50.0049991607666,44.150001525878906
2021-06-28,49.22999954223633,50.18000030517578,49.0,49.63999938964844,195900,0,0,0.012234878933925941,1.568900137396624,50.6,52.947007800463226,48.25299219953678,49.89500045776367,50.64000129699707,52.767499923706055,50.41499900817871,41.65999984741211
2021-06-29,49.7599983215332,49.81999969482422,48.869998931884766,48.95000076293945,124700,0,0,-0.01390005308607778,1.5470923422000562,50.52000007629395,52.97611901806143,48.06388113452646,49.755001068115234,50.64000129699707,52.277499198913574,50.41499900817871,42.81999969482422
2021-06-30,48.90999984741211,48.95000076293945,47.97999954223633,48.29999923706055,171000,0,0,-0.01327888694071333,1.5265486779011384,50.397999954223636,53.035994953381014,47.76000495506626,49.42500114440918,50.64000129699707,52.277499198913574,50.95000076293945,43.18999862670898
2021-07-01,48.61000061035156,48.86000061035156,47.540000915527344,47.59999847412109,151100,0,0,-0.014492769647961978,1.5044247595559161,50.241999816894534,53.14416232757331,47.339837306215756,49.290000915527344,50.505001068115234,52.1875,51.06500053405762,43.310001373291016
2021-07-02,47.63999938964844,47.63999938964844,46.77000045776367,47.040000915527344,178400,0,0,-0.011764654969436572,1.4867257213322633,50.06199989318848,53.27642186920454,46.847577917172416,48.47500038146973,50.1200008392334,52.1875,51.06500053405762,43.43999862670898
2021-07-06,47.02999877929688,47.02999877929688,45.900001525878906,46.470001220703125,185000,0,0,-0.012117340215358485,1.4687105599599561,49.785000038146975,53.22937596895677,46.340624107337185,48.040000915527344,49.685001373291016,51.9975004196167,51.06500053405762,44.38999938964844
2021-07-07,46.43000030517578,47.38999938964844,45.91999816894531,46.209999084472656,143700,0,0,-0.005595053354864876,1.4604930460141268,49.44950008392334,52.914395994809155,45.984604173037525,48.040000915527344,49.685001373291016,51.84000015258789,51.06500053405762,43.90999984741211
2021-07-08,45.56999969482422,45.9900016784668,44.63999938964844,45.59000015258789,206700,0,0,-0.013416986456792568,1.4408976305955155,49.14600009918213,52.84151395406166,45.4504862443026,47.40999984741211,49.05500030517578,51.54999923706055,51.06500053405762,43.22999954223633
2021-07-09,45.959999084472656,47.060001373291016,45.56999969482422,46.95000076293945,131600,0,0,0.02983111660012483,1.483881215822654,48.91400012969971,52.548075757816115,45.2799245015833,47.40999984741211,49.05500030517578,51.54999923706055,51.135000228881836,43.040000915527344
2021-07-12,46.650001525878906,46.97999954223633,46.27000045776367,46.68000030517578,95300,0,0,-0.005750808378618855,1.475347699293826,48.648000144958495,52.112669139686254,45.183331150230735,47.22999954223633,49.05500030517578,51.54999923706055,51.135000228881836,42.61000061035156
2021-07-13,46.209999084472656,46.61000061035156,46.04999923706055,46.38999938964844,139200,0,0,-0.006212530283449702,1.4661820570333453,48.42100009918213,51.852257697783976,44.989742500580284,46.795000076293945,49.05500030517578,51.46749973297119,51.135000228881836,42.790000915527344
2021-07-14,46.560001373291016,46.810001373291016,45.81999969482422,45.93000030517578,84500,0,0,-0.009915910552378726,1.4516435269023,48.136000061035155,51.39446437957517,44.87753574249514,46.75,49.05500030517578,51.64999961853027,51.43499946594238,42.459999084472656
2021-07-15,45.560001373291016,46.040000915527344,45.119998931884766,45.68999862670898,92700,0,0,-0.005225379422428622,1.444058138688123,47.852000045776364,50.91573452477974,44.78826556677299,46.13999938964844,48.92499923706055,52.077500343322754,51.43499946594238,43.11000061035156
2021-07-16,45.95000076293945,46.16999816894531,45.09000015258789,45.25,188300,0,0,-0.009630086231864454,1.4301517342887307,47.5810001373291,50.55636299621096,44.60563727844724,46.01499938964844,48.510000228881836,52.13249969482422,52.04999923706055,42.869998931884766
2021-07-19,44.56999969482422,45.41999816894531,44.09000015258789,44.470001220703125,193100,0,0,-0.01723754208390882,1.4054994335825535,47.354500198364256,50.54747079977946,44.16152959694905,45.739999771118164,48.23500061035156,52.13249969482422,52.44499969482422,42.959999084472656
2021-07-20,44.52999877929688,45.720001220703125,44.060001373291016,45.04999923706055,231500,0,0,0.013042455597851443,1.4238305975378593,47.12000007629395,50.26577211901781,43.974228033570085,45.560001373291016,48.220001220703125,52.13249969482422,52.44499969482422,42.400001525878906
2021-07-21,45.2400016784668,46.77000045776367,44.2400016784668,44.33000183105469,101100,0,0,-0.015982184643713593,1.4010746740266402,46.871500205993655,50.07449029251639,43.66851011947092,45.560001373291016,48.02000045776367,52.16749954223633,52.44499969482422,41.09999847412109
2021-07-22,44.04999923706055,44.380001068115234,43.08000183105469,43.91999816894531,162400,0,0,-0.009248897928584188,1.3881162773762434,46.62900009155273,49.95374657282612,43.304253610279346,45.03000068664551,47.53000068664551,52.16749954223633,52.44499969482422,42.5099983215332
2021-07-23,44.68999862670898,44.970001220703125,43.9900016784668,44.91999816894531,91200,0,0,0.022768671258895257,1.4197218405649445,46.420999908447264,49.623324948370886,43.21867486852364,44.94500160217285,47.39000129699707,51.74499988555908,52.44499969482422,42.52000045776367
2021-07-26,45.0099983215332,45.220001220703125,44.31999969482422,44.5,108500,0,0,-0.009349915094958083,1.4064475618972048,46.1939998626709,49.2608858639528,43.127113861389,44.94500160217285,47.060001373291016,51.859999656677246,52.44499969482422,41.66999816894531
2021-07-27,44.18999862670898,44.52000045776367,43.91999816894531,44.06999969482422,132300,0,0,-0.009662928206197297,1.3928571600808108,45.91549987792969,48.67291078227191,43.15808897358747,44.92500114440918,47.060001373291016,51.27750015258789,52.329999923706055,41.380001068115234
2021-07-28,44.31999969482422,44.41999816894531,43.29999923706055,43.470001220703125,217700,0,0,-0.013614669350486941,1.3738938703938524,45.64149990081787,48.21969888183433,43.06330091980141,44.92500114440918,46.630001068115234,51.21249961853027,52.329999923706055,40.86000061035156
2021-07-29,43.68999862670898,44.650001525878906,42.790000915527344,43.650001525878906,130300,0,0,0.004140793653579555,1.379582881413071,45.40900001525879,47.8176130495452,43.00038698097238,44.78000068664551,46.48500061035156,50.86250019073486,52.30999946594238,40.59999847412109
2021-07-30,43.52999877929688,43.93999862670898,43.06999969482422,43.310001373291016,175000,0,0,-0.007789235754924628,1.3688369851062865,45.19450016021729,47.54727752049895,42.841722799935624,44.78000068664551,46.48500061035156,50.78250026702881,52.22999954223633,39.900001525878906
2021-08-02,43.33000183105469,44.150001525878906,43.16999816894531,43.400001525878906,133100,0,0,0.002078045479892099,1.3716814906158958,45.01250019073486,47.328548303550335,42.69645207791939,44.78000068664551,46.48500061035156,50.39250087738037,51.84000015258789,40.34999847412109
2021-08-03,43.36000061035156,44.43000030517578,42.720001220703125,44.150001525878906,225800,0,0,0.017281105383205597,1.3953856630074217,44.896500205993654,47.13939169285775,42.65360871912956,43.970001220703125,46.45000076293945,50.26750087738037,51.81500053405762,39.810001373291016
2021-08-04,43.68999862670898,44.13999938964844,41.52999877929688,41.65999984741211,174200,0,0,-0.05639867706476209,1.3166877576186673,44.669000244140626,47.236169717803776,42.10183077047748,43.375,45.67499923706055,50.26750087738037,51.81500053405762,39.47999954223633
2021-08-05,42.209999084472656,43.36000061035156,41.43000030517578,42.81999969482422,229600,0,0,0.02784445155210835,1.3533502060949345,44.53050022125244,47.182392134308415,41.87860830819646,43.32500076293945,45.19000053405762,50.19750118255615,51.81500053405762,40.20000076293945
2021-08-06,43.13999938964844,43.63999938964844,42.45000076293945,43.18999862670898,120800,0,0,0.00864079716304822,1.3650442307163704,44.34250011444092,46.80609837978891,41.87890184909293,43.040000915527344,45.14500045776367,50.032501220703125,51.81500053405762,39.959999084472656
2021-08-09,43.220001220703125,43.52999877929688,43.0099983215332,43.310001373291016,85900,0,0,0.002778484612125709,1.3688369851062867,44.17400016784668,46.424623308532965,41.92337702716039,43.040000915527344,44.53499984741211,49.89750099182129,51.68000030517578,41.0099983215332
2021-08-10,43.18000030517578,43.970001220703125,42.720001220703125,43.43999862670898,135400,0,0,0.003001552742922131,1.3729456215135458,44.026500129699706,46.04970940605442,42.00329085334499,43.040000915527344,44.40999984741211,49.29750061035156,51.295000076293945,40.900001525878906
2021-08-11,43.720001220703125,44.41999816894531,43.04999923706055,44.38999938964844,143900,0,0,0.021869263189970622,1.4029709306559432,43.94950008392334,45.7834902772022,42.11550989064448,42.93000030517578,44.40999984741211,48.86250114440918,50.86000061035156,41.70000076293945
2021-08-12,44.09000015258789,44.43999862670898,43.41999816894531,43.90999984741211,100600,0,0,-0.010813236062991782,1.3878002747932452,43.86050014495849,45.509531679320226,42.21146861059676,42.93499946594238,44.2450008392334,48.86250114440918,50.86000061035156,41.38999938964844
2021-08-13,43.81999969482422,43.81999969482422,42.91999816894531,43.22999954223633,63100,0,0,-0.015486228821197767,1.3663084821796758,43.759500122070314,45.298350882884925,42.2206493612557,42.93499946594238,44.2450008392334,48.232500076293945,50.22999954223633,41.68999862670898
2021-08-16,42.900001525878906,43.11000061035156,41.2599983215332,43.040000915527344,169800,0,0,-0.004395064277605498,1.3603034685774584,43.68800010681152,45.22096795530643,42.155032258316616,42.849998474121094,44.119998931884766,48.232500076293945,50.22999954223633,42.31999969482422
2021-08-17,42.90999984741211,42.90999984741211,41.810001373291016,42.61000061035156,111000,0,0,-0.009990713197700063,1.3467130667610645,43.56600017547608,45.03218357859553,42.099816772356625,42.849998474121094,44.03499984741211,48.142499923706055,50.22999954223633,42.77999877929688
2021-08-18,42.560001373291016,43.27999877929688,42.27000045776367,42.790000915527344,169900,0,0,0.004224367580319965,1.3524020777802832,43.489000129699704,44.94826495592197,42.02973530347744,42.849998474121094,44.03499984741211,47.92500019073486,50.22999954223633,42.13999938964844
2021-08-19,42.27000045776367,42.65999984741211,41.459999084472656,42.459999084472656,198700,0,0,-0.0077121248888532,1.341972184056497,43.41600017547607,44.927434219129246,41.9045661318229,42.849998474121094,44.01499938964844,47.90250015258789,50.22999954223633,43.58000183105469
2021-08-20,42.43999862670898,43.29999923706055,41.900001525878906,43.11000061035156,164300,0,0,0.015308561938160992,1.3625158483554152,43.325500297546384,44.67193665568125,41.97906393941152,42.849998474121094,44.01499938964844,47.53249931335449,50.22999954223633,43.84000015258789
2021-08-23,43.310001373291016,43.369998931884766,42.68999862670898,42.869998931884766,188500,0,0,-0.005567192648314845,1.3549304601412384,43.24400024414062,44.488617199700016,41.99938328858123,42.849998474121094,44.01499938964844,47.26249980926514,50.22999954223633,44.08000183105469
2021-08-24,42.9900016784668,43.4900016784668,42.619998931884766,42.959999084472656,260600,0,0,0.002099373800565907,1.3577749656508475,43.188500213623044,44.37802724372588,41.99897318352021,42.849998474121094,44.01499938964844,46.98750019073486,49.954999923706055,43.0
2021-08-25,43.040000915527344,44.02999877929688,42.34999847412109,42.400001525878906,370400,0,0,-0.013035325198509029,1.3400759274271943,43.135000228881836,44.365075616835966,41.904924840927706,42.64499855041504,44.01499938964844,46.89000129699707,49.94000053405762,42.83000183105469
2021-08-26,42.52000045776367,42.630001068115234,41.06999969482422,41.09999847412109,161300,0,0,-0.030660448230511506,1.2989885988293581,43.007500076293944,44.5011653748068,41.513834777781085,42.54999923706055,43.14500045776367,46.790000915527344,49.94000053405762,43.11000061035156
2021-08-27,41.08000183105469,42.720001220703125,41.08000183105469,42.5099983215332,311500,0,0,0.03430656690413092,1.3435524381028008,42.96749992370606,44.46953443187202,41.465465415540095,42.54999923706055,43.14500045776367,46.28000068664551,49.45000076293945,43.13999938964844
2021-08-30,42.5099983215332,42.68999862670898,41.77999877929688,42.52000045776367,150000,0,0,0.0002352890290613363,1.343868561251455,42.92349987030029,44.42381563456285,41.42318410603773,42.54999923706055,43.14500045776367,46.16750144958496,48.52000045776367,42.790000915527344
2021-08-31,42.29999923706055,42.5099983215332,41.56999969482422,41.66999816894531,156400,0,0,-0.019990646276278667,1.3170037602016655,42.799499702453616,44.283517413149156,41.31548199175808,42.54999923706055,42.86000061035156,46.002501487731934,48.52000045776367,43.93000030517578
2021-09-01,41.70000076293945,42.27000045776367,40.81999969482422,41.380001068115234,219200,0,0,-0.006959373975835681,1.3078382385068403,42.78549976348877,44.317292201908685,41.25370732506886,42.42499923706055,42.73500061035156,45.9925012588501,48.52000045776367,44.11000061035156
2021-09-02,41.65999984741211,41.66999816894531,40.7599983215332,40.86000061035156,141100,0,0,-0.01256646796378047,1.291403331180837,42.687499809265134,44.43590990870543,40.939089709824835,42.39499855041504,42.704999923706055,45.77750110626221,48.52000045776367,44.08000183105469
2021-09-03,40.79999923706055,40.79999923706055,40.2599983215332,40.59999847412109,187100,0,0,-0.0063632435718712355,1.2831858172350075,42.557999801635745,44.512262320504135,40.603737282767355,42.14499855041504,42.349998474121094,45.632500648498535,48.130001068115234,44.16999816894531
2021-09-07,40.5099983215332,40.66999816894531,39.77999877929688,39.900001525878906,229400,0,0,-0.017241304791879908,1.2610620194554412,42.38749980926514,44.627077469817465,40.14792214871281,41.90499877929688,42.10999870300293,45.632500648498535,48.130001068115234,44.18999862670898
2021-09-08,39.720001220703125,40.84999847412109,39.540000915527344,40.34999847412109,180300,0,0,0.011278118572259022,1.275284426437832,42.23299980163574,44.58556806150999,39.880431541761496,41.130001068115234,41.989999771118164,45.632500648498535,48.130001068115234,44.88999938964844
2021-09-09,40.18999862670898,40.459999084472656,39.650001525878906,39.810001373291016,168200,0,0,-0.01338282828378301,1.2582175139458318,42.003999900817874,44.36383876156657,39.64416104006918,41.130001068115234,41.989999771118164,45.21000099182129,48.095001220703125,44.97999954223633
2021-09-10,39.84999847412109,40.290000915527344,39.34000015258789,39.47999954223633,145000,0,0,-0.008289420237902578,1.2477876202220457,41.78249988555908,44.216423595968585,39.34857617514958,41.01499938964844,41.88999938964844,44.52499961853027,47.5,44.27999877929688
2021-09-13,39.7599983215332,40.43000030517578,39.709999084472656,40.20000076293945,251400,0,0,0.01823711319785737,1.2705436642989203,41.63099994659424,44.062846134090385,39.19915375909809,40.92499923706055,41.88999938964844,44.257500648498535,47.45000076293945,43.040000915527344
2021-09-14,40.34999847412109,40.34999847412109,39.29999923706055,39.959999084472656,207200,0,0,-0.005970190893330951,1.2629582760847435,41.476999855041505,43.92263517180881,39.031364538274204,40.78499984741211,41.869998931884766,44.09250068664551,47.45000076293945,43.79999923706055
2021-09-15,40.09000015258789,41.06999969482422,39.900001525878906,41.0099983215332,195500,0,0,0.026276257785715185,1.2961440933197488,41.396999740600585,43.792787422413774,39.001212058787395,40.48499870300293,41.869998931884766,43.78750038146973,47.45000076293945,44.16999816894531
2021-09-16,40.91999816894531,41.25,40.40999984741211,40.900001525878906,206500,0,0,-0.002682194590496789,1.2926675826441423,41.302499771118164,43.61794569485598,38.987053847380345,40.27499961853027,41.869998931884766,43.72500038146973,47.45000076293945,45.27000045776367
2021-09-17,41.2400016784668,41.869998931884766,40.77999877929688,41.70000076293945,537000,0,0,0.019559882816981178,1.317952009081972,41.26449985504151,43.52646881600657,39.00253089407644,40.584999084472656,41.869998931884766,43.670000076293945,47.45000076293945,45.810001373291016
2021-09-20,41.59000015258789,41.9900016784668,40.63999938964844,41.38999938964844,235500,0,0,-0.007434085554418712,1.3081542410898386,41.17849979400635,43.27639123665809,39.080608351354606,40.64500045776367,41.66499900817871,43.59000015258789,47.45000076293945,45.38999938964844
2021-09-21,39.880001068115234,41.810001373291016,39.880001068115234,41.68999862670898,175900,0,0,0.007248109240986622,1.3176358859333177,41.11949977874756,43.08456282876534,39.15443672872978,40.64500045776367,41.66499900817871,43.59000015258789,47.45000076293945,44.560001373291016
2021-09-22,42.0,42.93999862670898,41.119998931884766,42.31999969482422,236500,0,0,0.015111563657179472,1.3375474245005832,41.08749980926514,42.9486347298817,39.22636488864858,41.119998931884766,41.66499900817871,43.48499870300293,47.364999771118164,45.86000061035156
2021-09-23,42.43000030517578,43.29999923706055,41.93999862670898,42.77999877929688,263900,0,0,0.010869543662329617,1.3520859546316288,41.106499671936035,43.028280603736086,39.184718740135985,41.29999923706055,41.66499900817871,43.4424991607666,47.364999771118164,46.20000076293945
2021-09-24,42.63999938964844,43.09999847412109,42.040000915527344,42.13999938964844,276200,0,0,-0.014960247964246554,1.3318584134813647,41.1584997177124,43.13290138296968,39.18409805245513,41.29999923706055,41.66499900817871,43.4424991607666,47.364999771118164,47.77999877929688
2021-09-27,42.25,43.97999954223633,42.040000915527344,43.58000183105469,231600,0,0,0.03417186668873051,1.377370501635114,41.21199989318848,43.38062883838842,39.043370947988535,41.93000030517578,41.66499900817871,43.432498931884766,47.364999771118164,47.86000061035156
2021-09-28,43.63999938964844,44.27000045776367,43.20000076293945,43.84000015258789,212400,0,0,0.005966000702366525,1.3855878950152882,41.27799987792969,43.67295628557442,38.88304347028495,42.07500076293945,41.78499984741211,43.432498931884766,47.23499870300293,48.90999984741211
2021-09-29,44.18999862670898,44.290000915527344,43.83000183105469,44.08000183105469,109000,0,0,0.005474490821885336,1.3931732832294648,41.39850006103516,44.08800990990349,38.708990212166825,42.08500099182129,41.795000076293945,43.432498931884766,46.81999969482422,48.290000915527344
2021-09-30,44.11000061035156,44.52999877929688,42.959999084472656,43.0,155400,0,0,-0.024500947962615927,1.3590392171141528,41.4795000076294,44.25896735679893,38.70003265845987,42.204999923706055,41.91499900817871,43.432498931884766,46.81999969482422,49.95000076293945
2021-10-01,43.0099983215332,43.31999969482422,41.970001220703125,42.83000183105469,239300,0,0,-0.003953445789425913,1.3536663292435882,41.57800006866455,44.402424431647646,38.753575705681456,42.204999923706055,41.91499900817871,43.32999897003174,46.81999969482422,50.70000076293945
2021-10-04,42.810001373291016,43.34999847412109,42.36000061035156,43.11000061035156,109200,0,0,0.00653744495275399,1.3625158483554147,41.70350017547607,44.566162299154605,38.84083805179754,42.82499885559082,41.91499900817871,42.84749984741211,46.52499961853027,50.900001525878906
2021-10-05,43.16999816894531,43.88999938964844,42.650001525878906,43.13999938964844,145100,0,0,0.0006958658982174626,1.363463976670066,41.86550006866455,44.666980111844644,39.06402002548446,43.23499870300293,41.91499900817871,42.84749984741211,46.52499961853027,50.77000045776367
2021-10-06,42.720001220703125,42.84000015258789,42.13999938964844,42.790000915527344,138100,0,0,-0.008113084818565763,1.3524020777802828,41.98750019073486,44.725480574181255,39.24951980728847,43.25,41.91499900817871,42.84749984741211,46.385000228881836,51.400001525878906
2021-10-07,43.130001068115234,44.11000061035156,42.63999938964844,43.93000030517578,196800,0,0,0.026641723890096003,1.3884324005248971,42.1935001373291,44.86355176637359,39.523448508284616,43.25,41.91499900817871,42.704999923706055,46.05500030517578,50.7400016784668
2021-10-08,43.970001220703125,44.310001373291016,43.68999862670898,44.11000061035156,79100,0,0,0.004097434644328324,1.3941214115441158,42.42500019073486,44.90821547343165,39.94178490803807,43.25,41.91499900817871,42.579999923706055,45.93000030517578,50.65999984741211
2021-10-11,44.38999938964844,44.54999923706055,43.900001525878906,44.08000183105469,191500,0,0,-0.0006800902036223633,1.3931732832294645,42.61900024414062,44.9784504700219,40.25955001825935,43.260000228881836,41.92499923706055,42.54999923706055,45.46999931335449,50.59000015258789
2021-10-12,43.97999954223633,44.380001068115234,43.66999816894531,44.16999816894531,98900,0,0,0.0020416591232357284,1.3960176681734182,42.82950019836426,44.93773936440793,40.721261032320584,43.260000228881836,41.92499923706055,42.247498512268066,45.21999931335449,49.310001373291016
2021-10-13,44.16999816894531,44.2599983215332,43.459999084472656,44.18999862670898,107200,0,0,0.0004528063978441743,1.3966497939050706,42.98850021362305,45.000295251589435,40.97670517565666,43.260000228881836,41.92499923706055,42.0074987411499,44.97999954223633,48.36000061035156
2021-10-14,44.560001373291016,44.97999954223633,44.380001068115234,44.88999938964844,176500,0,0,0.015840705695708612,1.4187737122502928,43.18800010681152,45.12074852753447,41.25525168608858,43.55999946594238,42.13999938964844,41.5600004196167,44.86000061035156,48.25
2021-10-15,45.68999862670898,45.79999923706055,44.68000030517578,44.97999954223633,194200,0,0,0.002004904295201282,1.4216182177599022,43.352000045776364,45.3086200729565,41.39538001859623,43.96999931335449,42.54999923706055,41.5600004196167,44.86000061035156,49.720001220703125
2021-10-18,44.90999984741211,45.20000076293945,44.209999084472656,44.27999877929688,272800,0,0,-0.015562489329999707,1.3994942994146804,43.49650001525879,45.268428602648136,41.72457142786944,43.96999931335449,42.54999923706055,41.45249938964844,44.579999923706055,46.59000015258789
2021-10-19,44.34000015258789,44.34000015258789,42.06999969482422,43.040000915527344,167600,0,0,-0.028003565897777305,1.3603034685774578,43.56400012969971,45.1462789320684,41.981721327331016,43.93499946594238,42.54999923706055,41.40749931335449,44.14500045776367,46.52999877929688
2021-10-20,43.060001373291016,44.31999969482422,43.060001373291016,43.79999923706055,120100,0,0,0.017657953191609232,1.3843236435519821,43.638000106811525,45.114424091510365,42.161576122112685,43.93499946594238,42.84000015258789,41.32749938964844,44.079999923706055,45.630001068115234
2021-10-21,43.959999084472656,44.43000030517578,43.720001220703125,44.16999816894531,201200,0,0,0.008447464345426203,1.396017668173418,43.70750007629395,45.14578873649201,42.269211416095885,43.93499946594238,42.84000015258789,41.17749881744385,43.46999931335449,44.40999984741211
2021-10-22,44.2400016784668,45.41999816894531,44.060001373291016,45.27000045776367,104900,0,0,0.0249038336975016,1.4307838600203828,43.864000129699704,45.266308312749,42.46169194665041,43.93499946594238,42.84000015258789,41.07249927520752,43.34499931335449,43.34999847412109
2021-10-25,45.380001068115234,45.91999816894531,44.4900016784668,45.810001373291016,102800,0,0,0.011928449526550366,1.447850893078039,43.97550010681152,45.60815524245332,42.342844971169725,43.994998931884766,42.89999961853027,41.22749900817871,43.34499931335449,42.84999847412109
2021-10-26,46.209999084472656,46.63999938964844,45.29999923706055,45.38999938964844,166900,0,0,-0.009168346890455537,1.4345764938446437,44.05300006866455,45.797163168756356,42.30883696857275,44.35499954223633,43.260000228881836,41.15499973297119,43.18000030517578,44.40999984741211
2021-10-27,45.41999816894531,45.41999816894531,44.220001220703125,44.560001373291016,115200,0,0,-0.01828592261551587,1.4083439390921624,44.077000045776366,45.835295002703276,42.318705088849455,44.35499954223633,43.8799991607666,41.15499973297119,43.18000030517578,45.02999877929688
2021-10-28,44.810001373291016,45.93999862670898,44.810001373291016,45.86000061035156,82000,0,0,0.029174129196498644,1.4494311471243428,44.22000007629394,46.06855706868662,42.37144308390126,44.35499954223633,44.28999900817871,41.39249897003174,43.13999938964844,46.369998931884766
2021-10-29,45.68999862670898,46.38999938964844,45.150001525878906,46.20000076293945,296300,0,0,0.007413871523393345,1.4601770434311274,44.38850002288818,46.31317288128488,42.463827164491484,44.35499954223633,44.30500030517578,41.48249912261963,43.05500030517578,46.52000045776367
2021-11-01,46.5,48.02999877929688,45.75,47.77999877929688,153300,0,0,0.034199090698389556,1.5101137705751349,44.62199993133545,46.962733784995784,42.28126607767512,45.545000076293945,45.0,41.48249912261963,43.05500030517578,46.15999984741211
2021-11-02,48.04999923706055,48.310001373291016,47.2599983215332,47.86000061035156,94200,0,0,0.001674379093733691,1.5126422735017453,44.85799999237061,47.490417812861445,42.22558217187977,46.01500129699707,45.14000129699707,41.797499656677246,43.03499984741211,45.31999969482422
2021-11-03,47.63999938964844,49.130001068115234,47.45000076293945,48.90999984741211,121500,0,0,0.021938972496240217,1.5458280907367503,45.16399993896484,48.164996563713686,42.163003314216,46.595001220703125,45.55000114440918,41.93000030517578,43.03499984741211,45.369998931884766
2021-11-04,49.06999969482422,49.22999954223633,48.0099983215332,48.290000915527344,115400,0,0,-0.012676322507033766,1.526232675318139,45.38199996948242,48.619543835650326,42.14445610331452,46.72500038146973,45.60000038146973,41.94000053405762,43.03499984741211,45.40999984741211
2021-11-05,48.59000015258789,50.130001068115234,48.59000015258789,49.95000076293945,150400,0,0,0.03437564332036169,1.5786979053887567,45.67399997711182,49.419500582867585,41.928499371356054,47.17500114440918,46.05000114440918,42.05999946594238,43.03499984741211,44.47999954223633
2021-11-08,50.06999969482422,50.7599983215332,49.790000915527344,50.70000076293945,106100,0,0,0.015015014785674685,1.6024020777802825,46.00499992370605,50.26873638320767,41.74126346420444,47.489999771118164,46.41499900817871,42.05999946594238,43.03499984741211,44.880001068115234
2021-11-09,50.63999938964844,51.119998931884766,50.08000183105469,50.900001525878906,204400,0,0,0.00394478816429622,1.6087232145311539,46.34150009155273,51.019684804785214,41.66331537832025,47.96500015258789,46.59499931335449,42.369998931884766,42.260000228881836,44.54999923706055
2021-11-10,50.900001525878906,51.630001068115234,50.470001220703125,50.77000045776367,188900,0,0,-0.002554048412928611,1.604614457558239,46.67050018310547,51.61792816865995,41.723072197550984,48.39000129699707,46.85000038146973,42.57499885559082,42.260000228881836,45.0099983215332
2021-11-11,50.91999816894531,51.59000015258789,50.11000061035156,51.400001525878906,92800,0,0,0.012408923821841222,1.6245259961255043,46.99600028991699,52.280906757968985,41.711093821865,48.69000053405762,46.85000038146973,42.582499504089355,42.260000228881836,44.38999938964844
2021-11-12,52.040000915527344,52.040000915527344,50.560001373291016,50.7400016784668,129900,0,0,-0.012840463576247463,1.6036663292435875,47.284000396728516,52.72525741974475,41.84274337371228,49.64999961853027,47.05500030517578,42.582499504089355,41.97500038146973,46.56999969482422
2021-11-15,50.86000061035156,51.02999877929688,50.09999847412109,50.65999984741211,125900,0,0,-0.001576701387627999,1.6011378263169769,47.603000450134275,53.050535992622386,42.15546490764616,49.7450008392334,47.05500030517578,42.582499504089355,41.97500038146973,46.900001525878906
2021-11-16,50.77000045776367,50.81999969482422,50.31999969482422,50.59000015258789,137600,0,0,-0.0013817547381574924,1.5989254465390201,47.98050041198731,53.14708213681394,42.81391868716067,50.02499961853027,47.05500030517578,42.59249973297119,41.97500038146973,46.83000183105469
2021-11-17,50.34000015258789,50.34000015258789,49.209999084472656,49.310001373291016,160300,0,0,-0.02530141876726988,1.5584703642384925,48.25600051879883,53.07372237834194,43.438278659255715,50.31500053405762,47.05500030517578,42.59249973297119,41.92499923706055,47.58000183105469
2021-11-18,49.560001373291016,49.560001373291016,47.81999969482422,48.36000061035156,217700,0,0,-0.0192658839278399,1.5284450550960953,48.46550064086914,52.899405291456986,44.03159599028129,49.93000030517578,47.05500030517578,42.59249973297119,41.92499923706055,47.61000061035156
2021-11-19,48.33000183105469,49.09999847412109,48.08000183105469,48.25,122600,0,0,-0.002274619705608827,1.5249684238548333,48.61450061798096,52.799536174449386,44.42946506151253,49.93000030517578,47.05500030517578,42.84999942779541,42.13999938964844,48.22999954223633
2021-11-22,48.43000030517578,50.47999954223633,48.16999816894531,49.720001220703125,137500,0,0,0.0304663465430699,1.5714286403232338,48.810000610351565,52.81210083793503,44.8079003827681,49.93000030517578,47.05500030517578,43.25999927520752,42.54999923706055,47.90999984741211
2021-11-23,49.83000183105469,49.83000183105469,44.68000030517578,46.59000015258789,341800,0,0,-0.06295255412849665,1.4725031937842155,48.87000064849853,52.69541944071637,45.04458185628069,48.36000061035156,47.05500030517578,43.25999927520752,42.54999923706055,47.84999847412109
2021-11-24,46.47999954223633,46.83000183105469,45.52000045776367,46.52999877929688,138800,0,0,-0.0012878594783107822,1.4706068165892576,48.96850051879883,52.424772356299826,45.51222868129783,48.36000061035156,47.55000114440918,43.242499351501465,42.54999923706055,48.08000183105469
2021-11-26,45.34000015258789,46.130001068115234,44.38999938964844,45.630001068115234,153800,0,0,-0.01934231108516804,1.4421618820588196,48.95700054168701,52.45629878171205,45.45770230166197,47.709999084472656,47.880001068115234,43.38749980926514,42.54999923706055,47.79999923706055
2021-11-29,45.84000015258789,46.16999816894531,44.310001373291016,44.40999984741211,185100,0,0,-0.02673682209391015,1.4036030563875943,48.86750049591065,52.721868852383416,45.01313213943788,47.56500053405762,48.05000114440918,43.38749980926514,42.54999923706055,46.459999084472656
2021-11-30,43.43999862670898,44.060001373291016,42.5099983215332,43.34999847412109,284300,0,0,-0.023868529091039647,1.370101116003935,48.64600048065186,53.18184175591668,44.110159205387035,46.494998931884766,47.27499961853027,43.38749980926514,42.54999923706055,46.34999847412109
2021-12-01,44.18000030517578,45.09999847412109,42.77000045776367,42.84999847412109,221200,0,0,-0.011534025780842616,1.3542983344095842,48.395500373840335,53.59044748538814,43.20055326229253,46.494998931884766,47.27499961853027,43.44749927520752,42.60999870300293,45.84000015258789
2021-12-02,43.130001068115234,45.0,42.97999954223633,44.40999984741211,212000,0,0,0.036406101023158,1.403603056387594,48.17050037384033,53.64232439255917,42.6986763551215,46.494998931884766,47.27499961853027,43.80749988555908,42.96999931335449,45.790000915527344
2021-12-03,44.7599983215332,45.720001220703125,44.02999877929688,45.02999877929688,224300,0,0,0.013960795631952738,1.4231984718062056,48.00750026702881,53.648836584898284,42.366163949159336,46.494998931884766,47.27499961853027,44.117499351501465,42.96999931335449,45.59999847412109
2021-12-06,45.59999847412109,46.77000045776367,45.18000030517578,46.369998931884766,167100,0,0,0.02975794334695747,1.465549931301691,47.82850017547607,53.438699643274404,42.21830070767774,46.170000076293945,47.27499961853027,44.32249927520752,42.96999931335449,46.220001220703125
2021-12-07,46.619998931884766,47.11000061035156,46.15999984741211,46.52000045776367,138000,0,0,0.0032348830997226408,1.4702908140062587,47.619500160217285,53.09460087775469,42.144399442679884,44.80999946594238,47.27499961853027,44.329999923706055,42.96999931335449,44.95000076293945
2021-12-08,46.63999938964844,47.02000045776367,45.93999862670898,46.15999984741211,148800,0,0,-0.007738620094778659,1.4589127919678213,47.382500076293944,52.67441692547645,42.09058322711144,44.80999946594238,47.27499961853027,45.27250003814697,43.66499900817871,44.77000045776367
2021-12-09,45.68999862670898,46.52999877929688,45.290000915527344,45.31999969482422,104400,0,0,-0.018197577022630473,1.432364114066686,47.11000003814697,52.232894363745665,41.98710571254828,44.80999946594238,47.27499961853027,45.57750129699707,43.80500030517578,43.119998931884766
2021-12-10,45.65999984741211,46.11000061035156,45.20000076293945,45.369998931884766,85200,0,0,0.0011032488393034612,1.43394436811299,46.80849990844727,51.58002881946652,42.036970997428014,44.80999946594238,47.27499961853027,46.07250118255615,44.21500015258789,42.560001373291016
2021-12-13,45.18999862670898,45.970001220703125,44.869998931884766,45.40999984741211,137000,0,0,0.0008816600500123339,1.4352086195762954,46.54199981689453,50.986158713869365,42.0978409199197,44.94000053405762,47.27499961853027,46.16250038146973,44.26499938964844,41.77999877929688
2021-12-14,45.20000076293945,45.959999084472656,44.400001525878906,44.47999954223633,142100,0,0,-0.020480077258330565,1.4058154361655508,46.23299980163574,50.33121987272769,42.1347797305438,45.045000076293945,47.27499961853027,46.61250114440918,44.71500015258789,42.040000915527344
2021-12-15,44.33000183105469,45.04999923706055,44.02000045776367,44.880001068115234,214900,0,0,0.008992840152776571,1.4184577096672935,45.94749984741211,49.552728350961445,42.34227134386278,45.56500053405762,47.27499961853027,46.95249938964844,45.029998779296875,42.61000061035156
2021-12-16,45.09999847412109,45.31999969482422,43.52000045776367,44.54999923706055,531700,0,0,-0.00735298180037558,1.4080278159435073,45.709499740600585,49.0075984646006,42.41140101660057,45.31500053405762,47.27499961853027,47.27999973297119,45.209999084472656,42.36000061035156
2021-12-17,44.77000045776367,46.220001220703125,43.54999923706055,45.0099983215332,1566100,0,0,0.01032545661841433,1.4225663460745528,45.541999626159665,48.61486813415316,42.46913111816617,45.31500053405762,47.27499961853027,47.6200008392334,45.46500015258789,41.63999938964844
2021-12-20,44.59000015258789,44.70000076293945,42.9900016784668,44.38999938964844,281000,0,0,-0.013774693512666802,1.4029709306559415,45.34899959564209,48.19109584264276,42.50690334864142,45.005001068115234,47.27499961853027,47.77000045776367,45.46500015258789,42.27999877929688
2021-12-21,44.540000915527344,46.709999084472656,44.2599983215332,46.56999969482422,233400,0,0,0.04911016749606323,1.4718710680525624,45.19149951934814,47.29284902929588,43.0901500094004,44.85000038146973,46.76999855041504,48.35249996185303,45.670000076293945,42.65999984741211
2021-12-22,46.40999984741211,47.18000030517578,46.02999877929688,46.900001525878906,168200,0,0,0.007086146300562701,1.4823009617763483,45.20699958801269,47.35396071888132,43.06003845714407,45.08500099182129,46.66499900817871,48.40000057220459,45.670000076293945,43.33000183105469
2021-12-23,47.02000045776367,47.27999877929688,46.7599983215332,46.83000183105469,85300,0,0,-0.001492530757927435,1.4800885819983918,45.22199974060059,47.40997350368433,43.03402597751685,45.135000228881836,46.494998931884766,48.53999996185303,45.670000076293945,43.86000061035156
2021-12-27,47.0099983215332,47.72999954223633,46.619998931884766,47.58000183105469,85400,0,0,0.016015374133567573,1.5037927543899174,45.319499778747556,47.735972212413735,42.90302734508138,45.36000061035156,46.494998931884766,48.6850004196167,45.670000076293945,43.650001525878906
2021-12-28,47.459999084472656,47.880001068115234,47.25,47.61000061035156,90100,0,0,0.0006304913438925919,1.5047408827045687,45.47949981689453,48.0542492183694,42.90475041541966,45.435001373291016,46.494998931884766,48.49250030517578,45.670000076293945,43.58000183105469
2021-12-29,47.84999847412109,48.34999847412109,47.720001220703125,48.22999954223633,95600,0,0,0.01302245166848337,1.52433629812318,45.723499870300294,48.36949930705913,43.07750043354146,45.670000076293945,46.494998931884766,48.49250030517578,45.670000076293945,41.84000015258789
2021-12-30,48.22999954223633,48.66999816894531,47.7599983215332,47.90999984741211,87300,0,0,-0.006634868294866703,1.514222527548048,45.97649993896484,48.434063208470654,43.51893666945903,45.829999923706055,46.170000076293945,48.49250030517578,45.670000076293945,41.08000183105469
2021-12-31,48.0099983215332,48.25,47.459999084472656,47.84999847412109,78400,0,0,-0.0012523768207497454,1.5123261503530898,46.14849987030029,48.625092881465804,43.67190685913478,45.829999923706055,45.58999824523926,47.70750045776367,45.670000076293945,41.91999816894531
2022-01-03,47.84999847412109,48.31999969482422,47.459999084472656,48.08000183105469,121700,0,0,0.004806757873942136,1.519595535984268,46.30100002288818,48.858504576596175,43.74349546918019,46.46499824523926,45.58999824523926,47.95500087738037,45.670000076293945,41.650001525878906
2022-01-04,47.91999816894531,48.630001068115234,47.720001220703125,47.79999923706055,130200,0,0,-0.005823681017692595,1.5107458963067861,46.372500038146974,49.01324113682575,43.7317589394682,47.349998474121094,45.58999824523926,47.795000076293945,45.96000099182129,41.119998931884766
2022-01-05,47.90999984741211,48.119998931884766,46.33000183105469,46.459999084472656,190700,0,0,-0.02803347644300702,1.4683944368113002,46.36949996948242,49.00969432295882,43.729305616006016,47.5,45.58999824523926,47.8075008392334,45.96000099182129,41.869998931884766
2022-01-06,46.59999847412109,47.09999847412109,46.25,46.34999847412109,98300,0,0,-0.0023676412509515687,1.464917805570038,46.378999900817874,49.01745854458221,43.740541257053536,47.459999084472656,45.71999931335449,46.88499927520752,45.96000099182129,
2022-01-07,46.16999816894531,46.619998931884766,45.650001525878906,45.84000015258789,122100,0,0,-0.011003200395312773,1.4487990213926891,46.40499992370606,49.01090070850486,43.79909913890725,47.15999984741211,45.82499885559082,46.88499927520752,45.96000099182129,
2022-01-10,45.720001220703125,46.0,44.720001220703125,45.790000915527344,120300,0,0,-0.0010907337891385982,1.4472187673463852,46.42600002288818,49.00453014781996,43.8474698979564,46.69499969482422,45.829999923706055,46.88499927520752,45.96000099182129,
2022-01-11,45.65999984741211,45.72999954223633,44.869998931884766,45.59999847412109,126000,0,0,-0.004149430827851908,1.4412136331785124,46.43549995422363,49.00020087863513,43.87079902981213,46.69499969482422,45.829999923706055,46.88499927520752,46.579999923706055,
2022-01-12,45.91999816894531,46.959999084472656,45.27999877929688,46.220001220703125,188700,0,0,0.013596551915103783,1.4608091691627794,46.522500038146966,48.92735015188171,44.11764992441222,46.67500114440918,45.829999923706055,46.72249984741211,46.989999771118164,
2022-01-13,46.16999816894531,46.400001525878906,44.86000061035156,44.95000076293945,110000,0,0,-0.027477291739983922,1.4206700894452502,46.52600002288818,48.921360541828896,44.13063950394746,46.67500114440918,45.829999923706055,46.04249954223633,47.005001068115234,
2022-01-14,44.54999923706055,45.13999938964844,44.09999847412109,44.77000045776367,238800,0,0,-0.004004456109468868,1.4149810784260315,46.53700008392333,48.89735093274893,44.176649235097734,46.364999771118164,45.829999923706055,46.04249954223633,47.005001068115234,
2022-01-18,44.380001068115234,44.380001068115234,42.84000015258789,43.119998931884766,219500,0,0,-0.03685507056082182,1.3628318509384123,46.44250011444091,49.16728183009092,43.7177183987909,45.47999954223633,45.7549991607666,46.04249954223633,47.005001068115234,
2022-01-19,43.20000076293945,43.29999923706055,42.36000061035156,42.560001373291016,164100,0,0,-0.012986956689826412,1.3451328127147593,46.35100021362304,49.44721843269426,43.25478199455182,44.72999954223633,45.51499938964844,46.04249954223633,47.005001068115234,
2022-01-20,42.5,43.18000030517578,41.619998931884766,41.77999877929688,197300,0,0,-0.018327128026918493,1.3204803914429268,46.11150016784668,49.795177004519275,42.42782333117408,44.28999900817871,45.14499855041504,46.107500076293945,47.005001068115234,
2022-01-21,41.47999954223633,43.02000045776367,41.459999084472656,42.040000915527344,227100,0,0,0.0062231245530648405,1.328697905388756,45.8685001373291,49.937492822631796,41.799507452026404,44.209999084472656,45.064998626708984,46.15999984741211,47.005001068115234,
2022-01-24,41.70000076293945,43.09999847412109,41.45000076293945,42.61000061035156,272000,0,0,0.013558508144886572,1.3467130667610632,45.65750007629394,49.93962079490409,41.3753793576838,44.204999923706055,45.05999946594238,46.420000076293945,47.05500030517578,
2022-01-25,42.13999938964844,42.83000183105469,40.88999938964844,42.36000061035156,187000,0,0,-0.005867167247570193,1.338811675963888,45.39650001525879,49.813773338048264,40.97922669246931,43.92499923706055,44.779998779296875,46.295000076293945,47.05500030517578,
2022-01-26,42.65999984741211,43.34999847412109,40.91999816894531,41.63999938964844,253000,0,0,-0.01699719571125735,1.3160556318870134,45.09799995422363,49.68215788502726,40.513842023420004,43.64500045776367,44.779998779296875,46.295000076293945,47.05500030517578,
2022-01-27,41.86000061035156,42.33000183105469,41.31999969482422,42.27999877929688,302800,0,0,0.015369822262954802,1.3362831730372775,44.80049991607666,49.30370482676424,40.29729500538908,43.01499938964844,44.779998779296875,46.140000343322754,47.05500030517578,
2022-01-28,42.27999877929688,42.66999816894531,41.119998931884766,42.65999984741211,317900,0,0,0.008987726563069343,1.3482933208073673,44.53799991607666,48.893642675187394,40.18235715696592,42.635000228881836,44.779998779296875,45.80999946594238,47.05500030517578,
2022-01-31,42.2599983215332,43.52000045776367,42.06999969482422,43.33000183105469,220300,0,0,0.01570562555178312,1.369469110837938,44.31200008392334,48.41593069816362,40.20806946968305,42.204999923706055,44.779998779296875,45.875,47.05500030517578,
2022-02-01,43.470001220703125,44.0,42.880001068115234,43.86000061035156,163000,0,0,0.012231681442418596,1.38622002074694,44.101000022888186,47.82025635031057,40.3817436954658,42.44499969482422,44.779998779296875,45.8149995803833,47.05500030517578,
2022-02-02,43.7599983215332,44.709999084472656,43.119998931884766,43.650001525878906,220300,0,0,-0.0047879407558214515,1.37958288141307,43.8935001373291,47.20007025729392,40.586930017364274,42.79999923706055,44.779998779296875,45.927499771118164,47.05500030517578,
2022-02-03,44.36000061035156,44.720001220703125,43.369998931884766,43.58000183105469,313500,0,0,-0.0016036584737051385,1.3773705016351134,43.7495002746582,46.83780406008857,40.661196489227834,42.80500030517578,44.779998779296875,45.96500015258789,47.05500030517578,
2022-02-04,43.52000045776367,43.93000030517578,41.380001068115234,41.84000015258789,381500,0,0,-0.03992660865899478,1.322376768637885,43.524000358581546,46.47389686667632,40.57410385048677,42.80500030517578,44.779998779296875,46.082499504089355,47.05500030517578,
2022-02-07,41.790000915527344,42.22999954223633,41.0099983215332,41.08000183105469,173800,0,0,-0.018164395763899055,1.2983565936633603,43.286000442504886,46.217897763227704,40.35410312178207,42.81999969482422,44.760000228881836,46.0,47.05500030517578,
2022-02-08,41.15999984741211,42.09999847412109,40.720001220703125,41.91999816894531,150700,0,0,0.020447816466639512,1.3249051509988399,43.09250030517578,45.84098339796746,40.3440172123841,42.720001220703125,44.67500114440918,45.709999084472656,47.05500030517578,
2022-02-09,42.34000015258789,42.459999084472656,41.43999862670898,41.650001525878906,159500,0,0,-0.006440759896464421,1.3163717550356675,42.89500045776368,45.45348967370875,40.336511241818606,42.720001220703125,44.67500114440918,46.02749824523926,47.27499961853027,
2022-02-10,40.970001220703125,41.72999954223633,40.880001068115234,41.119998931884766,236100,0,0,-0.012725151850590644,1.29962072456101,42.64000034332276,44.80439672603747,40.475603960608055,42.720001220703125,44.420000076293945,46.469998359680176,47.27499961853027,
2022-02-11,41.209999084472656,42.119998931884766,40.7599983215332,41.869998931884766,216400,0,0,0.018239300084671006,1.323324896952536,42.48600025177002,44.39117321301416,40.58082729052588,42.720001220703125,43.90999984741211,46.54499912261963,47.27499961853027,
